Time(ms);AccX(m/s^2);AccY(m/s^2);AccZ(m/s^2);MagX(gauss);MagY(gauss);MagZ(gauss);GyroX(dps);GyroY(dps);GyroZ(dps)
33;-1.90;3.37;9.30;-0.24;0.48;-0.46;23.66;40.18;23.66
42;-1.40;2.89;9.74;-0.24;0.48;-0.46;28.21;34.44;28.21
51;-1.74;2.18;9.68;-0.24;0.48;-0.46;31.78;32.34;31.78
59;-1.54;1.97;9.55;-0.24;0.50;-0.45;28.49;32.13;28.49
69;-1.50;1.18;10.07;-0.24;0.50;-0.45;23.73;39.48;23.73
77;-1.84;1.26;9.83;-0.24;0.50;-0.45;16.52;50.12;16.52
86;-1.95;1.24;9.62;-0.23;0.49;-0.51;10.85;54.46;10.85
95;-1.67;1.46;9.17;-0.23;0.49;-0.51;6.72;54.74;6.72
104;-1.56;1.91;9.01;-0.23;0.49;-0.51;7.00;51.94;7.00
112;-1.64;2.17;8.84;-0.22;0.49;-0.47;8.96;42.70;8.96
121;-1.11;2.48;8.89;-0.22;0.49;-0.47;13.51;32.34;13.51
130;-0.63;2.33;9.03;-0.22;0.49;-0.47;22.75;22.40;22.75
139;-0.32;2.35;8.99;-0.22;0.50;-0.46;34.16;10.85;34.16
147;-0.22;2.61;8.92;-0.22;0.50;-0.46;41.93;3.64;41.93
156;-0.27;2.84;9.08;-0.22;0.50;-0.46;39.76;1.12;39.76
165;-0.54;2.71;9.06;-0.22;0.51;-0.47;30.80;6.09;30.80
174;-0.84;2.52;8.98;-0.22;0.51;-0.47;19.39;14.28;19.39
183;-0.98;2.30;9.07;-0.22;0.51;-0.47;10.92;20.02;10.92
191;-1.11;2.13;9.04;-0.20;0.52;-0.46;7.77;23.31;7.77
200;-1.23;2.10;9.02;-0.20;0.52;-0.46;7.84;20.72;7.84
209;-1.21;2.05;8.87;-0.21;0.52;-0.47;7.35;16.66;7.35
218;-0.86;1.99;8.88;-0.21;0.52;-0.47;6.65;11.55;6.65
226;-0.65;1.95;8.85;-0.21;0.52;-0.47;7.56;6.65;7.56
235;-0.41;1.97;8.82;-0.20;0.51;-0.48;9.94;1.61;9.94
244;-0.53;1.87;8.97;-0.20;0.51;-0.48;10.22;-0.56;10.22
253;-0.62;1.87;9.20;-0.20;0.51;-0.48;8.40;-0.63;8.40
261;-0.60;2.09;9.48;-0.20;0.53;-0.46;6.58;2.52;6.58
270;-0.80;2.34;9.63;-0.20;0.53;-0.46;3.36;6.23;3.36
279;-1.31;2.60;9.96;-0.20;0.53;-0.46;-4.55;9.45;-4.55
288;-1.50;2.81;9.62;-0.19;0.51;-0.47;-14.98;15.12;-14.98
297;-1.36;1.31;10.45;-0.19;0.51;-0.47;-11.27;16.10;-11.27
305;-1.18;2.05;10.39;-0.19;0.51;-0.47;17.22;15.12;17.22
314;-1.43;2.10;10.16;-0.16;0.51;-0.46;6.44;15.68;6.44
323;-1.29;1.97;10.06;-0.16;0.51;-0.46;13.02;8.82;13.02
332;-1.17;1.98;9.75;-0.16;0.51;-0.46;17.99;3.36;17.99
340;-1.14;1.62;9.81;-0.19;0.52;-0.48;22.82;-3.57;22.82
349;-1.13;1.61;9.67;-0.19;0.52;-0.48;23.66;-5.25;23.66
358;-0.92;1.36;9.76;-0.19;0.52;-0.48;19.88;-4.83;19.88
367;-0.80;1.29;9.71;-0.19;0.52;-0.48;16.17;-2.31;16.17
375;-0.90;1.42;9.72;-0.19;0.52;-0.48;11.76;-0.98;11.76
384;-0.97;1.23;9.83;-0.19;0.52;-0.48;10.71;0.35;10.71
394;-1.03;0.94;10.04;-0.20;0.53;-0.48;10.57;2.45;10.57
402;-0.97;1.00;9.97;-0.20;0.53;-0.48;10.29;4.76;10.29
411;-0.99;0.98;9.99;-0.20;0.53;-0.48;10.85;4.83;10.85
420;-0.76;1.06;9.88;-0.19;0.53;-0.48;14.35;2.87;14.35
429;-0.67;1.11;9.63;-0.19;0.53;-0.48;15.89;0.63;15.89
437;-0.31;1.16;9.46;-0.19;0.53;-0.48;11.41;-3.78;11.41
446;-0.14;1.02;9.36;-0.19;0.53;-0.48;5.11;-3.50;5.11
455;-0.04;1.18;9.46;-0.19;0.53;-0.48;-1.75;-0.49;-1.75
464;0.25;1.32;9.72;-0.19;0.53;-0.48;-0.91;-1.33;-0.91
472;0.45;1.55;9.81;-0.19;0.52;-0.48;-1.40;0.35;-1.40
481;0.46;1.54;9.91;-0.19;0.52;-0.48;-1.68;0.49;-1.68
490;0.60;1.72;9.87;-0.19;0.52;-0.48;-1.19;-5.32;-1.19
499;0.57;1.74;9.83;-0.19;0.52;-0.49;0.35;-9.94;0.35
508;0.52;1.49;9.78;-0.19;0.52;-0.49;2.03;-15.68;2.03
516;0.64;1.18;9.73;-0.20;0.52;-0.47;0.91;-20.16;0.91
525;0.85;0.99;9.96;-0.20;0.52;-0.47;-0.35;-19.32;-0.35
534;0.68;0.59;10.21;-0.20;0.52;-0.47;-3.71;-13.16;-3.71
543;0.45;0.56;10.28;-0.19;0.52;-0.47;-10.43;-7.49;-10.43
551;0.81;0.46;10.54;-0.19;0.52;-0.47;-17.43;-3.15;-17.43
560;1.21;0.60;10.95;-0.19;0.52;-0.47;-23.38;5.46;-23.38
569;1.88;0.99;10.89;-0.19;0.51;-0.48;-26.67;7.63;-26.67
578;3.14;1.37;10.86;-0.19;0.51;-0.48;-25.55;7.21;-25.55
586;4.66;1.98;11.12;-0.19;0.51;-0.48;-21.98;7.49;-21.98
595;6.37;2.61;11.62;-0.19;0.51;-0.47;-16.87;12.95;-16.87
604;7.53;2.94;11.52;-0.19;0.51;-0.47;-20.72;12.25;-20.72
613;9.20;3.76;11.74;-0.19;0.51;-0.47;-27.09;13.58;-27.09
622;10.91;4.39;11.89;-0.19;0.51;-0.48;-31.22;22.75;-31.22
630;12.00;4.72;11.44;-0.19;0.51;-0.48;-33.53;27.51;-33.53
639;13.61;5.05;10.61;-0.19;0.51;-0.48;-30.59;29.89;-30.59
648;14.82;4.95;9.97;-0.19;0.50;-0.48;-25.76;38.01;-25.76
657;15.56;5.05;9.02;-0.19;0.50;-0.48;-23.45;46.13;-23.45
665;15.22;4.95;7.80;-0.19;0.50;-0.48;-23.38;40.46;-23.38
674;14.49;5.04;3.83;-0.18;0.49;-0.48;-21.70;18.76;-21.70
683;13.22;5.94;2.07;-0.18;0.49;-0.48;-11.48;-10.71;-11.48
692;9.94;6.04;-1.39;-0.18;0.49;-0.48;-3.01;-56.14;-3.01
701;5.08;8.31;-4.87;-0.17;0.48;-0.47;1.12;-112.28;1.12
709;-1.29;9.65;-8.85;-0.17;0.48;-0.47;9.38;-180.81;9.38
718;-8.52;9.96;-11.40;-0.17;0.48;-0.47;24.92;-256.34;24.92
727;-14.11;10.04;-12.94;-0.19;0.48;-0.45;42.49;-333.62;42.49
736;-20.35;11.36;-11.21;-0.19;0.48;-0.45;44.59;-384.02;44.59
745;-30.85;12.66;-7.41;-0.19;0.48;-0.45;9.17;-409.57;9.17
753;-35.23;14.64;-6.21;-0.25;0.50;-0.40;-76.16;-396.62;-76.16
762;-47.42;15.79;2.38;-0.25;0.50;-0.40;-118.02;-381.85;-118.02
771;-54.45;2.07;22.49;-0.25;0.50;-0.40;-145.25;-343.00;-145.25
780;-56.77;-17.80;47.16;-0.33;0.47;-0.35;-109.13;-312.97;-109.13
789;-53.01;-59.62;67.28;-0.33;0.47;-0.35;96.67;-53.13;96.67
798;-29.55;-55.12;37.10;-0.33;0.47;-0.35;232.33;242.27;232.33
806;-14.34;-8.64;-1.32;-0.35;0.46;-0.33;156.45;310.87;156.45
815;-1.96;10.30;-15.35;-0.35;0.46;-0.33;-81.34;160.37;-81.34
824;4.19;16.50;-14.85;-0.30;0.48;-0.34;-296.87;149.31;-296.87
833;1.46;22.49;-12.84;-0.30;0.48;-0.34;-282.94;113.75;-282.94
841;4.58;25.15;-9.23;-0.30;0.48;-0.34;-86.31;12.81;-86.31
850;3.47;25.47;-5.82;-0.30;0.48;-0.35;11.34;-12.81;11.34
859;0.38;21.34;-3.29;-0.30;0.48;-0.35;-3.29;-31.15;-3.29
868;-3.10;10.48;1.64;-0.30;0.48;-0.35;-19.60;-64.89;-19.60
877;-7.09;2.66;6.80;-0.32;0.46;-0.34;-2.73;-72.80;-2.73
886;-10.00;-2.78;11.84;-0.32;0.46;-0.34;16.87;-59.36;16.87
895;-11.54;-6.01;14.77;-0.32;0.46;-0.34;15.26;-27.86;15.26
903;-11.00;-5.58;14.57;-0.32;0.46;-0.32;-4.76;-0.35;-4.76
912;-9.27;-2.61;11.31;-0.32;0.46;-0.32;-23.31;14.56;-23.31
921;-7.20;0.88;8.72;-0.32;0.46;-0.32;-40.67;19.46;-40.67
930;-5.95;3.92;6.73;-0.32;0.46;-0.34;-49.07;16.31;-49.07
938;-4.58;5.96;5.28;-0.32;0.46;-0.34;-36.61;5.81;-36.61
947;-3.70;6.91;4.51;-0.32;0.46;-0.34;-17.99;-6.02;-17.99
956;-3.48;6.82;4.68;-0.33;0.47;-0.32;-0.91;-18.69;-0.91
965;-3.57;5.69;5.13;-0.33;0.47;-0.32;7.98;-30.94;7.98
973;-4.42;4.15;6.04;-0.33;0.47;-0.32;7.00;-38.92;7.00
982;-5.42;2.69;7.71;-0.32;0.47;-0.32;1.54;-44.66;1.54
991;-6.32;1.62;9.30;-0.32;0.47;-0.32;-3.08;-42.28;-3.08
1000;-7.16;0.93;10.06;-0.32;0.47;-0.32;-5.53;-31.57;-5.53
1009;-7.01;1.61;10.11;-0.34;0.46;-0.37;-5.32;-19.39;-5.32
1017;-6.54;2.74;9.25;-0.34;0.46;-0.37;-0.49;-6.30;-0.49
1026;-5.80;3.63;8.23;-0.34;0.46;-0.37;4.76;1.47;4.76
1035;-5.30;4.25;6.92;-0.35;0.47;-0.31;6.58;5.88;6.58
1044;-4.70;4.70;5.66;-0.35;0.47;-0.31;7.49;3.36;7.49
1052;-4.37;4.61;4.56;-0.35;0.47;-0.31;8.05;-5.39;8.05
1061;-4.21;4.25;4.67;-0.34;0.48;-0.32;6.37;-18.20;6.37
1070;-4.76;3.74;5.46;-0.34;0.48;-0.32;-0.77;-26.81;-0.77
1078;-5.70;3.14;6.63;-0.34;0.48;-0.32;-13.51;-28.28;-13.51
1087;-6.55;2.78;7.98;-0.35;0.47;-0.30;-19.95;-25.48;-19.95
1096;-6.91;2.92;8.70;-0.35;0.47;-0.30;-17.99;-19.32;-17.99
1105;-6.73;3.37;8.33;-0.35;0.47;-0.30;-7.00;-12.32;-7.00
1114;-6.40;3.98;7.75;-0.35;0.47;-0.31;4.20;-9.59;4.20
1122;-6.00;4.19;7.06;-0.35;0.47;-0.31;12.04;-8.05;12.04
1131;-5.74;4.33;6.75;-0.35;0.48;-0.32;16.80;-8.96;16.80
1140;-5.62;4.03;6.29;-0.35;0.48;-0.32;20.58;-11.55;20.58
1149;-5.58;3.65;6.22;-0.35;0.48;-0.32;16.87;-14.77;16.87
1157;-5.79;3.25;6.36;-0.37;0.48;-0.31;9.94;-17.15;9.94
1166;-6.01;3.07;6.53;-0.37;0.48;-0.31;1.33;-17.01;1.33
1175;-6.51;2.67;6.89;-0.37;0.48;-0.31;-5.11;-18.62;-5.11
1184;-7.15;2.42;7.57;-0.35;0.49;-0.31;-7.70;-16.03;-7.70
1192;-7.70;2.44;8.38;-0.35;0.49;-0.31;-3.78;-9.66;-3.78
1201;-7.92;2.46;8.84;-0.35;0.49;-0.31;6.16;-0.91;6.16
1210;-8.02;2.81;8.84;-0.35;0.48;-0.30;20.37;8.96;20.37
1219;-8.16;3.24;8.64;-0.35;0.48;-0.30;34.16;17.22;34.16
1228;-7.72;3.50;7.97;-0.35;0.48;-0.30;44.52;22.19;44.52
1237;-7.12;3.41;7.24;-0.34;0.49;-0.31;48.23;27.23;48.23
1245;-6.88;3.49;6.58;-0.34;0.49;-0.31;43.19;32.20;43.19
1254;-6.52;2.98;5.83;-0.34;0.49;-0.31;33.04;32.62;33.04
1263;-6.25;2.25;5.50;-0.29;0.50;-0.36;17.71;30.73;17.71
1272;-6.57;2.12;5.56;-0.29;0.50;-0.36;-3.15;29.05;-3.15
1280;-7.09;2.14;5.93;-0.29;0.50;-0.36;-19.88;28.84;-19.88
1289;-7.80;2.20;6.47;-0.32;0.50;-0.41;-32.69;29.82;-32.69
1298;-8.52;2.17;7.01;-0.32;0.50;-0.41;-38.78;33.18;-38.78
1307;-9.17;2.36;7.57;-0.32;0.50;-0.41;-35.07;38.85;-35.07
1316;-9.05;2.65;7.75;-0.33;0.49;-0.36;-24.92;45.15;-24.92
1325;-8.98;2.91;7.86;-0.33;0.49;-0.36;-10.43;51.73;-10.43
1333;-8.03;3.08;7.44;-0.33;0.49;-0.36;-1.89;56.49;-1.89
1342;-7.49;3.29;7.13;-0.32;0.50;-0.34;1.68;58.94;1.68
1351;-5.56;3.45;6.81;-0.32;0.50;-0.34;-1.26;59.50;-1.26
1360;-7.06;3.36;6.58;-0.32;0.50;-0.34;-9.10;60.20;-9.10
1368;-7.13;3.17;6.38;-0.30;0.50;-0.34;-18.34;63.35;-18.34
1377;-7.34;2.97;6.30;-0.30;0.50;-0.34;-24.78;66.85;-24.78
1386;-7.38;2.81;6.48;-0.30;0.50;-0.34;-24.71;66.99;-24.71
1395;-7.19;2.96;6.50;-0.29;0.48;-0.36;-17.78;65.59;-17.78
1404;-7.18;3.19;6.61;-0.29;0.48;-0.36;-7.70;63.63;-7.70
1412;-7.06;3.21;6.89;-0.29;0.48;-0.36;3.78;56.21;3.78
1421;-6.65;2.90;7.13;-0.28;0.48;-0.38;11.62;47.46;11.62
1430;-6.30;2.83;7.33;-0.28;0.48;-0.38;14.70;42.07;14.70
1439;-6.25;2.84;7.77;-0.28;0.48;-0.38;10.50;46.41;10.50
1447;-5.92;3.08;7.72;-0.27;0.48;-0.38;2.31;51.94;2.31
1456;-5.51;3.31;7.53;-0.27;0.48;-0.38;-9.10;60.34;-9.10
1465;-5.74;3.42;7.43;-0.26;0.47;-0.41;-17.92;63.49;-17.92
1474;-5.53;3.34;9.15;-0.26;0.47;-0.41;-18.34;60.55;-18.34
1482;-4.93;3.19;7.30;-0.26;0.47;-0.41;-14.98;58.66;-14.98
1491;-5.00;3.24;7.43;-0.25;0.46;-0.40;-15.89;59.78;-15.89
1500;-4.44;3.35;7.23;-0.25;0.46;-0.40;-12.32;57.12;-12.32
1509;-4.04;3.51;7.45;-0.25;0.46;-0.40;-5.32;51.94;-5.32
1518;-4.18;3.96;7.91;-0.27;0.46;-0.42;0.84;48.30;0.84
1526;-3.74;4.28;8.21;-0.27;0.46;-0.42;9.31;40.74;9.31
1535;-3.04;4.62;8.60;-0.27;0.46;-0.42;20.23;35.98;20.23
1544;-2.66;4.77;8.69;-0.25;0.46;-0.42;30.24;35.28;30.24
1553;-2.36;4.62;8.59;-0.25;0.46;-0.42;38.01;35.98;38.01
1561;-1.90;4.14;8.28;-0.25;0.46;-0.42;44.73;39.13;44.73
1570;-2.09;3.56;8.03;-0.25;0.47;-0.44;46.34;44.66;46.34
1579;-2.05;2.66;7.67;-0.25;0.47;-0.44;41.02;47.88;41.02
1588;-2.40;2.07;7.31;-0.25;0.47;-0.44;34.16;50.96;34.16
1597;-2.56;1.62;7.21;-0.21;0.48;-0.54;24.29;45.22;24.29
1605;-2.35;1.62;7.19;-0.21;0.48;-0.54;22.61;39.48;22.61
1614;-2.57;2.08;7.59;-0.21;0.48;-0.54;22.68;28.56;22.68
1623;-2.21;2.39;7.98;-0.24;0.48;-0.44;27.72;22.26;27.72
1632;-1.87;2.72;8.55;-0.24;0.48;-0.44;36.82;17.71;36.82
1641;-1.66;3.10;8.94;-0.24;0.48;-0.44;47.67;17.15;47.67
1649;-1.03;3.34;8.87;-0.23;0.49;-0.50;62.93;13.72;62.93
1658;-0.28;2.80;9.19;-0.23;0.49;-0.50;66.50;16.94;66.50
1667;-0.16;2.31;9.24;-0.23;0.49;-0.50;58.10;29.89;58.10
1676;-0.52;1.66;8.92;-0.23;0.51;-0.45;45.22;39.90;45.22
1684;-1.18;0.75;8.62;-0.23;0.51;-0.45;32.34;43.26;32.34
1693;-1.53;0.11;8.74;-0.23;0.51;-0.45;19.32;39.13;19.32
1702;-1.20;-0.09;8.55;-0.22;0.51;-0.45;14.14;30.38;14.14
1711;-1.01;0.19;8.40;-0.22;0.51;-0.45;14.91;21.21;14.91
1720;-1.07;0.90;8.51;-0.22;0.51;-0.45;17.29;9.03;17.29
1729;-0.57;1.49;8.56;-0.22;0.52;-0.47;23.52;0.49;23.52
1737;-0.61;2.12;8.73;-0.22;0.52;-0.47;29.89;-1.26;29.89
1746;-0.90;2.30;9.17;-0.22;0.52;-0.46;28.91;-1.19;28.91
1755;-0.14;2.32;9.42;-0.22;0.52;-0.46;28.35;-2.31;28.35
1763;0.30;2.34;9.66;-0.22;0.52;-0.46;30.17;1.19;30.17
1772;0.41;2.34;9.57;-0.23;0.52;-0.47;31.92;4.34;31.92
1781;0.57;2.31;9.50;-0.23;0.52;-0.47;33.11;3.78;33.11
1790;0.36;2.15;9.29;-0.23;0.52;-0.47;33.39;0.14;33.39
1798;0.22;1.87;9.26;-0.23;0.54;-0.46;33.60;-3.92;33.60
1807;0.07;1.62;9.25;-0.23;0.54;-0.46;34.09;-8.26;34.09
1816;0.39;1.49;9.43;-0.23;0.54;-0.46;36.75;-11.48;36.75
1825;0.33;1.55;9.32;-0.23;0.55;-0.46;43.40;-13.65;43.40
1834;0.28;1.51;9.31;-0.23;0.55;-0.46;48.02;-16.03;48.02
1842;0.21;1.51;9.38;-0.23;0.55;-0.46;51.17;-18.27;51.17
1851;0.06;1.16;9.46;-0.23;0.56;-0.46;52.78;-19.88;52.78
1860;0.21;0.83;9.65;-0.23;0.56;-0.46;46.62;-16.03;46.62
1869;-0.26;1.01;9.50;-0.23;0.56;-0.46;37.66;-7.77;37.66
1877;-1.84;1.06;12.20;-0.22;0.57;-0.46;42.56;4.62;42.56
1886;-1.00;0.57;10.07;-0.22;0.57;-0.46;39.27;-1.33;39.27
1895;-1.21;0.85;10.30;-0.22;0.57;-0.46;46.34;-4.69;46.34
1904;-1.17;0.59;10.36;-0.18;0.57;-0.45;56.49;-10.08;56.49
1913;-1.14;-0.05;10.52;-0.18;0.57;-0.45;66.57;-11.69;66.57
1922;-2.08;0.75;10.20;-0.18;0.57;-0.45;82.32;-17.92;82.32
1930;-2.23;0.41;10.08;-0.23;0.58;-0.46;95.13;-25.48;95.13
1939;-2.00;0.24;9.86;-0.23;0.58;-0.46;104.16;-30.52;104.16
1948;-2.21;0.24;9.81;-0.23;0.58;-0.46;108.64;-27.37;108.64
1957;-2.81;0.01;9.60;-0.24;0.62;-0.45;102.20;-21.14;102.20
1965;-2.75;-0.48;9.20;-0.24;0.62;-0.45;99.05;-18.55;99.05
1974;-3.05;-1.26;9.17;-0.24;0.62;-0.45;108.01;-20.58;108.01
1983;-3.60;-2.25;9.36;-0.25;0.63;-0.43;126.21;-26.81;126.21
1992;-3.63;-2.30;9.22;-0.25;0.63;-0.43;164.57;-41.37;164.57
2000;-3.64;-2.33;9.20;-0.25;0.63;-0.43;201.95;-55.79;201.95
2009;-3.68;-2.12;9.00;-0.24;0.68;-0.42;233.38;-64.89;233.38
2018;-3.47;-2.09;8.88;-0.24;0.68;-0.42;252.63;-71.05;252.63
2027;-3.58;-2.56;8.37;-0.24;0.68;-0.42;257.74;-70.21;257.74
2036;-5.49;-3.11;8.00;-0.25;0.73;-0.40;254.38;-72.17;254.38
2044;-3.80;-4.48;8.08;-0.25;0.73;-0.40;233.10;-71.26;233.10
2053;-3.55;-3.77;8.10;-0.25;0.73;-0.40;243.81;-71.89;243.81
2062;-3.43;-4.23;8.13;-0.26;0.78;-0.35;239.75;-73.01;239.75
2071;-3.52;-4.68;8.04;-0.26;0.78;-0.35;244.51;-78.82;244.51
2079;-3.78;-4.78;8.00;-0.26;0.82;-0.33;249.83;-90.58;249.83
2088;-3.75;-4.90;7.97;-0.26;0.82;-0.33;253.89;-99.40;253.89
2097;-3.34;-5.09;7.85;-0.26;0.82;-0.33;252.21;-101.64;252.21
2106;-3.24;-5.58;7.23;-0.25;0.86;-0.27;247.59;-101.99;247.59
2115;-3.46;-5.72;6.83;-0.25;0.86;-0.27;245.98;-104.44;245.98
2124;-3.56;-6.74;6.73;-0.25;0.86;-0.27;244.79;-111.79;244.79
2133;-3.63;-6.93;6.27;-0.25;0.90;-0.21;257.95;-124.25;257.95
2141;-4.14;-7.41;6.24;-0.25;0.90;-0.21;273.00;-134.19;273.00
2150;-3.90;-7.75;6.26;-0.25;0.90;-0.21;275.66;-135.31;275.66
2159;-4.04;-7.96;6.34;-0.24;0.92;-0.15;268.17;-121.38;268.17
2168;-4.01;-7.90;5.76;-0.24;0.92;-0.15;248.22;-99.96;248.22
2176;-3.12;-8.65;5.60;-0.24;0.92;-0.15;210.14;-77.84;210.14
2185;-4.11;-8.45;5.13;-0.22;0.94;-0.08;182.21;-55.58;182.21
2194;-4.35;-9.45;4.77;-0.22;0.94;-0.08;169.82;-45.57;169.82
2203;-4.19;-10.00;4.15;-0.22;0.94;-0.08;161.84;-43.61;161.84
2211;-4.16;-10.19;3.74;-0.20;0.96;-0.05;167.79;-49.98;167.79
2220;-3.98;-10.21;3.25;-0.20;0.96;-0.05;180.32;-63.07;180.32
2229;-3.45;-9.84;2.82;-0.20;0.96;-0.05;195.44;-76.23;195.44
2238;-2.52;-10.40;1.95;-0.18;0.96;-0.01;192.92;-82.04;192.92
2247;-3.17;-9.38;2.30;-0.18;0.96;-0.01;202.58;-85.82;202.58
2256;-2.68;-9.01;1.79;-0.18;0.96;-0.01;186.48;-87.64;186.48
2264;-2.23;-9.44;1.69;-0.14;0.96;0.05;166.11;-75.25;166.11
2273;-2.42;-10.08;1.44;-0.14;0.96;0.05;149.45;-66.36;149.45
2282;-2.34;-9.99;1.54;-0.14;0.96;0.05;145.74;-59.15;145.74
2291;-2.33;-9.47;1.72;-0.11;0.96;0.09;137.55;-44.10;137.55
2300;-2.27;-9.26;1.55;-0.11;0.96;0.09;113.75;-28.28;113.75
2308;-2.05;-9.76;1.22;-0.11;0.96;0.09;84.28;-13.72;84.28
2317;-2.02;-10.61;0.42;-0.08;0.95;0.12;60.97;-10.50;60.97
2326;-1.70;-10.70;0.95;-0.08;0.95;0.12;46.97;-9.31;46.97
2335;-1.97;-10.42;0.17;-0.08;0.95;0.12;42.98;-27.44;42.98
2344;-1.43;-10.27;0.55;-0.07;0.95;0.13;41.09;-36.40;41.09
2352;-1.08;-9.96;0.88;-0.07;0.95;0.13;33.81;-24.78;33.81
2361;-1.13;-9.51;1.04;-0.07;0.95;0.12;16.73;-7.70;16.73
2370;-1.06;-9.56;1.02;-0.05;0.95;0.12;-3.99;8.54;-3.99
2378;-0.76;-9.92;0.80;-0.05;0.95;0.12;-20.23;21.98;-20.23
2387;-0.86;-10.13;0.58;-0.04;0.95;0.13;-26.18;24.85;-26.18
2396;-0.73;-10.12;0.58;-0.04;0.95;0.13;-21.98;11.55;-21.98
2405;-0.53;-9.97;0.92;-0.04;0.95;0.13;-8.89;0.42;-8.89
2414;-0.65;-9.93;1.23;-0.04;0.96;0.13;3.29;-5.18;3.29
2422;-0.41;-9.91;1.20;-0.04;0.96;0.13;7.84;-5.39;7.84
2431;-0.33;-9.99;1.30;-0.04;0.96;0.13;1.19;3.08;1.19
2440;-0.54;-10.19;1.12;-0.04;0.95;0.12;-10.57;12.32;-10.57
2449;-0.45;-10.34;1.01;-0.04;0.95;0.12;-24.99;18.69;-24.99
2457;-0.14;-10.36;0.95;-0.04;0.95;0.12;-37.52;21.98;-37.52
2466;-0.30;-10.41;1.10;-0.04;0.95;0.12;-44.87;20.93;-44.87
2475;-0.31;-10.49;1.26;-0.04;0.95;0.12;-41.30;16.52;-41.30
2484;-0.27;-10.34;1.62;-0.04;0.95;0.12;-28.63;11.34;-28.63
2493;-0.29;-10.21;1.82;-0.05;0.96;0.12;-12.18;6.58;-12.18
2501;-0.19;-10.16;1.81;-0.05;0.96;0.12;1.82;4.34;1.82
2510;-0.06;-10.11;1.61;-0.05;0.96;0.12;6.44;4.83;6.44
2519;0.06;-10.15;1.59;0.03;0.96;0.12;5.32;6.02;5.32
2528;0.31;-9.98;1.50;0.03;0.96;0.12;-2.87;9.24;-2.87
2537;0.36;-9.96;1.84;0.03;0.96;0.12;-12.95;16.17;-12.95
2545;0.50;-9.97;1.97;-0.05;0.96;0.10;-21.21;20.65;-21.21
2554;0.83;-10.14;2.29;-0.05;0.96;0.10;-26.32;22.05;-26.32
2563;0.97;-10.18;2.59;-0.05;0.96;0.10;-28.91;21.14;-28.91
2572;1.31;-10.16;2.84;-0.05;0.96;0.10;-25.83;16.87;-25.83
2580;1.45;-10.11;3.16;-0.05;0.96;0.10;-17.71;10.78;-17.71
2589;1.69;-10.16;3.37;-0.05;0.96;0.10;-8.61;3.50;-8.61
2598;1.82;-10.11;3.74;-0.06;0.96;0.10;-0.49;1.33;-0.49
2606;1.85;-9.93;3.89;-0.06;0.96;0.10;-0.14;3.01;-0.14
2615;2.20;-10.06;4.12;-0.06;0.96;0.10;-4.27;6.16;-4.27
2624;2.42;-10.23;4.11;-0.07;0.96;0.10;-10.01;11.13;-10.01
2633;2.81;-10.37;4.06;-0.07;0.96;0.10;-13.93;12.60;-13.93
2642;3.37;-10.29;4.36;-0.07;0.96;0.10;-17.29;14.42;-17.29
2650;3.88;-10.48;4.89;-0.06;0.96;0.09;-20.79;16.59;-20.79
2659;4.36;-10.69;5.30;-0.06;0.96;0.09;-22.54;18.69;-22.54
2668;4.54;-10.84;5.56;-0.06;0.96;0.09;-20.44;18.48;-20.44
2677;4.85;-10.90;5.78;-0.06;0.96;0.09;-14.63;15.40;-14.63
2686;5.25;-10.66;5.89;-0.06;0.96;0.09;-5.46;9.94;-5.46
2695;5.76;-10.07;5.81;-0.06;0.95;0.07;1.05;8.40;1.05
2703;6.30;-9.50;5.87;-0.06;0.95;0.07;1.19;12.60;1.19
2712;6.65;-9.39;5.98;-0.06;0.95;0.07;-3.29;18.69;-3.29
2721;7.01;-9.23;6.27;-0.06;0.96;0.07;-9.87;30.17;-9.87
2730;7.26;-9.16;7.17;-0.06;0.96;0.07;-24.71;44.45;-24.71
2738;7.51;-9.27;8.33;-0.06;0.96;0.07;-47.60;64.33;-47.60
2747;7.84;-9.40;9.38;-0.08;0.95;0.08;-77.35;106.75;-77.35
2756;8.41;-8.99;10.61;-0.08;0.95;0.08;-108.50;117.46;-108.50
2765;8.99;-8.05;11.54;-0.08;0.95;0.08;-143.29;144.27;-143.29
2774;9.87;-7.14;11.69;-0.09;0.96;0.02;-168.35;173.74;-168.35
2782;10.57;-5.86;10.90;-0.09;0.96;0.02;-170.17;183.12;-170.17
2791;10.79;-4.01;9.72;-0.09;0.96;0.02;-147.70;163.38;-147.70
2800;10.21;-1.80;7.39;-0.10;0.95;-0.01;-118.58;127.47;-118.58
2809;7.92;1.33;4.03;-0.10;0.95;-0.01;-95.55;54.25;-95.55
2818;4.47;5.06;0.22;-0.10;0.95;-0.01;-75.53;-44.10;-75.53
2826;-1.67;9.77;-2.33;-0.09;0.95;-0.03;-55.58;-156.52;-55.58
2835;-9.45;15.22;-3.69;-0.09;0.95;-0.03;-30.38;-255.36;-30.38
2844;-21.65;19.33;-0.96;-0.09;0.95;-0.03;33.18;-283.01;33.18
2853;-32.23;19.55;3.60;-0.14;0.92;-0.00;51.80;-174.51;51.80
2862;-46.16;9.86;5.00;-0.14;0.92;-0.00;16.94;52.78;16.94
2870;-61.17;-8.93;3.91;-0.14;0.92;-0.00;-74.34;302.54;-74.34
2879;-66.68;-38.84;-3.19;-0.22;0.90;0.01;-68.04;361.34;-68.04
2888;-60.97;-71.07;-9.56;-0.22;0.90;0.01;218.75;248.57;218.75
2897;-23.83;-82.80;-33.43;-0.22;0.90;0.01;749.98;122.78;749.98
2905;15.63;-37.03;-59.64;-0.21;0.85;0.06;933.10;-195.58;933.10
2914;14.79;6.43;-42.28;-0.21;0.85;0.06;405.02;-580.93;405.02
2923;12.93;18.56;-6.12;-0.21;0.85;0.06;-313.74;-355.95;-313.74
2932;-0.12;9.95;0.88;-0.15;0.88;0.13;-747.04;19.32;-747.04
2941;-13.22;-0.51;4.58;-0.15;0.88;0.13;-658.07;-4.48;-658.07
2950;-19.09;0.80;14.61;-0.15;0.88;0.13;-329.70;-125.93;-329.70
2958;-19.83;5.38;23.15;-0.20;0.88;0.01;-47.25;-140.14;-47.25
2967;-13.59;10.90;20.43;-0.20;0.88;0.01;74.62;-55.30;74.62
2976;-8.89;9.93;13.65;-0.20;0.88;0.01;90.58;1.96;90.58
2985;-6.67;3.23;8.38;-0.16;0.91;0.03;82.88;32.83;82.88
2994;-6.08;-4.37;4.34;-0.16;0.91;0.03;91.07;48.02;91.07
3002;-5.21;-11.63;0.06;-0.19;0.89;0.03;106.26;43.54;106.26
3011;-3.55;-14.91;-4.21;-0.19;0.89;0.03;97.16;29.54;97.16
3020;-1.61;-14.90;-6.30;-0.19;0.89;0.03;59.43;6.93;59.43
3029;-0.85;-11.97;-5.23;-0.17;0.87;0.06;7.07;-18.06;7.07
3038;-1.66;-9.81;-2.33;-0.17;0.87;0.06;-55.02;-19.39;-55.02
3046;-3.42;-7.86;1.08;-0.17;0.87;0.06;-90.16;-13.44;-90.16
3055;-5.08;-7.17;4.12;-0.20;0.87;0.05;-95.55;-4.62;-95.55
3064;-6.23;-7.00;5.98;-0.20;0.87;0.05;-68.11;1.82;-68.11
3073;-6.12;-7.61;6.58;-0.20;0.87;0.05;-27.86;7.42;-27.86
3082;-6.25;-8.20;5.86;-0.13;0.89;0.01;7.00;10.50;7.00
3090;-5.55;-8.18;4.39;-0.13;0.89;0.01;31.08;8.19;31.08
3099;-4.48;-9.78;3.30;-0.13;0.89;0.01;45.64;12.60;45.64
3108;-3.96;-9.96;1.66;-0.20;0.88;0.05;52.50;3.22;52.50
3117;-3.55;-10.87;1.17;-0.20;0.88;0.05;46.97;-4.97;46.97
3125;-3.47;-10.90;0.50;-0.20;0.88;0.05;30.24;-6.93;30.24
3134;-3.67;-10.96;0.36;-0.15;0.88;0.04;6.72;-11.48;6.72
3143;-3.97;-10.32;1.02;-0.15;0.88;0.04;-5.67;-14.56;-5.67
3152;-4.90;-9.23;2.18;-0.15;0.88;0.04;-11.41;-10.01;-11.41
3161;-5.51;-8.37;3.01;-0.19;0.88;0.00;-10.64;-2.59;-10.64
3170;-5.79;-7.87;3.35;-0.19;0.88;0.00;-4.83;2.17;-4.83
3178;-5.76;-7.71;3.39;-0.19;0.88;0.00;7.28;4.55;7.28
3187;-5.76;-7.76;3.19;-0.20;0.88;0.05;25.06;7.00;25.06
3196;-5.43;-8.41;2.46;-0.20;0.88;0.05;32.13;9.94;32.13
3205;-5.07;-9.66;1.81;-0.20;0.88;0.05;30.80;10.78;30.80
3213;-4.95;-10.43;1.09;-0.20;0.88;0.06;26.81;7.56;26.81
3222;-4.95;-10.88;0.29;-0.20;0.88;0.06;21.35;0.70;21.35
3231;-4.70;-10.01;0.12;-0.20;0.88;0.06;13.79;-8.61;13.79
3240;-4.69;-8.56;0.82;-0.20;0.88;0.07;5.46;-16.73;5.46
3249;-4.95;-7.46;1.82;-0.20;0.88;0.07;-2.31;-17.50;-2.31
3258;-5.35;-6.70;2.92;-0.20;0.88;0.07;-1.96;-13.02;-1.96
3266;-5.64;-6.48;3.35;-0.19;0.89;0.07;1.54;-5.39;1.54
3275;-5.70;-6.63;3.49;-0.19;0.89;0.07;8.40;3.71;8.40
3284;-5.76;-7.08;3.28;-0.19;0.88;0.08;17.08;8.89;17.08
3293;-5.71;-8.25;2.51;-0.19;0.88;0.08;24.71;11.62;24.71
3301;-5.79;-9.53;1.59;-0.19;0.88;0.08;28.77;11.48;28.77
3310;-5.55;-10.43;0.40;-0.18;0.88;0.07;32.48;5.95;32.48
3319;-5.49;-11.12;-0.31;-0.18;0.88;0.07;34.93;-1.47;34.93
3328;-5.66;-11.57;-1.26;-0.18;0.88;0.07;33.11;-8.96;33.11
3337;-5.51;-11.15;-1.51;-0.17;0.88;0.08;28.14;-20.09;28.14
3345;-5.55;-10.56;-1.64;-0.17;0.88;0.08;22.47;-26.25;22.47
3354;-5.71;-10.09;-1.72;-0.17;0.88;0.08;16.45;-27.86;16.45
3363;-5.41;-9.81;-1.44;-0.15;0.90;0.08;12.11;-29.12;12.11
3372;-5.97;-9.69;-1.41;-0.15;0.90;0.08;8.40;-30.45;8.40
3381;-6.70;-9.81;-1.15;-0.15;0.90;0.08;1.26;-33.32;1.26
3389;-7.03;-9.71;-0.80;-0.16;0.89;0.03;-2.38;-36.47;-2.38
3398;-6.88;-9.69;-0.53;-0.16;0.89;0.03;-5.32;-37.59;-5.32
3407;-7.12;-9.69;-0.27;-0.16;0.89;0.03;-4.55;-40.67;-4.55
3416;-7.42;-9.47;-0.17;-0.15;0.90;0.07;-1.05;-42.21;-1.05
3424;-6.95;-9.53;-0.01;-0.15;0.90;0.07;2.87;-45.92;2.87
3433;-6.25;-9.32;0.05;-0.15;0.90;0.07;6.37;-48.93;6.37
3442;-5.90;-8.76;0.35;-0.14;0.91;0.07;6.23;-49.84;6.23
3451;-5.22;-8.27;0.55;-0.14;0.91;0.07;-1.40;-46.27;-1.40
3460;-4.56;-8.28;0.75;-0.14;0.91;0.07;-12.11;-39.69;-12.11
3468;-4.69;-8.48;0.56;-0.13;0.93;0.06;-22.68;-31.85;-22.68
3477;-4.82;-8.90;0.62;-0.13;0.93;0.06;-32.62;-27.93;-32.62
3486;-4.52;-9.30;0.87;-0.13;0.93;0.06;-40.32;-29.96;-40.32
3495;-4.63;-8.62;1.41;-0.14;0.93;0.05;-46.34;-32.27;-46.34
3503;-4.43;-8.45;2.25;-0.14;0.93;0.05;-53.41;-31.78;-53.41
3512;-4.36;-8.82;3.04;-0.14;0.93;0.05;-50.82;-27.37;-50.82
3521;-4.29;-9.04;3.28;-0.13;0.94;0.05;-35.42;-25.27;-35.42
3530;-4.08;-9.02;3.35;-0.13;0.94;0.05;-14.91;-27.02;-14.91
3538;-3.91;-8.54;3.61;-0.13;0.94;0.05;17.64;-25.27;17.64
3547;-3.50;-8.25;3.62;-0.13;0.93;0.06;8.12;-20.51;8.12
3556;-2.51;-8.00;3.24;-0.13;0.93;0.06;15.75;-14.49;15.75
3565;-1.77;-7.87;2.65;-0.13;0.93;0.06;22.68;-11.13;22.68
3574;-1.38;-8.05;1.92;-0.12;0.94;0.05;30.80;-11.83;30.80
3582;-1.31;-8.87;1.33;-0.12;0.94;0.05;36.33;-12.88;36.33
3591;-1.46;-9.40;0.82;-0.12;0.95;0.06;38.78;-16.73;38.78
3600;-1.70;-9.49;0.88;-0.12;0.95;0.06;29.61;-20.30;29.61
3609;-2.00;-9.63;1.11;-0.12;0.95;0.06;15.40;-18.83;15.40
3618;-2.20;-9.73;1.68;-0.10;0.95;0.06;2.66;-12.11;2.66
3627;-1.88;-9.67;2.48;-0.10;0.95;0.06;-3.78;-5.88;-3.78
3635;-1.92;-9.63;2.96;-0.10;0.95;0.06;-3.15;-0.07;-3.15
3644;-1.42;-9.52;3.21;-0.11;0.95;0.05;3.08;3.85;3.08
3653;-1.05;-9.09;3.09;-0.11;0.95;0.05;11.55;2.03;11.55
3662;-0.80;-9.04;2.92;-0.11;0.95;0.05;20.02;-1.47;20.02
3671;-0.37;-8.88;2.68;-0.10;0.96;0.06;26.46;-3.85;26.46
3679;-0.52;-8.94;2.51;-0.10;0.96;0.06;28.84;-4.34;28.84
3688;-1.11;-9.06;2.09;-0.10;0.96;0.06;28.00;-0.63;28.00
3697;-1.25;-9.66;1.77;-0.10;0.95;0.07;24.15;1.89;24.15
3706;-1.36;-9.98;1.69;-0.10;0.95;0.07;21.91;2.38;21.91
3714;-1.54;-10.05;1.49;-0.10;0.95;0.07;21.21;1.96;21.21
3723;-1.55;-9.94;1.67;-0.10;0.95;0.07;16.80;2.59;16.80
3732;-1.06;-10.09;1.97;-0.10;0.95;0.07;10.57;2.66;10.57
3741;-0.70;-10.42;2.46;-0.10;0.95;0.07;3.01;3.57;3.01
3750;-0.46;-10.17;2.69;-0.10;0.97;0.07;-3.01;4.48;-3.01
3758;-0.29;-9.97;3.22;-0.10;0.97;0.07;-4.97;5.88;-4.97
3767;-0.23;-9.43;3.23;-0.10;0.97;0.07;-3.50;7.77;-3.50
3776;-0.43;-9.23;3.12;-0.10;0.96;0.08;1.82;8.05;1.82
3785;-0.40;-9.13;2.61;-0.10;0.96;0.08;11.69;5.32;11.69
3793;-0.29;-9.10;2.26;-0.10;0.96;0.08;28.91;-1.75;28.91
3802;-0.15;-9.27;1.74;-0.09;0.96;0.08;43.33;-9.31;43.33
3811;-0.23;-9.58;1.49;-0.09;0.96;0.08;52.71;-17.85;52.71
3820;-0.14;-9.45;1.47;-0.09;0.96;0.08;53.13;-22.19;53.13
3828;0.22;-9.32;1.77;-0.08;0.96;0.10;40.88;-15.54;40.88
3837;0.25;-9.15;2.36;-0.08;0.96;0.10;21.21;-1.75;21.21
3846;0.34;-8.77;2.76;-0.08;0.96;0.10;-0.14;12.46;-0.14
3855;0.23;-8.81;2.94;-0.08;0.96;0.10;-14.28;25.69;-14.28
3864;0.39;-9.01;3.10;-0.08;0.96;0.10;-15.05;28.35;-15.05
3873;0.98;-9.23;2.91;-0.08;0.96;0.10;-4.76;21.49;-4.76
3881;1.16;-9.04;2.79;-0.09;0.96;0.08;10.29;7.14;10.29
3890;1.04;-8.86;2.68;-0.09;0.96;0.08;27.51;-6.23;27.51
3899;1.37;-8.91;2.72;-0.09;0.96;0.09;37.31;-15.61;37.31
3908;0.90;-9.22;2.22;-0.08;0.96;0.09;38.36;-19.11;38.36
3916;0.75;-9.78;2.59;-0.08;0.96;0.09;35.14;-15.61;35.14
3925;0.45;-10.05;2.52;-0.09;0.96;0.11;16.52;-9.87;16.52
3934;0.27;-10.67;3.02;-0.09;0.96;0.11;1.47;0.98;1.47
3943;-0.06;-10.70;3.35;-0.09;0.96;0.11;-12.25;17.85;-12.25
3952;-0.04;-11.00;3.51;-0.09;0.96;0.02;-14.35;24.57;-14.35
3961;-0.14;-11.23;3.44;-0.09;0.96;0.02;-5.74;26.53;-5.74
3970;0.02;-11.11;3.29;-0.09;0.96;0.02;7.63;22.40;7.63
3978;0.17;-10.92;2.97;-0.09;0.96;0.10;14.77;16.38;14.77
3987;0.38;-10.90;2.68;-0.09;0.96;0.10;14.91;9.45;14.91
3996;0.42;-10.78;2.44;-0.09;0.96;0.10;12.32;4.27;12.32
4005;0.34;-10.59;2.23;-0.09;0.96;0.10;6.23;1.61;6.23
4013;0.28;-10.43;2.07;-0.09;0.96;0.10;-1.61;2.80;-1.61
4022;0.02;-10.49;2.09;-0.09;0.96;0.10;-7.00;8.26;-7.00
4031;-0.18;-10.76;1.71;-0.10;0.96;0.11;-10.22;13.37;-10.22
4040;-0.42;-10.89;1.47;-0.10;0.96;0.11;-7.28;16.94;-7.28
4048;-0.77;-10.97;1.20;-0.10;0.96;0.11;1.75;13.93;1.75
4057;-0.85;-11.10;0.78;-0.09;0.96;0.11;12.11;6.93;12.11
4066;-0.60;-11.09;0.27;-0.09;0.96;0.11;18.13;-2.66;18.13
4075;-0.53;-10.95;0.09;-0.09;0.96;0.11;19.39;-11.69;19.39
4084;-0.50;-10.76;0.04;-0.10;0.95;0.07;13.30;-17.36;13.30
4092;-0.51;-10.63;0.19;-0.10;0.95;0.07;2.52;-17.08;2.52
4101;-0.38;-10.28;0.42;-0.10;0.95;0.07;-11.34;-11.48;-11.34
4110;-0.52;-10.06;0.83;-0.09;0.96;0.10;-23.45;-4.76;-23.45
4119;-0.54;-9.78;1.18;-0.09;0.96;0.10;-25.34;-1.54;-25.34
4127;-0.49;-9.55;1.46;-0.09;0.96;0.10;-22.54;0.49;-22.54
4136;-0.45;-9.36;1.51;-0.09;0.96;0.10;-13.93;-2.73;-13.93
4145;-0.39;-9.34;1.71;-0.09;0.96;0.10;-0.21;-6.65;-0.21
4154;-0.10;-9.37;3.65;-0.09;0.96;0.10;11.76;-11.62;11.76
4162;0.06;-9.62;1.87;-0.09;0.96;0.12;20.16;-15.89;20.16
4171;0.50;-9.56;1.82;-0.09;0.96;0.12;24.08;-21.00;24.08
4180;0.79;-9.83;1.90;-0.09;0.96;0.12;25.34;-24.43;25.34
4189;1.08;-9.71;2.15;-0.09;0.95;0.11;25.06;-27.65;25.06
4197;1.19;-10.09;2.68;-0.09;0.95;0.11;24.43;-23.03;24.43
4206;1.46;-10.29;2.93;-0.09;0.95;0.12;24.22;-18.62;24.22
4215;1.51;-10.64;3.40;-0.08;0.95;0.12;22.89;-14.49;22.89
4224;1.71;-10.90;3.92;-0.08;0.95;0.12;21.84;-12.46;21.84
4232;2.02;-11.07;4.19;-0.08;0.95;0.12;19.53;-12.81;19.53
4241;2.12;-11.34;4.56;-0.08;0.95;0.12;17.57;-13.16;17.57
4250;2.21;-11.37;4.59;-0.08;0.95;0.12;16.59;-13.44;16.59
4259;2.40;-11.46;4.63;-0.06;0.95;0.12;17.36;-15.12;17.36
4267;2.78;-11.39;4.74;-0.06;0.95;0.12;18.06;-15.61;18.06
4276;2.83;-11.15;4.66;-0.06;0.95;0.12;19.25;-14.77;19.25
4285;3.18;-10.92;4.64;-0.06;0.96;0.12;19.46;-14.28;19.46
4294;3.77;-10.69;4.60;-0.06;0.96;0.12;20.51;-10.22;20.51
4303;3.94;-10.75;4.95;-0.06;0.96;0.12;18.34;-1.40;18.34
4311;4.23;-10.67;5.33;-0.06;0.95;0.13;13.72;6.44;13.72
4320;4.44;-10.67;5.57;-0.06;0.95;0.13;11.83;12.39;11.83
4329;4.26;-10.19;6.06;-0.06;0.95;0.13;10.36;17.29;10.36
4338;4.24;-9.99;6.86;-0.06;0.94;0.13;2.31;22.96;2.31
4346;4.17;-9.77;7.81;-0.06;0.94;0.13;-33.95;38.08;-33.95
4355;4.68;-9.60;8.63;-0.06;0.94;0.13;-42.63;61.53;-42.63
4364;5.30;-9.43;9.34;-0.07;0.95;0.13;-75.95;89.81;-75.95
4373;7.00;-8.97;9.93;-0.07;0.95;0.13;-115.99;119.07;-115.99
4382;8.66;-9.07;10.44;-0.07;0.95;0.13;-160.65;137.20;-160.65
4391;10.62;-8.53;10.38;-0.09;0.95;0.10;-187.39;139.37;-187.39
4399;11.74;-7.16;10.06;-0.09;0.95;0.10;-188.16;111.58;-188.16
4408;12.12;-4.89;9.58;-0.09;0.95;0.10;-167.37;65.73;-167.37
4417;10.27;-1.50;7.44;-0.11;0.95;0.02;-143.36;13.09;-143.36
4426;5.82;3.42;5.84;-0.11;0.95;0.02;-113.68;-63.77;-113.68
4434;0.58;5.41;2.51;-0.11;0.95;0.02;-99.12;-168.63;-99.12
4443;-8.88;14.55;0.19;-0.12;0.95;0.02;-43.54;-221.83;-43.54
4452;-21.16;20.63;0.20;-0.12;0.95;0.02;21.49;-219.03;21.49
4461;-34.36;24.15;1.53;-0.12;0.95;0.02;93.73;-151.13;93.73
4470;-42.41;18.03;2.21;-0.13;0.92;0.05;163.59;65.45;163.59
4478;-53.97;4.57;-0.55;-0.13;0.92;0.05;144.97;346.78;144.97
4487;-67.26;-22.68;-16.50;-0.13;0.92;0.05;105.70;536.55;105.70
4496;-64.81;-68.43;-31.31;-0.22;0.88;0.06;196.35;445.41;196.35
4505;-26.39;-108.65;-47.64;-0.22;0.88;0.06;617.75;236.18;617.75
4514;20.39;-51.29;-72.60;-0.22;0.88;0.13;860.93;-109.41;860.93
4522;14.11;10.01;-52.01;-0.20;0.85;0.13;523.67;-724.71;523.67
4531;11.25;25.17;-5.97;-0.20;0.85;0.13;-247.94;-532.28;-247.94
4540;1.61;25.53;7.59;-0.15;0.88;0.15;-814.10;-60.62;-814.10
4549;-16.00;8.11;11.15;-0.15;0.88;0.15;-821.24;40.67;-821.24
4558;-23.57;3.10;18.60;-0.15;0.88;0.15;-436.80;-100.87;-436.80
4566;-25.32;5.60;29.14;-0.20;0.89;0.06;-7.14;-143.01;-7.14
4575;-20.71;10.57;27.41;-0.20;0.89;0.06;150.78;-39.13;150.78
4584;-12.32;8.89;15.37;-0.20;0.89;0.06;164.85;78.33;164.85
4593;-6.25;0.95;4.72;-0.19;0.88;0.09;157.71;113.54;157.71
4602;-2.94;-9.36;-6.01;-0.19;0.88;0.09;161.00;117.11;161.00
4611;0.54;-19.04;-13.52;-0.19;0.88;0.09;134.68;83.65;134.68
4619;0.32;-17.57;-15.66;-0.18;0.87;0.11;29.68;2.59;29.68
4628;0.16;-13.12;-9.57;-0.18;0.87;0.11;-88.83;-44.73;-88.83
4637;-1.44;-8.36;-2.78;-0.18;0.87;0.11;-160.51;-49.56;-160.51
4646;-5.19;-6.37;3.17;-0.19;0.88;0.10;-174.02;-18.06;-174.02
4654;-7.63;-5.23;6.92;-0.19;0.88;0.10;-122.22;-17.43;-122.22
4663;-9.06;-5.83;9.07;-0.19;0.88;0.10;-57.47;-4.83;-57.47
4672;-8.40;-7.17;8.13;-0.21;0.88;0.07;-12.04;14.63;-12.04
4681;-6.97;-8.08;5.64;-0.21;0.88;0.07;17.15;27.79;17.15
4690;-5.05;-9.61;3.07;-0.21;0.88;0.07;38.71;31.78;38.71
4698;-3.80;-12.77;-0.08;-0.17;0.89;0.08;41.16;29.75;41.16
4707;-3.19;-11.84;-1.50;-0.17;0.89;0.08;26.95;15.54;26.95
4716;-2.85;-12.74;-1.10;-0.17;0.89;0.08;4.20;3.15;4.20
4725;-3.33;-13.04;-0.44;-0.20;0.87;0.08;-17.99;-2.66;-17.99
4733;-4.12;-12.26;0.65;-0.20;0.87;0.08;-25.83;-9.87;-25.83
4742;-4.58;-11.19;1.77;-0.20;0.87;0.08;-24.78;-12.18;-24.78
4751;-4.99;-9.77;2.16;-0.21;0.87;0.08;-17.78;-10.43;-17.78
4760;-5.40;-8.22;2.80;-0.21;0.87;0.08;-6.09;-8.47;-6.09
4768;-5.58;-7.41;3.07;-0.21;0.87;0.08;3.99;-2.52;3.99
4777;-5.24;-7.62;2.68;-0.20;0.88;0.08;11.13;6.44;11.13
4786;-5.36;-8.44;1.90;-0.20;0.88;0.08;17.64;11.13;17.64
4795;-5.17;-11.00;1.17;-0.20;0.88;0.08;19.60;10.08;19.60
4804;-4.74;-10.53;0.63;-0.20;0.88;0.06;17.29;7.98;17.29
4813;-4.72;-11.36;0.02;-0.20;0.88;0.06;9.80;2.94;9.80
4821;-4.56;-11.40;-0.26;-0.21;0.88;0.08;2.59;-5.67;2.59
4830;-4.65;-10.34;0.11;-0.21;0.88;0.08;-3.99;-14.84;-3.99
4839;-4.77;-8.89;1.13;-0.21;0.88;0.08;-10.29;-20.09;-10.29
4848;-4.69;-7.65;2.16;-0.12;0.90;0.08;-15.61;-19.67;-15.61
4857;-5.48;-7.07;3.14;-0.12;0.90;0.08;-18.06;-11.83;-18.06
4883;-5.61;-8.75;2.91;-0.20;0.88;0.08;-13.16;11.48;-13.16
4909;-5.17;-11.70;0.18;-0.19;0.88;0.08;-1.61;1.47;-1.61
4927;-4.70;-9.69;0.14;-0.19;0.89;0.06;-5.32;-19.60;-5.32
4936;-4.43;-8.60;0.93;-0.19;0.89;0.06;-9.52;-23.03;-9.52
4944;-4.60;-7.80;1.75;-0.19;0.89;0.06;-14.00;-22.12;-14.00
4953;-4.74;-7.39;2.46;-0.19;0.89;0.07;-15.82;-14.21;-15.82
4962;-5.20;-7.47;2.78;-0.19;0.89;0.07;-15.75;-5.46;-15.75
4971;-5.44;-7.73;2.53;-0.19;0.89;0.07;-12.60;2.94;-12.60
4979;-5.76;-8.54;2.07;-0.18;0.89;0.07;-3.71;6.51;-3.71
4988;-6.07;-9.27;1.37;-0.18;0.89;0.07;5.04;9.31;5.04
4997;-6.08;-10.14;0.75;-0.18;0.89;0.07;12.25;9.17;12.25
5006;-6.00;-10.45;0.02;-0.14;0.91;0.07;23.94;3.08;23.94
5015;-5.52;-10.39;-0.62;-0.14;0.91;0.07;31.22;-7.49;31.22
5023;-4.64;-10.04;-0.95;-0.14;0.91;0.07;30.03;-21.07;30.03
5032;-4.32;-9.17;-1.01;-0.16;0.91;0.07;19.95;-30.03;19.95
5041;-4.11;-8.76;-0.93;-0.16;0.91;0.07;4.34;-31.85;4.34
5050;-4.41;-8.62;-0.73;-0.16;0.91;0.07;-14.49;-26.11;-14.49
5058;-4.89;-8.76;-0.78;-0.15;0.90;0.06;-27.16;-18.20;-27.16
5067;-5.36;-8.84;-0.88;-0.15;0.90;0.06;-31.22;-11.20;-31.22
5076;-6.47;-9.13;-0.99;-0.15;0.90;0.06;-27.09;-12.25;-27.09
5085;-7.30;-9.68;-0.64;-0.15;0.91;0.06;-18.76;-21.56;-18.76
5094;-6.73;-9.55;-0.04;-0.15;0.91;0.06;-7.00;-35.00;-7.00
5102;-6.32;-9.17;0.71;-0.15;0.91;0.06;4.55;-43.89;4.55
5111;-5.57;-8.64;0.89;-0.14;0.91;0.06;11.27;-45.43;11.27
5120;-5.02;-8.45;1.02;-0.14;0.91;0.06;12.04;-44.38;12.04
5129;-4.75;-8.46;0.72;-0.14;0.91;0.06;8.75;-43.12;8.75
5137;-4.47;-8.32;0.60;-0.12;0.92;0.06;-16.80;-41.37;-16.80
5146;-4.55;-8.26;0.80;-0.12;0.92;0.06;-11.13;-37.45;-11.13
5155;-4.77;-8.24;1.21;-0.11;0.94;0.05;-22.54;-30.73;-22.54
5164;-5.25;-8.72;1.57;-0.11;0.94;0.05;-27.23;-21.35;-27.23
5173;-5.54;-9.38;1.54;-0.11;0.94;0.05;-25.41;-12.81;-25.41
5181;-5.18;-9.99;3.63;-0.12;0.93;0.05;-12.18;-15.75;-12.18
5190;-4.57;-9.58;2.08;-0.12;0.93;0.05;4.13;-22.82;4.13
5199;-3.87;-9.04;2.45;-0.12;0.93;0.05;13.16;-27.23;13.16
5208;-3.18;-8.71;2.47;-0.09;0.94;0.04;13.23;-24.99;13.23
5217;-2.60;-8.24;2.15;-0.09;0.94;0.04;7.14;-19.25;7.14
5225;-2.15;-8.00;1.74;-0.09;0.94;0.04;-2.52;-14.84;-2.52
5234;-2.20;-8.12;1.73;-0.10;0.95;0.04;-10.36;-12.60;-10.36
5243;-2.51;-8.44;1.91;-0.10;0.95;0.04;-10.43;-9.87;-10.43
5252;-2.58;-8.67;2.49;-0.10;0.95;0.04;-4.13;-3.71;-4.13
5260;-2.80;-8.86;2.61;-0.10;0.95;0.04;3.85;3.29;3.85
5269;-2.56;-8.92;2.57;-0.10;0.95;0.04;17.08;5.60;17.08
5278;-2.31;-9.27;2.30;-0.10;0.95;0.04;29.12;3.92;29.12
5287;-1.74;-9.71;2.22;-0.09;0.96;0.04;33.53;-1.82;33.53
5295;-0.56;-10.19;2.05;-0.09;0.96;0.04;31.01;-9.45;31.01
5304;-0.51;-9.54;2.12;-0.09;0.96;0.04;20.30;-12.46;20.30
5313;-0.08;-8.72;2.03;-0.08;0.96;0.06;7.42;-11.27;7.42
5322;0.34;-8.32;2.15;-0.08;0.96;0.06;-1.82;-5.39;-1.82
5330;0.06;-8.10;1.77;-0.08;0.96;0.06;-6.02;2.10;-6.02
5339;0.01;-8.36;1.67;-0.08;0.96;0.04;-3.50;7.63;-3.50
5348;-0.49;-8.64;1.45;-0.08;0.96;0.04;7.77;9.52;7.77
5357;-0.68;-9.22;1.64;-0.08;0.96;0.04;20.65;8.96;20.65
5365;-0.85;-9.73;1.56;-0.08;0.96;0.05;35.70;10.64;35.70
5374;-0.96;-9.77;1.65;-0.08;0.96;0.05;46.83;7.91;46.83
5383;-0.70;-9.50;1.41;-0.08;0.96;0.05;50.96;-0.28;50.96
5392;-0.46;-9.75;1.56;-0.08;0.96;0.06;46.55;-7.14;46.55
5401;-0.01;-9.95;1.41;-0.08;0.96;0.06;36.96;-11.06;36.96
5409;0.02;-9.86;1.39;-0.08;0.96;0.06;23.66;-8.96;23.66
5418;0.06;-9.78;1.69;-0.08;0.97;0.07;7.56;-6.02;7.56
5427;0.51;-10.02;2.25;-0.08;0.97;0.07;-7.49;-2.73;-7.49
5436;0.34;-10.14;2.74;-0.08;0.97;0.07;-18.13;-0.63;-18.13
5444;-0.02;-10.08;3.58;-0.08;0.96;0.06;-18.97;1.96;-18.97
5453;-0.19;-10.11;4.45;-0.08;0.96;0.06;-10.85;1.12;-10.85
5462;-0.37;-10.01;4.78;-0.08;0.96;0.07;-0.14;1.75;-0.14
5471;-0.67;-9.86;4.88;-0.09;0.97;0.07;9.17;2.87;9.17
5479;-0.24;-9.56;4.68;-0.09;0.97;0.07;12.88;4.62;12.88
5488;0.17;-9.45;4.29;-0.08;0.97;0.07;7.14;11.83;7.14
5497;0.41;-9.25;3.68;-0.08;0.97;0.07;-4.13;20.37;-4.13
5506;0.77;-9.00;3.22;-0.08;0.97;0.07;-14.21;23.45;-14.21
5515;1.08;-8.71;2.84;-0.09;0.97;0.07;-15.47;19.81;-15.47
5523;1.02;-8.50;2.66;-0.09;0.97;0.07;-9.73;10.92;-9.73
5532;1.01;-8.38;2.71;-0.09;0.97;0.07;0.28;-0.14;0.28
5541;0.68;-8.54;3.12;-0.09;0.97;0.06;11.48;-6.23;11.48
5549;0.22;-8.64;3.69;-0.09;0.97;0.06;19.46;-5.46;19.46
5558;-0.04;-8.97;3.78;-0.09;0.97;0.06;21.14;1.40;21.14
5567;-0.28;-9.33;4.26;-0.06;0.97;-0.00;21.35;16.59;21.35
5576;-0.50;-9.39;3.83;-0.06;0.97;-0.00;14.14;27.93;14.14
5585;-0.45;-9.99;3.40;-0.06;0.97;-0.00;5.74;35.91;5.74
5593;-0.29;-10.26;2.90;-0.09;0.98;0.09;0.49;40.32;0.49
5602;-0.25;-10.46;2.51;-0.09;0.98;0.09;-2.31;40.32;-2.31
5611;-0.11;-10.57;2.23;-0.09;0.98;0.09;-0.70;34.44;-0.70
5620;-0.07;-10.35;1.70;-0.09;0.97;0.08;6.16;25.20;6.16
5628;0.01;-10.01;1.62;-0.09;0.97;0.08;14.00;14.49;14.00
5637;0.04;-9.66;1.61;-0.09;0.97;0.08;21.56;4.76;21.56
5646;0.01;-9.58;1.54;-0.09;0.97;0.07;28.07;-2.80;28.07
5655;-0.08;-9.47;1.76;-0.09;0.97;0.07;31.08;-3.01;31.08
5663;-0.14;-9.43;1.95;-0.09;0.97;0.07;27.65;0.77;27.65
5672;-0.14;-9.69;1.78;-0.07;0.97;0.08;19.46;5.88;19.46
5681;-0.27;-9.79;1.74;-0.07;0.97;0.08;9.45;11.48;9.45
5690;-0.50;-9.97;1.64;-0.07;0.97;0.08;-1.75;13.65;-1.75
5698;-0.60;-10.38;1.51;-0.10;0.97;0.08;-8.26;10.71;-8.26
5707;-0.83;-10.77;1.56;-0.10;0.97;0.08;-7.98;4.48;-7.98
5716;-1.13;-10.89;1.79;-0.10;0.97;0.08;-2.03;-4.83;-2.03
5725;-1.25;-10.80;1.84;-0.09;0.96;0.09;6.79;-11.97;6.79
5734;-1.39;-10.78;2.07;-0.09;0.96;0.09;16.31;-14.56;16.31
5743;-1.72;-10.75;2.12;-0.09;0.96;0.09;21.28;-11.06;21.28
5752;-1.79;-10.74;2.15;-0.10;0.97;0.09;21.77;-5.11;21.77
5760;-1.74;-10.80;1.90;-0.10;0.97;0.09;16.59;2.31;16.59
5769;-1.72;-10.83;1.71;-0.10;0.97;0.09;9.73;9.38;9.73
5778;-1.59;-10.75;1.35;-0.10;0.96;0.09;1.75;11.20;1.75
5787;-1.61;-10.51;1.28;-0.10;0.96;0.09;0.98;7.98;0.98
5795;-1.57;-10.45;1.07;-0.09;0.96;0.10;0.28;2.59;0.28
5804;-1.63;-10.28;1.11;-0.09;0.96;0.10;4.27;-0.28;4.27
5813;-1.62;-10.16;1.06;-0.09;0.96;0.10;9.87;-4.06;9.87
5822;-1.62;-9.91;0.99;-0.09;0.97;0.10;17.15;-7.84;17.15
5831;-1.46;-9.71;0.97;-0.09;0.97;0.10;21.14;-8.96;21.14
5840;-1.56;-9.71;0.81;-0.09;0.97;0.10;19.46;-7.91;19.46
5848;-1.51;-9.76;0.89;-0.09;0.97;0.10;14.35;-4.97;14.35
5857;-1.57;-9.78;0.93;-0.09;0.97;0.10;6.30;-0.14;6.30
5866;-1.59;-9.69;1.00;-0.09;0.97;0.10;-3.22;4.41;-3.22
5875;-1.69;-9.71;1.15;-0.10;0.97;0.10;-8.12;7.42;-8.12
5883;-1.66;-9.63;1.21;-0.10;0.97;0.10;-8.26;7.35;-8.26
5892;-1.53;-9.61;1.24;-0.10;0.97;0.10;-5.60;7.63;-5.60
5901;-1.57;-9.69;1.13;-0.09;0.97;0.10;-0.42;3.99;-0.42
5910;-1.41;-9.68;1.06;-0.09;0.97;0.10;8.19;-0.21;8.19
5918;-1.44;-9.62;1.03;-0.09;0.97;0.10;14.77;-4.97;14.77
5927;-1.46;-9.77;0.80;-0.09;0.97;0.10;19.53;-11.62;19.53
5936;-1.56;-9.74;0.77;-0.09;0.97;0.10;25.55;-15.89;25.55
5945;-1.58;-9.77;0.85;-0.09;0.97;0.10;24.99;-17.22;24.99
5954;-1.61;-9.90;0.93;-0.10;0.97;0.11;20.09;-14.42;20.09
5962;-1.76;-9.98;0.83;-0.10;0.97;0.11;12.11;-6.86;12.11
5971;-1.70;-10.04;0.89;-0.10;0.97;0.11;1.33;0.77;1.33
5980;-1.72;-9.91;0.88;-0.05;0.96;0.10;-6.23;8.40;-6.23
5989;-1.73;-10.04;0.78;-0.05;0.96;0.10;-7.21;9.73;-7.21
5997;-1.55;-10.04;0.78;-0.05;0.96;0.10;-1.40;7.00;-1.40
6006;-1.45;-10.02;0.82;-0.08;0.97;0.10;6.09;0.91;6.09
6015;-1.44;-10.06;0.94;-0.08;0.97;0.10;11.90;-3.85;11.90
6024;-1.19;-9.75;0.99;-0.08;0.97;0.10;15.33;-7.42;15.33
6033;-1.20;-9.83;1.11;-0.07;0.96;0.11;15.61;-9.45;15.61
6041;-1.12;-9.75;0.94;-0.07;0.96;0.11;12.18;-8.89;12.18
6050;-1.13;-9.70;0.87;-0.07;0.96;0.11;8.61;-7.70;8.61
6059;-1.03;-9.61;0.99;-0.09;0.97;0.13;4.69;-5.25;4.69
6068;-1.08;-9.58;1.05;-0.09;0.97;0.13;1.68;-1.54;1.68
6077;-1.01;-9.45;1.26;-0.09;0.97;0.13;0.42;3.50;0.42
6086;-0.98;-9.60;1.34;-0.08;0.96;0.12;1.05;8.96;1.05
6094;-1.08;-9.89;1.18;-0.08;0.96;0.12;5.53;9.52;5.53
6103;-0.98;-10.06;1.17;-0.08;0.96;0.11;12.39;7.00;12.39
6112;-0.93;-10.05;1.21;-0.08;0.96;0.11;20.16;2.24;20.16
6121;-0.88;-10.11;1.21;-0.08;0.96;0.11;27.79;-3.50;27.79
6130;-0.63;-10.01;1.18;-0.09;0.96;0.12;29.33;-7.14;29.33
6138;-0.72;-10.00;1.25;-0.09;0.96;0.12;27.44;-9.87;27.44
6147;-0.31;-10.06;1.21;-0.09;0.96;0.12;24.08;-10.15;24.08
6156;-0.24;-10.19;1.20;-0.08;0.97;0.12;18.55;-7.49;18.55
6165;-0.21;-10.25;0.99;-0.08;0.97;0.12;11.55;-3.78;11.55
6173;-0.15;-10.24;0.93;-0.08;0.97;0.12;3.22;0.56;3.22
6182;-0.26;-10.26;1.18;-0.08;0.96;0.12;-2.59;5.53;-2.59
6191;-0.30;-10.35;1.10;-0.08;0.96;0.12;-5.74;8.75;-5.74
6200;-0.24;-10.52;1.19;-0.08;0.96;0.12;-5.04;8.26;-5.04
6208;-0.19;-10.62;1.20;-0.08;0.96;0.12;-0.91;5.74;-0.91
6217;-0.05;-10.65;1.20;-0.08;0.96;0.12;2.59;0.84;2.59
6226;0.01;-10.67;1.28;-0.08;0.96;0.12;5.04;-4.06;5.04
6235;0.14;-10.71;1.15;-0.08;0.96;0.14;6.09;-8.19;6.09
6244;0.50;-10.62;1.33;-0.08;0.96;0.14;5.67;-8.89;5.67
6252;0.57;-10.42;1.21;-0.08;0.96;0.14;4.41;-10.22;4.41
6261;0.85;-10.32;1.33;-0.08;0.95;0.13;3.08;-13.51;3.08
6270;0.89;-10.28;1.57;-0.08;0.95;0.13;3.22;-14.56;3.22
6279;0.93;-10.11;1.88;-0.08;0.95;0.13;6.02;-15.12;6.02
6287;1.19;-9.82;2.39;-0.05;0.95;0.12;10.99;-12.95;10.99
6296;1.35;-9.70;2.58;-0.05;0.95;0.12;18.13;-12.32;18.13
6305;1.39;-9.70;2.88;-0.05;0.95;0.12;24.36;-13.44;24.36
6314;0.06;-9.95;3.01;-0.07;0.96;0.12;30.03;-15.54;30.03
6322;2.46;-10.14;3.31;-0.07;0.96;0.12;31.15;-15.19;31.15
6331;2.50;-10.09;3.61;-0.07;0.96;0.12;29.12;-13.86;29.12
6340;2.56;-10.04;4.22;-0.07;0.95;0.14;24.15;-11.27;24.15
6349;3.24;-9.80;4.72;-0.07;0.95;0.14;16.94;-7.28;16.94
6410;5.46;-11.62;6.12;-0.08;0.96;0.16;28.63;-1.54;28.63
6419;5.19;-12.03;6.12;-0.09;0.96;0.16;12.11;9.80;12.11
6428;4.41;-12.10;6.43;-0.09;0.96;0.16;-9.52;28.00;-9.52
6437;4.50;-11.93;7.70;-0.13;0.94;0.15;-49.84;54.32;-49.84
6446;20.28;-17.97;6.76;-0.13;0.94;0.15;-115.36;58.94;-115.36
6454;5.17;-11.79;8.60;-0.13;0.94;0.15;-171.01;126.77;-171.01
6463;4.34;-9.18;8.89;-0.15;0.95;0.12;-238.42;171.99;-238.42
6472;5.47;-7.28;9.21;-0.15;0.95;0.12;-342.09;217.84;-342.09
6481;4.95;-2.75;6.58;-0.15;0.95;0.12;-451.08;259.49;-451.08
6489;4.23;2.28;3.55;-0.19;0.94;0.01;-553.98;309.75;-553.98
6498;0.25;12.54;-1.65;-0.19;0.94;0.01;-670.18;308.63;-670.18
6507;-0.82;22.16;-9.33;-0.19;0.94;0.01;-807.03;227.43;-807.03
6516;-6.11;32.53;-16.56;-0.21;0.90;-0.14;-927.92;111.37;-927.92
6525;-10.42;32.35;-23.57;-0.21;0.90;-0.14;-978.25;-45.50;-978.25
6534;-24.95;29.02;-23.75;-0.21;0.90;-0.14;-1046.99;-211.05;-1046.99
6543;-50.06;32.71;-19.70;-0.30;0.71;-0.25;-1142.61;-329.07;-1142.61
6552;-81.67;30.31;-2.06;-0.30;0.71;-0.25;-1410.92;-364.56;-1410.92
6561;-98.01;30.11;31.46;-0.30;0.71;-0.25;-1761.76;-489.16;-1761.76
6569;-84.66;16.04;67.26;-0.44;0.39;-0.21;-1839.04;-585.62;-1839.04
6578;-63.10;-7.37;97.51;-0.44;0.39;-0.21;-829.85;-630.84;-829.85
6587;-26.36;-21.87;75.38;-0.44;0.39;-0.21;308.91;116.76;308.91
6596;-8.61;-16.22;24.13;-0.42;0.23;-0.09;743.68;740.74;743.68
6605;-15.99;14.13;-28.16;-0.42;0.23;-0.09;923.23;744.87;923.23
6614;-12.91;30.21;-42.47;-0.42;0.23;-0.09;524.16;250.67;524.16
6622;19.07;23.49;-27.52;-0.37;0.38;-0.21;-13.30;-4.27;-13.30
6631;21.35;24.25;-24.99;-0.37;0.38;-0.21;-560.91;126.07;-560.91
6640;10.58;11.49;-19.70;-0.37;0.38;-0.21;-600.67;111.44;-600.67
6649;2.97;8.08;-11.23;-0.35;0.34;-0.21;-344.05;-36.82;-344.05
6658;-4.06;11.97;0.06;-0.35;0.34;-0.21;-67.55;-137.06;-67.55
6666;-10.73;13.29;9.41;-0.35;0.34;-0.19;93.45;-128.52;93.45
6675;-12.58;9.26;12.30;-0.37;0.34;-0.19;81.62;-70.56;81.62
6684;-11.28;1.69;10.37;-0.37;0.34;-0.19;34.30;-7.42;34.30
6693;-9.91;-2.21;6.58;-0.38;0.36;-0.18;-6.37;28.00;-6.37
6702;-7.38;1.36;3.58;-0.38;0.36;-0.18;-43.75;28.07;-43.75
6710;-6.11;4.64;2.04;-0.38;0.36;-0.18;-63.49;26.60;-63.49
6719;-4.97;8.84;0.70;-0.38;0.35;-0.18;-59.78;15.12;-59.78
6728;-3.15;10.50;0.01;-0.38;0.35;-0.18;-18.76;2.10;-18.76
6737;-2.72;10.87;0.03;-0.38;0.35;-0.18;-1.82;-13.58;-1.82
6746;-3.30;10.98;1.06;-0.38;0.38;-0.19;20.09;-31.50;20.09
6754;-4.82;10.29;3.07;-0.38;0.38;-0.19;28.77;-43.19;28.77
6763;-6.61;9.19;5.30;-0.38;0.38;-0.19;12.11;-43.33;12.11
6772;-8.55;7.39;7.29;-0.39;0.39;-0.18;-10.57;-36.33;-10.57
6781;-9.40;6.25;8.66;-0.39;0.39;-0.18;-17.57;-24.57;-17.57
6789;-9.67;6.03;8.89;-0.39;0.39;-0.18;-8.61;-9.38;-8.61
6798;-8.96;6.49;7.86;-0.39;0.39;-0.19;7.63;9.31;7.63
6807;-7.67;7.33;5.91;-0.39;0.39;-0.19;31.43;20.16;31.43
6816;-6.37;8.33;3.85;-0.39;0.39;-0.19;44.59;22.75;44.59
6825;-5.47;8.88;2.73;-0.38;0.39;-0.18;41.02;20.44;41.02
6833;-5.10;8.24;2.25;-0.38;0.39;-0.18;28.00;14.63;28.00
6842;-5.63;7.31;2.48;-0.38;0.39;-0.18;12.74;5.67;12.74
6851;-5.97;6.93;3.07;-0.40;0.39;-0.18;0.56;0.98;0.56
6860;-6.69;6.81;3.86;-0.40;0.39;-0.18;-7.49;-1.61;-7.49
6868;-7.14;6.58;4.84;-0.40;0.39;-0.18;-12.32;-1.47;-12.32
6877;-7.67;6.78;5.87;-0.39;0.39;-0.18;-5.74;3.85;-5.74
6886;-8.07;7.18;6.06;-0.39;0.39;-0.18;10.08;11.97;10.08
6895;-8.13;7.32;5.79;-0.39;0.39;-0.18;26.25;18.90;26.25
6903;-7.80;7.35;5.83;-0.39;0.39;-0.18;40.95;24.15;40.95
6912;-7.10;7.71;4.62;-0.39;0.39;-0.18;53.41;31.15;53.41
6921;-6.33;7.74;3.45;-0.39;0.39;-0.18;62.72;33.46;62.72
6930;-5.41;8.00;2.63;-0.38;0.39;-0.19;60.48;32.13;60.48
6938;-4.90;7.83;1.97;-0.38;0.39;-0.19;47.18;30.31;47.18
6947;-4.90;5.51;2.20;-0.38;0.39;-0.19;34.79;27.79;34.79
6956;-5.50;6.72;2.65;-0.37;0.39;-0.21;26.74;25.97;26.74
6965;-6.32;6.31;3.78;-0.37;0.39;-0.21;28.77;25.69;28.77
6974;-7.14;5.79;4.89;-0.37;0.39;-0.21;40.74;29.54;40.74
6982;-7.85;5.66;5.64;-0.37;0.39;-0.20;57.89;37.38;57.89
6991;-8.38;5.78;5.82;-0.37;0.39;-0.20;77.63;47.88;77.63
7000;-8.54;5.86;5.73;-0.37;0.39;-0.22;100.38;57.96;100.38
7009;-8.64;5.18;5.64;-0.38;0.39;-0.22;126.14;67.20;126.14
7018;-8.25;4.83;5.07;-0.38;0.39;-0.22;147.70;77.21;147.70
7027;-8.33;4.74;4.35;-0.37;0.42;-0.26;159.25;74.55;159.25
7035;-7.76;4.54;4.57;-0.37;0.42;-0.26;161.35;73.29;161.35
7044;-6.95;4.39;4.66;-0.37;0.42;-0.26;152.95;68.04;152.95
7053;-7.24;4.88;4.48;-0.35;0.44;-0.26;142.38;72.24;142.38
7062;-7.26;4.26;4.95;-0.35;0.44;-0.26;136.78;79.80;136.78
7071;-7.52;4.14;5.08;-0.35;0.44;-0.26;137.27;81.41;137.27
7079;-7.64;3.70;5.36;-0.35;0.45;-0.29;144.41;79.59;144.41
7088;-7.94;3.59;5.54;-0.35;0.45;-0.29;160.79;81.48;160.79
7097;-7.83;3.33;6.07;-0.35;0.45;-0.29;177.52;77.84;177.52
7106;-7.72;3.29;6.25;-0.33;0.49;-0.32;193.76;69.79;193.76
7115;-6.73;3.25;6.43;-0.33;0.49;-0.32;203.63;58.24;203.63
7123;-6.70;3.23;6.37;-0.33;0.49;-0.32;203.77;56.28;203.77
7132;-6.35;2.90;6.27;-0.32;0.53;-0.32;193.90;56.70;193.90
7141;-6.45;2.45;5.95;-0.32;0.53;-0.32;179.06;54.25;179.06
7150;-6.40;2.16;5.74;-0.32;0.53;-0.32;164.43;47.39;164.43
7159;-6.27;1.69;5.91;-0.31;0.57;-0.33;151.90;42.07;151.90
7168;-5.66;1.26;6.38;-0.31;0.57;-0.33;140.77;34.93;140.77
7177;-5.61;1.11;6.86;-0.31;0.57;-0.33;135.10;31.01;135.10
7185;-5.49;1.32;7.44;-0.31;0.60;-0.36;131.25;28.21;131.25
7194;-5.06;0.89;7.64;-0.31;0.60;-0.36;127.75;26.18;127.75
7203;-4.87;0.61;8.03;-0.31;0.60;-0.36;121.31;31.50;121.31
7212;-5.02;0.13;7.80;-0.31;0.62;-0.36;120.40;37.80;120.40
7220;-4.90;-0.28;7.52;-0.31;0.62;-0.36;116.48;36.89;116.48
7229;-4.98;-0.78;7.19;-0.31;0.62;-0.36;113.89;39.41;113.89
7238;-5.51;-0.64;7.69;-0.30;0.64;-0.35;111.86;34.23;111.86
7247;-5.79;-0.57;7.31;-0.30;0.64;-0.35;106.54;25.13;106.54
7256;-5.53;-0.88;7.67;-0.30;0.64;-0.35;102.20;22.40;102.20
7265;-4.74;-1.13;7.82;-0.30;0.68;-0.36;98.77;13.72;98.77
7273;-4.39;-1.06;7.94;-0.30;0.68;-0.36;97.44;8.96;97.44
7282;-4.11;-0.82;8.32;-0.29;0.70;-0.34;96.04;10.15;96.04
7291;-4.14;-1.33;8.63;-0.29;0.70;-0.34;95.13;13.93;95.13
7300;-4.11;-1.28;8.82;-0.29;0.70;-0.34;91.56;21.77;91.56
7309;-4.32;-1.67;8.68;-0.28;0.71;-0.36;89.95;31.64;89.95
7317;-4.19;-2.82;8.10;-0.28;0.71;-0.36;68.32;33.32;68.32
7326;-4.48;-2.30;8.00;-0.28;0.71;-0.36;97.58;37.73;97.58
7335;-4.40;-4.67;8.50;-0.29;0.74;-0.34;110.88;28.77;110.88
7344;-3.51;-3.11;7.64;-0.29;0.74;-0.34;119.14;23.17;119.14
7353;-4.41;-3.08;8.05;-0.29;0.74;-0.34;127.89;17.50;127.89
7361;-4.40;-2.99;8.53;-0.27;0.76;-0.34;141.54;2.52;141.54
7370;-4.43;-2.77;8.71;-0.27;0.76;-0.34;141.75;-4.48;141.75
7379;-4.03;-2.81;8.87;-0.27;0.76;-0.34;146.72;-11.76;146.72
7388;-3.40;-2.79;9.05;-0.26;0.78;-0.31;147.00;-4.76;147.00
7396;-3.14;-3.36;8.97;-0.26;0.78;-0.31;140.21;9.38;140.21
7405;-2.67;-4.06;9.03;-0.26;0.78;-0.31;131.88;25.34;131.88
7414;-2.50;-4.12;8.51;-0.26;0.82;-0.31;121.24;33.11;121.24
7423;-2.56;-4.76;8.26;-0.26;0.82;-0.31;116.90;35.70;116.90
7431;-2.65;-5.13;8.08;-0.26;0.82;-0.31;115.36;29.61;115.36
7440;-2.57;-5.28;7.87;-0.24;0.83;-0.29;117.39;16.52;117.39
7449;-2.89;-5.33;7.75;-0.24;0.83;-0.29;121.94;5.04;121.94
7458;-3.22;-5.48;7.90;-0.24;0.83;-0.29;128.17;-5.25;128.17
7467;-3.21;-5.53;7.81;-0.23;0.87;-0.29;131.74;-11.55;131.74
7475;-2.90;-5.57;7.71;-0.23;0.87;-0.29;138.25;-11.97;138.25
7484;-2.24;-5.55;7.62;-0.23;0.87;-0.29;143.01;-8.33;143.01
7493;-1.50;-5.84;7.45;-0.22;0.88;-0.24;144.69;-3.50;144.69
7502;-1.14;-5.97;7.08;-0.22;0.88;-0.24;142.10;3.08;142.10
7511;-1.40;-6.39;6.70;-0.22;0.88;-0.24;138.95;7.49;138.95
7519;-1.90;-6.99;6.42;-0.22;0.90;-0.22;140.84;5.60;140.84
7528;-2.31;-7.60;5.80;-0.22;0.90;-0.22;146.02;-3.71;146.02
7537;-2.35;-8.11;5.38;-0.22;0.90;-0.22;154.70;-24.50;154.70
7546;-2.10;-8.06;4.81;-0.20;0.92;-0.20;174.86;-51.17;174.86
7555;-2.07;-7.78;4.78;-0.20;0.92;-0.20;192.71;-78.75;192.71
7564;-2.18;-7.60;4.85;-0.20;0.92;-0.20;200.83;-101.43;200.83
7572;-1.54;-7.23;5.18;-0.19;0.94;-0.15;200.62;-103.67;200.62
7581;-1.41;-7.34;5.33;-0.19;0.94;-0.15;187.67;-85.82;187.67
7590;-1.11;-7.56;5.25;-0.18;0.95;-0.11;165.83;-58.38;165.83
7599;-0.99;-7.90;4.87;-0.18;0.95;-0.11;141.61;-26.74;141.61
7607;-1.13;-8.24;4.38;-0.18;0.95;-0.11;119.63;-10.71;119.63
7616;-1.23;-8.66;3.92;-0.17;0.96;-0.08;106.12;-12.25;106.12
7625;-1.56;-9.47;3.63;-0.17;0.96;-0.08;105.70;-22.96;105.70
7634;-1.89;-9.71;3.70;-0.17;0.96;-0.08;112.21;-40.04;112.21
7643;-0.04;-9.63;3.66;-0.16;0.96;-0.06;122.99;-59.99;122.99
7652;-1.74;-9.48;3.70;-0.16;0.96;-0.06;139.02;-82.39;139.02
7661;-1.73;-9.41;3.85;-0.16;0.96;-0.06;156.52;-94.78;156.52
7669;-1.67;-9.23;4.11;-0.15;0.96;-0.02;167.93;-98.35;167.93
7678;-1.66;-9.17;4.06;-0.15;0.96;-0.02;171.29;-88.06;171.29
7687;-1.44;-8.83;3.99;-0.15;0.96;-0.02;163.31;-72.94;163.31
7696;-0.85;-8.85;3.55;-0.13;0.96;0.04;147.70;-53.76;147.70
7704;-1.22;-8.90;3.66;-0.13;0.96;0.04;130.34;-31.29;130.34
7713;-0.77;-9.46;2.45;-0.13;0.96;0.04;113.54;-27.30;113.54
7722;-0.78;-10.25;2.13;-0.12;0.97;0.06;115.36;-29.54;115.36
7731;-1.11;-10.61;1.90;-0.12;0.97;0.06;126.84;-41.86;126.84
7740;-1.33;-10.78;1.81;-0.12;0.97;0.06;142.03;-54.18;142.03
7748;-1.31;-10.77;1.72;-0.10;0.97;0.09;155.47;-65.73;155.47
7757;-1.06;-10.24;1.41;-0.10;0.97;0.09;158.83;-68.04;158.83
7766;-0.78;-9.92;1.69;-0.10;0.97;0.09;154.42;-59.36;154.42
7775;-0.54;-9.21;1.36;-0.09;0.96;0.13;140.77;-52.50;140.77
7784;-0.37;-9.27;0.94;-0.09;0.96;0.13;122.78;-39.48;122.78
7793;-0.51;-9.35;0.66;-0.09;0.96;0.13;109.27;-26.81;109.27
7802;-0.37;-9.36;0.32;-0.08;0.95;0.15;104.58;-21.28;104.58
7811;-0.45;-9.66;-0.04;-0.08;0.95;0.15;101.85;-17.22;101.85
7819;-0.53;-9.91;-0.37;-0.08;0.95;0.15;105.14;-20.58;105.14
7828;-0.46;-10.13;-0.39;-0.07;0.94;0.19;109.55;-25.55;109.55
7837;-0.60;-10.34;-0.75;-0.07;0.94;0.19;114.73;-35.21;114.73
7846;-0.45;-10.42;-1.01;-0.07;0.94;0.20;122.36;-49.00;122.36
7855;-0.36;-10.47;-1.03;-0.05;0.93;0.20;127.96;-64.26;127.96
7863;-0.13;-10.13;-0.96;-0.05;0.93;0.20;133.63;-72.45;133.63
7872;0.01;-9.78;-1.01;-0.04;0.92;0.22;133.07;-80.08;133.07
7881;0.11;-9.54;-1.01;-0.04;0.92;0.22;127.68;-81.83;127.68
7890;0.07;-9.44;-0.77;-0.04;0.92;0.22;117.18;-75.11;117.18
7899;0.21;-9.30;-0.85;-0.02;0.91;0.25;104.58;-61.18;104.58
7907;0.27;-9.37;-0.85;-0.02;0.91;0.25;89.32;-45.64;89.32
7916;0.41;-9.59;-0.91;-0.02;0.91;0.25;75.74;-26.88;75.74
7925;0.14;-10.04;-1.03;-0.02;0.90;0.26;63.07;-16.80;63.07
7934;0.00;-10.18;-1.41;-0.02;0.90;0.26;60.34;-13.79;60.34
7942;0.12;-10.63;-1.64;-0.02;0.90;0.26;61.39;-16.52;61.39
7951;-0.01;-10.58;-1.96;-0.02;0.88;0.27;65.24;-21.56;65.24
7960;0.42;-11.11;-2.36;-0.02;0.88;0.27;65.52;-24.64;65.52
7969;0.41;-10.73;-2.58;-0.02;0.88;0.27;55.23;-28.49;55.23
7977;0.67;-10.44;-2.65;0.00;0.87;0.27;37.66;-26.60;37.66
7986;0.34;-10.12;-2.50;0.00;0.87;0.27;17.01;-14.98;17.01
7995;0.19;-9.99;-2.56;0.00;0.87;0.27;-6.37;-2.38;-6.37
8004;0.22;-9.91;-2.63;0.00;0.88;0.29;-22.89;11.27;-22.89
8012;0.09;-9.87;-2.83;0.00;0.88;0.29;-29.54;22.12;-29.54
8021;0.04;-9.84;-3.09;0.00;0.88;0.29;-29.33;26.53;-29.33
8030;-0.04;-10.01;-3.14;-0.00;0.88;0.28;-25.90;25.06;-25.90
8039;0.01;-10.05;-3.44;-0.00;0.88;0.28;-21.28;19.04;-21.28
8047;0.04;-10.30;-3.47;-0.00;0.88;0.28;-16.80;10.50;-16.80
8056;0.27;-10.21;-3.46;-0.00;0.89;0.27;-12.60;-0.21;-12.60
8065;0.42;-9.97;-3.02;-0.00;0.89;0.27;-13.30;-6.23;-13.30
8074;0.47;-10.00;-2.58;-0.00;0.89;0.27;-14.49;-5.18;-14.49
8083;0.16;-10.06;-2.41;0.01;0.88;0.27;-16.66;-3.92;-16.66
8091;0.09;-10.11;-2.11;0.01;0.88;0.27;-18.20;1.26;-18.20
8100;0.03;-10.05;-1.97;0.01;0.88;0.27;-19.74;8.47;-19.74
8109;0.27;-10.16;-1.90;-0.01;0.89;0.27;-21.84;16.73;-21.84
8118;0.43;-10.15;-2.03;-0.01;0.89;0.27;-25.06;23.10;-25.06
8126;0.54;-10.11;-2.07;-0.01;0.89;0.27;-26.67;24.71;-26.67
8135;0.68;-10.15;-2.09;-0.01;0.88;0.27;-26.95;21.42;-26.95
8144;0.78;-10.35;-2.09;-0.01;0.88;0.27;-26.46;15.33;-26.46
8153;0.80;-10.47;-2.00;-0.01;0.88;0.27;-25.62;9.87;-25.62
8161;0.79;-10.55;-1.84;-0.01;0.89;0.26;-26.04;6.16;-26.04
8170;1.02;-10.77;-1.56;-0.01;0.89;0.26;-30.66;6.02;-30.66
8179;1.03;-11.02;-1.11;-0.01;0.90;0.26;-35.35;9.66;-35.35
8188;0.96;-11.13;-0.95;-0.02;0.90;0.26;-40.04;13.86;-40.04
8197;1.24;-11.32;-0.75;-0.02;0.90;0.26;-43.68;16.87;-43.68
8205;1.41;-11.47;-0.54;-0.03;0.90;0.24;-45.99;18.13;-45.99
8214;1.68;-11.68;-0.41;-0.03;0.90;0.24;-45.29;17.43;-45.29
8223;2.09;-11.53;-0.24;-0.03;0.90;0.24;-42.42;13.65;-42.42
8232;2.41;-11.33;-0.08;-0.03;0.90;0.23;-40.88;11.41;-40.88
8240;2.62;-10.89;0.07;-0.03;0.90;0.23;-42.14;9.73;-42.14
8249;2.79;-10.83;0.17;-0.03;0.90;0.23;-45.78;6.58;-45.78
8258;2.71;-10.90;0.57;-0.03;0.91;0.23;-49.35;3.64;-49.35
8267;2.38;-11.11;1.11;-0.03;0.91;0.23;-49.63;2.24;-49.63
8275;2.30;-11.17;1.56;-0.03;0.91;0.23;-46.13;4.13;-46.13
8284;2.50;-11.09;1.74;-0.03;0.91;0.22;-40.53;7.63;-40.53
8293;2.71;-10.95;1.96;-0.03;0.91;0.22;-36.26;12.11;-36.26
8302;2.76;-10.89;1.78;-0.03;0.91;0.22;-26.39;14.07;-26.39
8310;2.83;-11.09;1.65;-0.04;0.91;0.20;-12.11;12.32;-12.11
8319;3.26;-11.33;1.61;-0.04;0.91;0.20;3.43;7.63;3.43
8328;3.09;-11.52;1.75;-0.04;0.91;0.20;19.32;0.35;19.32
8337;3.32;-11.58;1.43;-0.05;0.91;0.21;35.70;-6.51;35.70
8345;3.17;-11.52;1.31;-0.05;0.91;0.21;49.14;-11.41;49.14
8354;3.06;-11.52;1.18;-0.05;0.91;0.21;58.31;-15.40;58.31
8363;2.94;-11.54;1.17;-0.06;0.91;0.23;61.46;-15.19;61.46
8372;2.41;-11.38;1.49;-0.06;0.91;0.23;53.69;-4.97;53.69
8381;2.08;-11.58;2.36;-0.06;0.91;0.23;29.96;23.73;29.96
8389;2.11;-11.24;2.88;-0.05;0.92;0.24;-11.76;66.99;-11.76
8398;2.50;-10.75;2.79;-0.05;0.92;0.24;-73.08;126.84;-73.08
8407;2.33;-10.44;4.01;-0.05;0.92;0.24;-154.56;169.96;-154.56
8416;3.12;-10.14;4.87;-0.06;0.90;0.21;-235.41;218.33;-235.41
8425;4.30;-9.25;5.29;-0.06;0.90;0.21;-315.63;284.48;-315.63
8433;5.32;-7.59;6.02;-0.06;0.90;0.21;-395.01;313.11;-395.01
8442;6.41;-5.31;5.84;-0.10;0.93;0.15;-456.61;345.24;-456.61
8451;6.07;1.59;4.52;-0.10;0.93;0.15;-519.26;367.99;-519.26
8460;5.76;3.80;3.29;-0.10;0.93;0.15;-595.70;399.77;-595.70
8468;4.57;9.72;0.81;-0.14;0.95;0.02;-725.62;401.45;-725.62
8477;1.56;18.05;-4.56;-0.14;0.95;0.02;-857.36;379.40;-857.36
8486;-1.87;25.50;-11.38;-0.14;0.95;0.02;-962.08;314.72;-962.08
8495;-8.10;26.72;-14.26;-0.19;0.90;-0.16;-1116.43;221.55;-1116.43
8504;-17.14;21.70;-16.63;-0.19;0.90;-0.16;-1195.88;88.34;-1195.88
8513;-30.30;21.20;-16.85;-0.27;0.70;-0.32;-1290.52;-79.38;-1290.52
8521;-44.65;20.52;-8.48;-0.27;0.70;-0.32;-1439.20;-280.56;-1439.20
8530;-58.43;21.74;6.97;-0.27;0.70;-0.32;-1637.02;-380.17;-1637.02
8539;-70.85;34.64;26.85;-0.36;0.39;-0.29;-1780.94;-515.48;-1780.94
8548;-72.02;27.89;47.94;-0.36;0.39;-0.29;-1569.54;-676.69;-1569.54
8557;-57.84;9.44;63.23;-0.36;0.39;-0.29;-451.50;-901.32;-451.50
8566;-26.12;-0.64;67.61;-0.42;0.27;-0.12;315.35;-427.35;315.35
8574;-10.36;-1.85;40.63;-0.42;0.27;-0.12;553.98;285.25;553.98
8583;-5.40;20.95;13.40;-0.42;0.27;-0.12;640.29;631.75;640.29
8592;-5.97;35.47;-30.78;-0.37;0.34;-0.20;385.14;664.86;385.14
8601;-1.30;12.46;-33.06;-0.37;0.34;-0.20;13.37;322.91;13.37
8610;21.02;11.11;-27.64;-0.37;0.34;-0.20;-230.44;128.73;-230.44
8618;16.44;11.14;-24.32;-0.33;0.33;-0.23;-403.90;114.10;-403.90
8627;4.36;8.63;-14.96;-0.33;0.33;-0.23;-361.62;-1.33;-361.62
8636;-0.85;12.77;-4.82;-0.33;0.33;-0.23;-208.95;-129.36;-208.95
8645;-6.77;14.62;4.87;-0.34;0.30;-0.20;-51.31;-153.16;-51.31
8653;-11.64;11.00;12.50;-0.34;0.30;-0.20;25.90;-108.01;25.90
8662;-10.30;6.06;13.35;-0.34;0.30;-0.20;53.27;-33.11;53.27
8671;-9.94;2.18;10.23;-0.35;0.32;-0.21;71.96;35.21;71.96
8680;-9.27;1.93;6.65;-0.35;0.32;-0.21;52.64;59.43;52.64
8689;-6.63;4.69;3.80;-0.35;0.32;-0.21;10.43;71.33;10.43
8698;-4.36;6.54;0.84;-0.36;0.32;-0.19;-21.56;68.67;-21.56
8706;-2.15;8.09;-1.68;-0.36;0.32;-0.19;-26.32;50.54;-26.32
8715;-0.87;9.15;-2.80;-0.36;0.32;-0.19;-15.40;17.78;-15.40
8724;-0.54;10.86;-1.93;-0.35;0.32;-0.20;-3.43;-20.02;-3.43
8733;-1.34;10.98;-0.06;-0.35;0.32;-0.20;-1.47;-53.90;-1.47
8741;-3.60;9.66;2.94;-0.35;0.32;-0.20;-10.50;-67.62;-10.50
8750;-6.48;8.03;6.89;-0.37;0.33;-0.20;-22.96;-65.73;-22.96
8759;-10.85;6.32;9.77;-0.37;0.33;-0.20;-30.10;-49.21;-30.10
8768;-10.13;5.43;11.05;-0.37;0.33;-0.20;-20.37;-21.56;-20.37
8776;-9.40;5.53;10.22;-0.38;0.33;-0.23;10.99;6.72;10.99
8785;-8.40;6.31;7.97;-0.38;0.33;-0.23;40.74;26.60;40.74
8794;-6.49;6.65;5.13;-0.38;0.33;-0.20;52.85;32.27;52.85
8803;-5.29;6.81;2.97;-0.38;0.33;-0.20;46.27;23.24;46.27
8812;-4.41;6.35;2.37;-0.38;0.33;-0.20;22.26;11.41;22.26
8820;-4.51;6.75;2.84;-0.37;0.34;-0.21;0.63;2.59;0.63
8829;-4.90;6.96;3.50;-0.37;0.34;-0.21;-6.93;-5.04;-6.93
8838;-5.10;7.01;4.38;-0.37;0.34;-0.21;0.07;-8.68;0.07
8847;-5.39;6.95;5.23;-0.38;0.33;-0.21;5.53;-6.23;5.53
8855;-5.97;6.90;5.71;-0.38;0.33;-0.21;3.92;2.52;3.92
8864;-6.51;6.77;5.92;-0.38;0.33;-0.21;4.69;8.47;4.69
8873;-6.02;6.01;5.64;-0.38;0.32;-0.20;3.08;12.25;3.08
8882;-6.09;6.03;5.57;-0.38;0.32;-0.20;0.84;13.02;0.84
8890;-5.99;6.41;5.12;-0.38;0.32;-0.20;1.26;12.95;1.26
8899;-5.46;6.61;4.67;-0.37;0.33;-0.22;5.46;10.64;5.46
8908;-5.14;6.85;4.31;-0.37;0.33;-0.22;7.07;8.54;7.07
8917;-4.78;7.15;4.32;-0.37;0.33;-0.22;11.06;5.11;11.06
8925;-4.68;7.34;4.46;-0.37;0.33;-0.21;15.05;3.01;15.05
8934;-4.79;7.09;4.58;-0.37;0.33;-0.21;18.41;2.17;18.41
8943;-4.95;6.70;4.92;-0.37;0.33;-0.21;14.00;3.99;14.00
8952;-5.28;6.48;5.23;-0.37;0.31;-0.20;5.88;7.35;5.88
8960;-5.59;6.30;5.75;-0.37;0.31;-0.20;-5.67;13.65;-5.67
8969;-5.85;6.36;5.64;-0.37;0.31;-0.20;-13.37;19.25;-13.37
8978;-5.62;6.38;5.51;-0.37;0.32;-0.20;-11.48;22.26;-11.48
8987;-5.38;6.55;5.13;-0.37;0.32;-0.20;-0.21;21.70;-0.21
8996;-5.05;6.97;4.62;-0.37;0.32;-0.20;12.95;18.97;12.95
9004;-4.59;7.23;4.43;-0.37;0.32;-0.21;22.05;15.68;22.05
9013;-4.18;7.59;4.13;-0.37;0.32;-0.21;23.59;12.60;23.59
9022;-4.34;7.77;4.21;-0.37;0.32;-0.21;15.75;10.43;15.75
9031;-4.57;7.80;4.54;-0.36;0.33;-0.25;7.35;9.80;7.35
9039;-4.85;7.16;4.95;-0.36;0.33;-0.25;-3.85;11.97;-3.85
9048;-5.15;7.07;5.30;-0.36;0.33;-0.25;-7.70;15.54;-7.70
9057;-5.19;7.08;5.30;-0.37;0.32;-0.22;-4.55;17.15;-4.55
9066;-5.05;6.76;5.10;-0.37;0.32;-0.22;1.96;19.39;1.96
9074;-4.97;6.70;4.99;-0.37;0.32;-0.22;8.47;21.98;8.47
9083;-4.96;6.68;4.64;-0.35;0.32;-0.23;12.81;24.78;12.81
9092;-4.59;6.79;4.21;-0.35;0.32;-0.23;14.63;24.08;14.63
9101;-4.65;6.85;4.02;-0.35;0.32;-0.23;12.25;22.33;12.25
9110;-4.64;6.93;3.96;-0.35;0.31;-0.23;9.03;17.22;9.03
9118;-4.47;7.17;4.10;-0.35;0.31;-0.23;7.28;13.58;7.28
9127;-4.75;7.07;4.47;-0.35;0.31;-0.23;9.73;12.25;9.73
9136;-5.08;6.88;4.52;-0.35;0.31;-0.22;13.44;9.38;13.44
9145;-5.09;6.91;4.72;-0.35;0.31;-0.22;20.58;8.89;20.58
9153;-5.40;6.65;5.05;-0.35;0.32;-0.24;31.64;13.02;31.64
9162;-5.71;6.32;5.18;-0.35;0.32;-0.24;44.45;17.01;44.45
9171;-5.92;6.18;5.55;-0.35;0.32;-0.24;61.53;19.04;61.53
9180;-6.15;5.79;5.67;-0.35;0.33;-0.24;84.28;26.39;84.28
9189;-6.40;3.73;5.80;-0.35;0.33;-0.24;104.09;31.92;104.09
9197;-6.60;5.21;5.71;-0.35;0.33;-0.24;124.60;32.83;124.60
9206;-6.32;4.69;5.65;-0.35;0.35;-0.25;140.07;36.12;140.07
9215;-6.30;4.88;5.40;-0.35;0.35;-0.25;146.79;39.34;146.79
9224;-6.45;4.62;5.08;-0.35;0.35;-0.25;152.39;39.27;152.39
9233;-6.53;4.34;5.01;-0.35;0.38;-0.27;155.40;40.67;155.40
9241;-6.93;4.93;5.14;-0.35;0.38;-0.27;157.01;40.60;157.01
9250;-7.29;4.85;5.24;-0.35;0.38;-0.27;158.90;44.10;158.90
9259;-7.52;4.16;5.55;-0.35;0.42;-0.28;161.56;47.53;161.56
9268;-7.43;4.69;5.61;-0.35;0.42;-0.28;164.50;48.09;164.50
9276;-7.34;4.89;5.86;-0.35;0.42;-0.28;167.23;46.83;167.23
9285;-7.29;4.71;6.24;-0.34;0.45;-0.32;166.67;46.55;166.67
9294;-7.38;4.75;6.41;-0.34;0.45;-0.32;154.00;27.86;154.00
9303;-6.79;3.95;6.34;-0.34;0.45;-0.32;155.05;45.85;155.05
9312;-6.44;3.51;6.30;-0.34;0.49;-0.31;151.06;52.01;151.06
9321;-6.34;3.26;6.12;-0.34;0.49;-0.31;143.01;56.63;143.01
9329;-6.86;3.05;6.26;-0.34;0.49;-0.31;132.44;59.92;132.44
9338;-6.75;3.11;6.83;-0.32;0.52;-0.35;122.29;52.29;122.29
9347;-6.47;2.73;6.83;-0.32;0.52;-0.35;116.27;48.93;116.27
9356;-6.28;2.23;7.08;-0.32;0.52;-0.35;111.51;50.47;111.51
9365;-6.25;2.20;7.28;-0.32;0.55;-0.34;110.60;50.33;110.60
9373;-6.78;1.96;7.59;-0.32;0.55;-0.34;114.17;49.21;114.17
9382;-6.93;1.75;7.80;-0.32;0.55;-0.34;117.39;47.95;117.39
9391;-6.68;1.75;7.88;-0.30;0.57;-0.36;122.71;46.20;122.71
9400;-6.47;1.79;8.08;-0.30;0.57;-0.36;126.42;45.71;126.42
9409;-6.27;1.59;8.24;-0.30;0.57;-0.36;129.15;49.21;129.15
9418;-6.02;1.11;7.92;-0.29;0.60;-0.37;130.90;52.01;130.90
9427;-5.53;0.57;7.54;-0.29;0.60;-0.37;131.74;49.28;131.74
9435;-5.13;-0.07;7.10;-0.28;0.63;-0.36;133.07;41.58;133.07
9444;-5.16;-0.58;7.03;-0.28;0.63;-0.36;130.76;32.41;130.76
9453;-4.77;-1.20;7.01;-0.28;0.63;-0.36;125.09;22.96;125.09
9462;-4.49;-1.57;7.14;-0.27;0.66;-0.37;112.49;15.89;112.49
9470;-4.29;-1.52;7.41;-0.27;0.66;-0.37;94.50;17.29;94.50
9479;-4.44;-0.90;7.65;-0.27;0.66;-0.37;70.28;19.95;70.28
9488;-3.91;-0.39;7.99;-0.27;0.68;-0.37;49.35;19.25;49.35
9497;-4.72;0.37;8.41;-0.27;0.68;-0.37;34.16;26.18;34.16
9506;-5.15;0.56;8.69;-0.27;0.68;-0.37;20.37;25.90;20.37
9514;-4.81;-0.01;8.84;-0.26;0.69;-0.36;7.91;28.91;7.91
9523;-4.52;-0.67;8.90;-0.26;0.69;-0.36;6.58;30.10;6.58
9532;-4.13;-1.77;8.79;-0.26;0.69;-0.36;13.51;26.53;13.51
9541;-3.97;-2.29;8.64;-0.27;0.70;-0.37;22.54;21.70;22.54
9549;-4.19;-2.51;8.71;-0.27;0.70;-0.37;22.40;16.52;22.40
9558;-3.60;-2.17;8.13;-0.27;0.70;-0.37;5.81;16.87;5.81
9567;-3.47;-1.84;8.61;-0.26;0.70;-0.38;-30.38;27.23;-30.38
9576;-3.22;-1.54;8.53;-0.26;0.70;-0.38;-85.68;45.01;-85.68
9585;-3.61;-1.11;8.61;-0.26;0.70;-0.38;-122.01;53.83;-122.01
9593;-5.48;-0.68;8.96;-0.25;0.67;-0.40;-145.25;53.55;-145.25
9602;-3.55;-0.42;9.35;-0.25;0.67;-0.40;-151.27;49.70;-151.27
9611;-3.44;-0.82;9.57;-0.25;0.67;-0.40;-144.97;43.75;-144.97
9620;-3.22;-1.16;9.81;-0.26;0.64;-0.42;-129.78;33.74;-129.78
9629;-2.99;-1.07;9.92;-0.26;0.64;-0.42;-108.29;26.25;-108.29
9637;-2.96;-0.89;9.68;-0.26;0.64;-0.42;-82.74;18.76;-82.74
9646;-2.70;-0.70;9.65;-0.25;0.63;-0.42;-63.56;9.87;-63.56
9655;-2.43;-0.31;9.29;-0.25;0.63;-0.42;-47.39;3.36;-47.39
9664;-2.15;0.16;8.91;-0.25;0.63;-0.42;-39.41;-0.70;-39.41
9672;-2.02;0.39;8.64;-0.25;0.61;-0.42;-37.73;-3.15;-37.73
9681;-1.13;0.21;8.25;-0.25;0.61;-0.42;-41.72;-4.62;-41.72
9690;-1.19;1.25;8.57;-0.25;0.61;-0.42;-41.86;-2.73;-41.86
9699;-1.18;0.79;8.56;-0.25;0.60;-0.44;-44.87;-4.06;-44.87
9708;-1.18;0.43;8.80;-0.25;0.60;-0.44;-45.64;-7.00;-45.64
9717;-1.23;0.41;8.92;-0.25;0.60;-0.44;-44.31;-9.31;-44.31
9726;-1.52;0.17;9.00;-0.26;0.60;-0.44;-37.73;-11.27;-37.73
9734;-1.72;0.21;9.07;-0.26;0.60;-0.44;-29.68;-13.37;-29.68
9743;-1.56;0.60;9.22;-0.26;0.59;-0.44;-20.02;-13.79;-20.02
9752;-1.78;1.06;9.20;-0.26;0.59;-0.44;-13.86;-13.79;-13.86
9761;-1.77;1.50;9.10;-0.26;0.59;-0.44;-13.30;-13.16;-13.30
9769;-1.74;1.62;9.09;-0.26;0.57;-0.44;-17.57;-12.67;-17.57
9778;-1.71;1.84;9.07;-0.26;0.57;-0.44;-22.05;-12.18;-22.05
9787;-1.90;1.96;9.17;-0.26;0.57;-0.44;-27.79;-11.55;-27.79
9796;-2.04;1.71;9.52;-0.27;0.57;-0.43;-34.16;-13.86;-34.16
9805;-2.33;1.30;9.99;-0.27;0.57;-0.43;-33.67;-15.12;-33.67
9813;-2.43;1.18;10.37;-0.27;0.57;-0.43;-26.53;-15.33;-26.53
9822;-2.74;1.04;10.61;-0.27;0.57;-0.43;-14.28;-14.07;-14.28
9831;-2.92;1.09;10.52;-0.27;0.57;-0.43;-2.94;-12.60;-2.94
9840;-2.62;0.82;10.21;-0.27;0.57;-0.43;8.54;-10.64;8.54
9848;-2.71;0.76;9.71;-0.28;0.56;-0.42;17.22;-7.21;17.22
9857;-2.74;1.03;9.15;-0.28;0.56;-0.42;20.79;-5.74;20.79
9866;-2.71;1.23;8.92;-0.28;0.56;-0.42;16.66;-6.30;16.66
9875;-2.71;1.36;8.76;-0.28;0.57;-0.43;7.07;-6.23;7.07
9883;-2.80;1.32;8.70;-0.28;0.57;-0.43;-2.31;-5.81;-2.31
9892;-3.07;1.22;8.69;-0.28;0.57;-0.43;-11.06;-5.53;-11.06
9901;-3.11;1.01;8.76;-0.28;0.56;-0.45;-10.57;-8.89;-10.57
9910;-3.17;0.70;9.02;-0.28;0.56;-0.45;-3.78;-12.67;-3.78
9919;-3.13;0.45;9.01;-0.28;0.56;-0.45;6.23;-14.91;6.23
9927;-2.75;0.83;8.84;-0.28;0.56;-0.43;18.90;-14.98;18.90
9936;-3.06;1.02;9.07;-0.28;0.56;-0.43;27.44;-16.87;27.44
9945;-2.83;0.08;8.92;-0.28;0.56;-0.43;29.82;-20.37;29.82
9954;-2.79;0.47;8.94;-0.29;0.56;-0.44;29.33;-16.87;29.33
9962;-2.71;0.85;8.79;-0.29;0.56;-0.44;21.14;-14.77;21.14
9971;-2.67;0.45;8.71;-0.29;0.56;-0.44;10.29;-14.49;10.29
9980;-2.73;0.93;8.64;-0.30;0.56;-0.43;2.03;-14.91;2.03
9989;-2.69;1.09;8.84;-0.30;0.56;-0.43;-7.42;-18.20;-7.42
9998;-2.63;1.01;9.12;-0.30;0.56;-0.43;-14.77;-17.85;-14.77
10006;-2.89;1.06;9.40;-0.29;0.56;-0.43;-15.82;-18.76;-15.82
10015;-2.93;1.11;9.73;-0.29;0.56;-0.43;-11.34;-21.07;-11.34
10024;-2.89;1.10;9.95;-0.29;0.56;-0.43;-3.15;-21.00;-3.15
10033;-3.24;1.08;10.16;-0.30;0.56;-0.43;3.99;-19.88;3.99
10042;-3.19;1.08;10.29;-0.30;0.56;-0.43;8.40;-17.36;8.40
10050;-3.27;0.95;10.23;-0.30;0.57;-0.42;10.99;-12.11;10.99
10059;-3.32;0.95;10.06;-0.30;0.57;-0.42;11.55;-9.31;11.55
10068;-3.13;0.96;9.88;-0.30;0.57;-0.42;11.41;-7.70;11.41
10076;-3.02;0.90;9.69;-0.30;0.56;-0.42;8.89;-5.39;8.89
10085;-2.96;0.95;9.41;-0.30;0.56;-0.42;5.88;-4.48;5.88
10094;-3.08;0.94;9.39;-0.30;0.56;-0.42;0.28;-4.76;0.28
10103;-3.15;0.82;9.36;-0.30;0.56;-0.42;-4.20;-5.18;-4.20
10112;-3.29;0.80;9.55;-0.30;0.56;-0.42;-6.51;-5.60;-6.51
10120;-3.37;0.72;9.72;-0.30;0.56;-0.42;-6.58;-5.53;-6.58
10129;-3.68;0.70;9.71;-0.30;0.56;-0.42;-3.85;-5.39;-3.85
10138;-3.63;0.60;9.58;-0.30;0.56;-0.42;0.14;-5.25;0.14
10147;-3.45;0.56;9.53;-0.30;0.56;-0.42;4.27;-4.20;4.27
10155;-3.52;0.75;9.32;-0.30;0.56;-0.41;4.90;-1.68;4.90
10164;-3.63;0.62;9.32;-0.30;0.56;-0.41;1.40;0.63;1.40
10173;-3.49;0.75;9.16;-0.30;0.56;-0.41;-2.10;2.10;-2.10
10182;-3.25;0.76;9.12;-0.30;0.56;-0.43;-3.99;2.87;-3.99
10190;-3.43;0.85;8.95;-0.30;0.56;-0.43;-4.20;2.17;-4.20
10199;-3.34;0.93;8.92;-0.30;0.56;-0.43;-3.29;-0.91;-3.29
10208;-3.35;1.08;8.77;-0.31;0.56;-0.43;-1.19;-3.01;-1.19
10217;-3.44;1.01;8.69;-0.31;0.56;-0.43;-0.07;-5.04;-0.07
10226;-3.54;0.99;8.50;-0.31;0.56;-0.43;-0.42;-6.86;-0.42
10234;-3.63;0.90;8.56;-0.32;0.56;-0.42;-1.19;-7.56;-1.19
10243;-3.93;0.85;8.64;-0.32;0.56;-0.42;-2.24;-7.49;-2.24
10252;-4.01;0.86;8.61;-0.32;0.56;-0.42;-2.45;-7.14;-2.45
10260;-4.31;0.92;8.72;-0.28;0.55;-0.44;-3.64;-7.56;-3.64
10269;-4.44;0.84;9.02;-0.28;0.55;-0.44;-5.04;-6.30;-5.04
10278;-4.45;0.93;9.09;-0.28;0.55;-0.44;-6.30;-4.41;-6.30
10287;-4.40;0.98;9.15;-0.31;0.55;-0.43;-5.74;-2.80;-5.74
10295;-4.32;0.99;9.02;-0.31;0.55;-0.43;-3.64;-2.10;-3.64
10304;-4.19;0.95;8.94;-0.31;0.55;-0.43;-1.05;-1.26;-1.05
10313;-4.11;0.88;8.79;-0.31;0.55;-0.43;1.68;-1.40;1.68
10322;-4.11;1.02;8.61;-0.31;0.55;-0.43;2.17;-2.24;2.17
10331;-3.95;1.08;8.65;-0.31;0.55;-0.43;3.15;-3.71;3.15
10339;-3.86;1.14;8.67;-0.31;0.55;-0.42;3.85;-4.34;3.85
10348;-3.85;1.21;8.51;-0.31;0.55;-0.42;4.97;-5.74;4.97
10357;-3.78;1.39;8.70;-0.31;0.55;-0.42;4.76;-5.81;4.76
10366;-3.85;1.39;8.75;-0.31;0.55;-0.43;2.38;-4.13;2.38
10374;-3.87;1.27;8.59;-0.31;0.55;-0.43;-1.05;-2.80;-1.05
10392;-3.92;0.99;8.55;-0.30;0.55;-0.42;-2.87;-3.99;-2.87
10401;-3.86;0.94;8.61;-0.30;0.55;-0.42;-1.96;-6.44;-1.96
10409;-3.86;0.95;8.58;-0.31;0.55;-0.41;0.49;-7.84;0.49
10418;-3.82;1.00;8.82;-0.31;0.55;-0.41;1.96;-7.77;1.96
10427;-3.73;0.95;8.71;-0.31;0.55;-0.41;3.29;-7.00;3.29
10436;-3.76;0.98;8.78;-0.31;0.56;-0.43;4.69;-7.21;4.69
10444;-3.78;1.05;8.74;-0.31;0.56;-0.43;5.04;-8.61;5.04
10453;-3.71;1.00;8.80;-0.31;0.56;-0.43;2.94;-8.82;2.94
10462;-3.71;0.85;8.92;-0.31;0.56;-0.43;-1.05;-7.70;-1.05
10471;-3.80;0.93;9.05;-0.31;0.56;-0.43;-4.62;-7.35;-4.62
10479;-3.78;0.86;9.12;-0.31;0.56;-0.43;-7.28;-6.93;-7.28
10488;-3.58;0.83;9.25;-0.32;0.56;-0.41;-7.21;-6.02;-7.21
10497;-3.70;0.80;9.30;-0.32;0.56;-0.41;-6.02;-4.62;-6.02
10506;-3.70;0.85;9.36;-0.32;0.56;-0.41;-4.27;-4.06;-4.27
10514;-3.63;0.73;9.41;-0.31;0.56;-0.42;-2.80;-3.78;-2.80
10523;-3.67;0.70;9.38;-0.31;0.56;-0.42;-0.84;-4.90;-0.84
10532;-3.66;0.75;9.48;-0.31;0.56;-0.42;-1.75;-7.00;-1.75
10541;-3.86;0.77;9.58;-0.32;0.56;-0.41;-4.41;-11.20;-4.41
10549;-3.14;0.80;9.82;-0.32;0.56;-0.41;-6.23;-7.63;-6.23
10558;-3.33;0.83;10.07;-0.32;0.56;-0.41;-9.38;-2.59;-9.38
10567;-3.17;0.76;10.24;-0.31;0.56;-0.42;-12.46;-0.14;-12.46
10576;-2.86;0.66;10.37;-0.31;0.56;-0.42;-13.65;2.80;-13.65
10584;-2.75;0.65;10.41;-0.31;0.56;-0.42;-14.63;5.74;-14.63
10593;-2.59;0.63;10.21;-0.31;0.55;-0.42;-15.40;3.99;-15.40
10602;-1.92;0.52;10.51;-0.31;0.55;-0.42;-16.03;4.55;-16.03
10611;-1.88;0.47;10.50;-0.31;0.55;-0.42;-15.54;6.02;-15.54
10620;-1.57;0.57;10.87;-0.31;0.55;-0.41;-15.82;2.52;-15.82
10628;-0.78;0.72;11.11;-0.31;0.55;-0.41;-18.55;0.98;-18.55
10637;-0.14;0.78;11.31;-0.31;0.55;-0.41;-20.44;6.37;-20.44
10646;0.09;0.93;11.28;-0.31;0.56;-0.42;-22.47;11.13;-22.47
10655;0.47;0.95;11.30;-0.31;0.56;-0.42;-22.33;13.02;-22.33
10664;0.88;0.86;11.23;-0.31;0.56;-0.42;-20.79;15.05;-20.79
10672;1.36;1.08;11.15;-0.30;0.55;-0.42;-17.15;15.68;-17.15
10681;1.63;1.26;11.01;-0.30;0.55;-0.42;-15.82;18.55;-15.82
10690;1.67;1.61;10.97;-0.30;0.55;-0.42;-16.52;18.27;-16.52
10699;1.97;1.85;11.05;-0.30;0.56;-0.43;-19.88;15.96;-19.88
10708;2.41;2.15;11.34;-0.30;0.56;-0.43;-26.74;15.89;-26.74
10717;2.61;2.33;11.69;-0.30;0.54;-0.43;-34.58;16.94;-34.58
10726;3.31;2.46;11.97;-0.30;0.54;-0.43;-42.70;21.49;-42.70
10734;3.96;2.72;12.14;-0.30;0.54;-0.43;-49.42;26.18;-49.42
10743;5.18;2.97;12.47;-0.28;0.53;-0.43;-52.22;24.92;-52.22
10752;7.09;3.28;13.17;-0.28;0.53;-0.43;-55.23;16.66;-55.23
10761;9.37;4.49;14.08;-0.28;0.53;-0.43;-50.33;0.00;-50.33
10769;12.90;2.70;14.05;-0.28;0.52;-0.42;-37.59;-14.63;-37.59
10778;14.91;3.71;13.73;-0.28;0.52;-0.42;-14.14;-5.67;-14.14
10787;16.12;5.48;11.46;-0.28;0.52;-0.42;0.84;21.63;0.84
10796;13.98;6.88;8.23;-0.29;0.54;-0.43;35.70;49.84;35.70
10805;9.29;11.69;2.58;-0.29;0.54;-0.43;26.81;40.25;26.81
10813;6.98;10.37;-1.16;-0.29;0.54;-0.43;36.54;18.83;36.54
10822;2.92;13.00;-8.00;-0.26;0.52;-0.43;24.99;-29.26;24.99
10831;-1.90;13.44;-17.44;-0.26;0.52;-0.43;21.91;-102.69;21.91
10840;-7.36;13.17;-25.03;-0.26;0.52;-0.43;-3.36;-249.97;-3.36
10849;-17.49;13.85;-28.23;-0.26;0.51;-0.37;-60.34;-452.20;-60.34
10857;-34.54;16.43;-24.98;-0.26;0.51;-0.37;-149.66;-609.35;-149.66
10866;-48.96;16.12;-16.57;-0.26;0.51;-0.37;-207.83;-679.63;-207.83
10884;-62.25;14.75;10.87;-0.37;0.52;-0.30;-216.37;-587.44;-216.37
10893;-75.12;-10.98;41.67;-0.37;0.52;-0.30;-175.77;-563.92;-175.77
10902;-77.23;-56.64;71.52;-0.47;0.45;-0.20;-292.25;-299.11;-292.25
10911;-15.35;-61.17;51.07;-0.47;0.45;-0.20;-114.17;151.13;-114.17
10920;-5.10;-15.57;15.09;-0.47;0.45;-0.20;254.24;642.60;254.24
10928;-20.40;7.75;-24.46;-0.43;0.43;-0.27;238.70;528.50;238.70
10937;-4.85;26.74;-28.58;-0.43;0.43;-0.27;101.92;139.51;101.92
10946;15.23;34.76;-20.40;-0.43;0.43;-0.27;-147.00;10.92;-147.00
10955;14.67;31.08;-15.23;-0.39;0.50;-0.21;-227.43;41.09;-227.43
10964;10.54;22.51;-14.31;-0.39;0.50;-0.21;-130.55;7.91;-130.55
10973;2.13;16.70;-10.66;-0.39;0.50;-0.19;-40.74;-68.81;-40.74
10982;-3.75;14.03;-5.07;-0.38;0.47;-0.19;-23.10;-103.60;-23.10
11008;-14.29;-5.93;12.56;-0.35;0.48;-0.18;-51.52;-46.20;-51.52
11017;-13.80;-4.34;11.44;-0.35;0.48;-0.18;-8.47;-5.53;-8.47
11052;-4.97;9.79;2.92;-0.41;0.50;-0.17;-8.40;21.42;-8.40
11061;-4.47;8.46;1.81;-0.41;0.50;-0.17;-22.54;13.02;-22.54
11069;-4.19;7.29;1.85;-0.41;0.50;-0.17;-12.53;-1.89;-12.53
11078;-4.96;6.65;2.84;-0.40;0.50;-0.18;17.64;-19.53;17.64
11087;-5.76;6.09;4.75;-0.40;0.50;-0.18;3.01;-30.45;3.01
11096;-7.09;5.38;6.71;-0.40;0.50;-0.18;-5.32;-30.03;-5.32
11105;-8.65;4.51;8.11;-0.42;0.49;-0.19;-12.95;-23.24;-12.95
11113;-9.45;3.66;9.15;-0.42;0.49;-0.19;-10.78;-16.59;-10.78
11122;-9.49;3.45;9.56;-0.42;0.49;-0.19;3.29;-4.55;3.29
11131;-9.43;3.69;8.66;-0.43;0.51;-0.20;18.13;4.13;18.13
11140;-8.71;4.40;7.60;-0.43;0.51;-0.20;24.99;11.48;24.99
11149;-7.75;4.81;6.27;-0.43;0.51;-0.20;21.35;13.23;21.35
11157;-7.36;4.66;5.15;-0.44;0.50;-0.18;11.41;12.95;11.41
11166;-7.11;4.45;4.80;-0.44;0.50;-0.18;1.82;11.06;1.82
11175;-6.93;4.34;4.30;-0.44;0.50;-0.18;0.35;7.42;0.35
11183;-7.00;4.47;4.25;-0.43;0.50;-0.18;5.88;3.64;5.88
11193;-6.93;4.50;4.36;-0.43;0.50;-0.18;11.55;-0.35;11.55
11210;-6.86;4.39;4.85;-0.43;0.50;-0.18;14.35;-2.87;14.35
11219;-6.98;4.21;5.16;-0.43;0.50;-0.18;5.60;-0.21;5.60
11228;-7.58;4.08;5.26;-0.43;0.50;-0.18;-4.69;0.70;-4.69
11237;-7.49;4.25;5.69;-0.43;0.50;-0.18;-10.22;2.03;-10.22
11245;-7.42;4.36;5.75;-0.43;0.50;-0.18;-12.46;7.14;-12.46
11254;-7.18;4.92;5.46;-0.43;0.50;-0.18;-7.91;12.81;-7.91
11263;-6.71;5.12;5.04;-0.43;0.49;-0.17;1.19;13.72;1.19
11272;-6.25;5.43;4.47;-0.43;0.49;-0.17;10.29;11.34;10.29
11281;-6.07;5.53;4.17;-0.43;0.49;-0.18;15.12;7.35;15.12
11289;-6.10;5.43;4.24;-0.42;0.49;-0.18;16.38;2.17;16.38
11298;-6.14;5.21;4.43;-0.42;0.49;-0.18;11.90;-0.84;11.90
11307;-6.50;4.78;4.80;-0.43;0.50;-0.17;3.43;-1.26;3.43
11316;-6.96;4.32;5.24;-0.43;0.50;-0.17;-3.71;-3.01;-3.71
11324;-7.28;4.14;5.60;-0.43;0.50;-0.17;-9.31;-2.66;-9.31
11333;-7.49;4.13;6.04;-0.41;0.49;-0.19;-13.09;0.77;-13.09
11342;-7.58;4.15;6.19;-0.41;0.49;-0.19;-12.39;6.72;-12.39
11351;-7.45;4.52;5.95;-0.41;0.49;-0.19;-5.32;12.25;-5.32
11359;-7.18;4.95;5.53;-0.41;0.50;-0.19;5.60;15.19;5.60
11368;-7.06;5.17;5.02;-0.41;0.50;-0.19;15.96;14.00;15.96
11377;-6.96;5.57;5.00;-0.41;0.50;-0.19;22.19;11.41;22.19
11386;-6.75;5.91;4.92;-0.41;0.50;-0.18;24.36;9.66;24.36
11395;-6.69;5.87;4.95;-0.41;0.50;-0.18;21.77;7.63;21.77
11403;-6.78;5.46;5.12;-0.41;0.50;-0.18;14.49;9.38;14.49
11412;-7.19;4.95;5.47;-0.40;0.50;-0.21;6.86;11.69;6.86
11421;-7.92;4.24;5.79;-0.40;0.50;-0.21;-0.14;14.84;-0.14
11430;-8.31;3.74;6.09;-0.40;0.50;-0.21;-3.99;21.91;-3.99
11438;-8.50;3.34;6.09;-0.40;0.49;-0.19;-3.01;31.50;-3.01
11447;-8.87;3.37;5.85;-0.40;0.49;-0.19;3.99;39.20;3.99
11456;-8.61;3.52;5.32;-0.40;0.49;-0.19;12.53;40.25;12.53
11465;-8.06;3.81;5.24;-0.36;0.50;-0.22;20.93;41.30;20.93
11474;-7.95;4.13;4.98;-0.36;0.50;-0.22;22.61;42.07;22.61
11482;-7.90;4.72;4.72;-0.36;0.50;-0.22;20.65;40.95;20.65
11491;-7.85;4.65;4.64;-0.38;0.50;-0.26;14.28;39.34;14.28
11500;-8.11;4.41;4.63;-0.38;0.50;-0.26;7.00;38.92;7.00
11509;-8.44;4.05;4.57;-0.38;0.50;-0.26;3.29;40.18;3.29
11517;-8.23;3.73;4.71;-0.37;0.49;-0.23;3.36;39.06;3.36
11526;-8.27;4.08;4.92;-0.37;0.49;-0.23;9.80;35.63;9.80
11535;-8.32;4.14;4.81;-0.37;0.49;-0.23;14.21;34.30;14.21
11544;-8.29;4.26;5.02;-0.36;0.48;-0.25;10.78;36.61;10.78
11553;-7.95;4.34;5.18;-0.36;0.48;-0.25;6.79;40.39;6.79
11561;-7.87;4.11;5.08;-0.36;0.48;-0.25;3.92;43.26;3.92
11570;-7.77;4.08;4.96;-0.36;0.48;-0.26;5.32;42.70;5.32
11579;-8.05;4.41;5.06;-0.36;0.48;-0.26;9.59;41.23;9.59
11588;-7.83;4.67;5.07;-0.36;0.48;-0.26;13.72;38.36;13.72
11596;-7.69;4.71;5.16;-0.35;0.47;-0.28;18.62;36.82;18.62
11605;-7.45;4.89;5.31;-0.35;0.47;-0.28;21.21;38.08;21.21
11614;-7.59;4.92;5.23;-0.35;0.46;-0.28;22.96;41.72;22.96
11623;-7.36;4.60;5.32;-0.35;0.46;-0.28;21.28;41.93;21.28
11631;-6.81;4.23;5.53;-0.35;0.46;-0.28;17.85;44.52;17.85
11640;-6.44;3.76;5.74;-0.35;0.45;-0.31;12.74;50.89;12.74
11649;-6.23;3.88;5.93;-0.35;0.45;-0.31;6.23;55.65;6.23
11658;-6.35;4.08;5.75;-0.35;0.45;-0.31;1.89;58.24;1.89
11667;-6.47;4.54;5.86;-0.36;0.46;-0.32;0.84;60.83;0.84
11676;-6.59;4.72;5.87;-0.36;0.46;-0.32;4.55;59.36;4.55
11684;-5.97;4.60;5.92;-0.36;0.46;-0.32;12.39;55.02;12.39
11693;-5.95;4.26;5.69;-0.34;0.44;-0.34;23.59;52.43;23.59
11702;-5.65;3.99;5.54;-0.34;0.44;-0.34;28.28;50.05;28.28
11711;-5.39;3.86;5.46;-0.34;0.44;-0.34;24.78;47.53;24.78
11719;-5.05;3.26;5.76;-0.35;0.44;-0.34;16.31;44.73;16.31
11728;-4.90;3.37;6.22;-0.35;0.44;-0.34;5.88;42.63;5.88
11737;-4.82;3.26;6.70;-0.35;0.44;-0.34;-3.92;44.59;-3.92
11746;-4.78;3.79;6.99;-0.34;0.45;-0.34;-5.39;47.18;-5.39
11755;-5.08;4.24;6.95;-0.34;0.45;-0.34;1.19;45.08;1.19
11763;-4.93;4.49;6.88;-0.34;0.45;-0.34;11.41;41.44;11.41
11772;-5.18;4.69;7.31;-0.33;0.44;-0.41;18.34;36.68;18.34
11781;-4.30;4.01;7.29;-0.33;0.44;-0.41;24.71;35.35;24.71
11790;-4.36;3.73;7.31;-0.33;0.44;-0.41;25.69;37.24;25.69
11799;-4.10;3.29;7.10;-0.34;0.46;-0.35;23.24;34.79;23.24
11807;-3.88;2.89;7.15;-0.34;0.46;-0.35;19.53;32.62;19.53
11816;-3.91;2.83;7.03;-0.34;0.46;-0.35;14.35;28.56;14.35
11825;-3.78;2.89;7.03;-0.33;0.44;-0.37;7.63;24.29;7.63
11834;-3.91;3.15;7.45;-0.33;0.44;-0.37;0.84;22.33;0.84
11843;-3.70;3.27;7.65;-0.33;0.44;-0.37;-2.73;21.07;-2.73
11852;-3.93;3.63;7.95;-0.34;0.44;-0.37;-0.35;20.30;-0.35
11860;-3.74;2.96;8.10;-0.34;0.44;-0.37;4.06;21.35;4.06
11869;-3.92;3.51;8.41;-0.34;0.44;-0.37;12.67;16.38;12.67
11878;-3.78;3.19;8.28;-0.34;0.45;-0.38;23.66;14.98;23.66
11887;-3.73;2.92;8.15;-0.34;0.45;-0.38;27.51;14.98;27.51
11895;-3.56;2.75;7.92;-0.34;0.45;-0.38;27.09;15.68;27.09
11904;-3.75;2.91;7.57;-0.33;0.46;-0.38;23.10;15.68;23.10
11913;-3.68;2.97;7.46;-0.33;0.46;-0.38;17.85;13.72;17.85
11922;-3.79;3.07;7.39;-0.33;0.46;-0.38;16.17;10.01;16.17
11930;-3.84;2.98;7.32;-0.33;0.46;-0.38;16.10;6.93;16.10
11939;-4.02;2.91;7.51;-0.33;0.46;-0.38;17.15;4.69;17.15
11948;-4.19;2.73;7.45;-0.33;0.45;-0.38;18.13;1.82;18.13
11957;-4.01;2.52;7.76;-0.33;0.45;-0.38;21.07;-1.19;21.07
11966;-4.13;2.63;8.00;-0.33;0.45;-0.38;24.36;-0.98;24.36
11974;-4.38;2.80;8.15;-0.33;0.46;-0.39;29.33;0.14;29.33
11983;-4.47;2.84;8.32;-0.33;0.46;-0.39;30.38;-0.49;30.38
11992;-4.06;2.87;8.53;-0.33;0.46;-0.39;29.89;-0.49;29.89
12001;-3.93;3.11;8.64;-0.33;0.47;-0.39;30.94;-0.77;30.94
12009;-3.80;3.20;8.66;-0.33;0.47;-0.39;34.16;-4.06;34.16
12018;-3.68;3.29;8.50;-0.33;0.47;-0.39;38.43;-6.72;38.43
12027;-1.84;3.18;8.84;-0.34;0.48;-0.40;38.92;-8.75;38.92
12036;-3.07;2.71;8.74;-0.34;0.48;-0.40;39.41;-6.72;39.41
12045;-3.30;2.30;8.79;-0.34;0.48;-0.40;37.59;-2.24;37.59
12053;-3.37;2.07;8.70;-0.33;0.48;-0.37;32.27;2.03;32.27
12062;-3.47;1.90;8.56;-0.33;0.48;-0.37;26.88;5.04;26.88
12071;-3.80;1.89;8.69;-0.33;0.48;-0.37;22.19;4.76;22.19
12080;-3.80;1.87;8.64;-0.33;0.49;-0.39;19.95;3.22;19.95
12088;-3.50;1.87;8.78;-0.33;0.49;-0.39;21.63;1.40;21.63
12097;-3.39;2.06;8.86;-0.33;0.49;-0.39;25.13;0.00;25.13
12106;-3.42;2.12;8.60;-0.34;0.50;-0.38;28.49;-2.31;28.49
12115;-3.19;1.88;8.58;-0.34;0.50;-0.38;29.05;-4.69;29.05
12123;-2.89;1.94;8.59;-0.34;0.50;-0.38;29.33;-5.32;29.33
12132;-2.99;1.88;8.43;-0.33;0.50;-0.40;27.02;-6.44;27.02
12141;-3.22;1.76;8.26;-0.33;0.50;-0.40;22.40;-6.51;22.40
12150;-3.46;2.27;8.79;-0.33;0.50;-0.40;13.02;-5.81;13.02
12159;-3.58;1.10;8.98;-0.34;0.51;-0.39;9.87;-2.03;9.87
12167;-3.23;1.87;8.95;-0.34;0.51;-0.39;8.47;-1.96;8.47
12176;-3.41;1.93;9.05;-0.34;0.51;-0.39;7.84;-1.33;7.84
12185;-3.57;1.84;7.35;-0.34;0.51;-0.39;5.11;-3.01;5.11
12194;-3.41;2.23;9.27;-0.34;0.51;-0.39;6.37;-5.95;6.37
12202;-3.28;2.16;9.50;-0.34;0.51;-0.39;10.29;-10.15;10.29
12211;-2.99;2.13;9.67;-0.34;0.51;-0.38;15.19;-13.65;15.19
12220;-2.82;2.19;9.76;-0.34;0.51;-0.38;20.02;-13.72;20.02
12229;-2.81;2.42;9.71;-0.34;0.51;-0.38;19.53;-12.46;19.53
12237;-2.61;2.38;9.70;-0.34;0.51;-0.40;12.88;-7.42;12.88
12246;-2.73;2.53;9.53;-0.34;0.51;-0.40;5.88;-2.66;5.88
12255;-3.12;2.07;9.58;-0.34;0.51;-0.38;0.21;-0.56;0.21
12264;-3.11;2.01;9.86;-0.35;0.51;-0.38;-1.47;-0.21;-1.47
12273;-3.22;1.96;9.96;-0.35;0.51;-0.38;1.05;0.00;1.05
12281;-3.37;1.72;9.83;-0.35;0.52;-0.39;4.83;-0.77;4.83
12290;-3.37;1.68;9.88;-0.35;0.52;-0.39;8.05;-1.61;8.05
12299;-3.41;1.52;9.68;-0.35;0.52;-0.39;9.45;-2.24;9.45
12308;-3.20;1.35;9.71;-0.35;0.51;-0.40;8.89;-1.54;8.89
12317;-3.07;1.28;9.58;-0.35;0.51;-0.40;8.33;-0.49;8.33
12325;-2.94;1.24;9.59;-0.35;0.51;-0.40;6.51;2.31;6.51
12334;-2.94;1.39;9.53;-0.35;0.51;-0.39;3.01;5.74;3.01
12343;-2.76;1.16;9.12;-0.35;0.51;-0.39;-1.05;8.40;-1.05
12351;-2.91;1.25;8.94;-0.35;0.51;-0.39;-4.41;8.40;-4.41
12360;-3.14;1.14;8.93;-0.34;0.51;-0.38;-7.35;5.81;-7.35
12369;-3.29;1.03;9.11;-0.34;0.51;-0.38;-9.52;2.03;-9.52
12378;-3.45;0.89;9.27;-0.34;0.51;-0.38;-10.71;0.84;-10.71
12387;-3.64;0.94;9.47;-0.35;0.51;-0.39;-10.36;0.00;-10.36
12395;-3.68;1.04;9.66;-0.35;0.51;-0.39;-8.89;-0.35;-8.89
12404;-3.80;1.13;9.77;-0.35;0.51;-0.39;-8.68;0.77;-8.68
12413;-3.91;1.40;9.96;-0.34;0.52;-0.39;-11.69;2.73;-11.69
12421;-3.67;1.47;10.23;-0.34;0.52;-0.39;-17.43;6.30;-17.43
12430;-3.53;1.36;10.51;-0.34;0.52;-0.39;-21.84;11.97;-21.84
12439;-3.32;1.39;10.45;-0.34;0.50;-0.38;-23.45;16.52;-23.45
12448;-2.91;1.40;10.39;-0.34;0.50;-0.38;-20.30;18.48;-20.30
12457;-2.56;1.49;10.27;-0.34;0.50;-0.38;-16.24;18.55;-16.24
12466;-2.28;1.67;10.15;-0.34;0.51;-0.38;-13.16;17.01;-13.16
12474;-1.73;2.09;10.15;-0.34;0.51;-0.38;-10.71;14.28;-10.71
12483;-1.41;2.45;10.42;-0.34;0.51;-0.38;-6.37;9.66;-6.37
12492;-0.79;2.79;10.69;-0.34;0.50;-0.38;-1.40;4.34;-1.40
12501;-0.28;2.88;11.17;-0.34;0.50;-0.38;4.27;1.26;4.27
12509;-0.02;2.89;11.68;-0.34;0.50;-0.38;9.73;1.96;9.73
12518;0.15;3.12;12.07;-0.33;0.51;-0.40;15.96;5.53;15.96
12527;0.31;3.07;12.21;-0.33;0.51;-0.40;18.13;14.91;18.13
12536;0.30;2.93;12.08;-0.33;0.51;-0.40;16.10;24.57;16.10
12544;0.28;2.23;11.74;-0.33;0.52;-0.40;14.07;32.69;14.07
12553;0.18;1.56;11.36;-0.33;0.52;-0.40;12.74;36.68;12.74
12562;0.11;0.98;10.75;-0.33;0.52;-0.40;13.44;34.72;13.44
12571;0.24;0.33;10.39;-0.31;0.53;-0.40;14.70;30.17;14.70
12580;0.76;0.06;10.47;-0.31;0.53;-0.40;14.63;24.43;14.63
12597;1.97;0.27;10.29;-0.31;0.53;-0.41;6.09;14.42;6.09
12606;3.03;0.24;10.41;-0.31;0.53;-0.41;0.00;13.72;0.00
12615;4.80;0.39;10.26;-0.31;0.52;-0.41;-6.93;20.58;-6.93
12623;6.27;0.72;9.98;-0.31;0.52;-0.41;-14.91;25.62;-14.91
12632;7.64;0.80;10.09;-0.31;0.52;-0.41;-21.07;26.88;-21.07
12641;10.93;0.83;9.95;-0.31;0.53;-0.41;-26.74;19.39;-26.74
12650;10.80;1.53;9.68;-0.31;0.53;-0.41;-26.04;11.76;-26.04
12658;11.06;2.42;8.74;-0.31;0.53;-0.41;-18.76;-1.33;-18.76
12668;10.36;4.55;6.51;-0.30;0.53;-0.41;-2.24;-30.03;-2.24
12676;9.10;6.98;4.13;-0.30;0.53;-0.41;23.10;-55.72;23.10
12685;7.14;9.49;-0.04;-0.30;0.53;-0.41;48.86;-90.02;48.86
12694;5.33;11.42;-5.43;-0.28;0.54;-0.38;80.22;-141.82;80.22
12703;1.70;12.70;-11.79;-0.28;0.54;-0.38;94.01;-156.31;94.01
12712;-5.10;14.49;-19.11;-0.28;0.54;-0.38;77.00;-210.77;77.00
12720;-14.11;15.74;-23.92;-0.30;0.54;-0.35;18.69;-297.57;18.69
12729;-26.42;18.09;-25.94;-0.30;0.54;-0.35;-70.35;-414.05;-70.35
12738;-38.70;18.09;-21.71;-0.30;0.54;-0.35;-125.79;-499.03;-125.79
12747;-50.93;22.62;-9.74;-0.35;0.53;-0.27;-147.21;-549.50;-147.21
12756;-60.72;14.74;5.67;-0.35;0.53;-0.27;-180.88;-495.32;-180.88
12765;-71.20;2.15;27.01;-0.35;0.53;-0.27;-231.14;-524.44;-231.14
12774;-80.88;-49.09;68.15;-0.45;0.49;-0.22;-356.79;-332.57;-356.79
12782;-25.57;-61.73;51.23;-0.45;0.49;-0.22;-303.94;125.44;-303.94
12791;-8.34;-24.16;22.28;-0.45;0.49;-0.22;184.80;546.91;184.80
12800;-23.07;9.08;-14.87;-0.42;0.43;-0.21;387.52;513.45;387.52
12809;-8.62;31.10;-25.42;-0.42;0.43;-0.21;294.63;121.80;294.63
12818;10.72;37.72;-14.36;-0.42;0.43;-0.21;-27.16;31.50;-27.16
12827;13.83;28.76;-12.28;-0.38;0.50;-0.20;-208.95;89.74;-208.95
12835;9.50;16.80;-14.49;-0.38;0.50;-0.20;-145.11;51.73;-145.11
12844;3.60;11.09;-13.03;-0.38;0.50;-0.20;-27.65;-32.20;-27.65
12853;-1.34;11.21;-6.11;-0.38;0.47;-0.20;3.64;-99.75;3.64
12862;-7.57;8.48;2.03;-0.38;0.47;-0.20;-29.68;-121.66;-29.68
12871;-12.45;1.41;8.90;-0.39;0.46;-0.19;-87.71;-93.80;-87.71
12880;-13.47;-4.87;12.38;-0.39;0.46;-0.19;-73.01;-44.80;-73.01
12888;-13.73;-5.58;12.05;-0.39;0.46;-0.19;-34.51;-3.78;-34.51
12897;-12.13;-1.72;10.00;-0.41;0.45;-0.18;5.95;8.26;5.95
12906;-10.38;2.22;8.10;-0.41;0.45;-0.18;16.59;16.73;16.59
12915;-7.98;5.71;6.22;-0.41;0.45;-0.18;13.16;23.73;13.16
12924;-6.27;7.11;4.62;-0.40;0.47;-0.19;-2.59;29.68;-2.59
12932;-4.66;6.99;2.97;-0.40;0.47;-0.19;-11.69;29.33;-11.69
12941;-3.61;6.61;1.87;-0.40;0.47;-0.19;-2.66;17.57;-2.66
12950;-3.30;6.36;1.59;-0.40;0.47;-0.20;11.13;-17.08;11.13
12959;-4.16;6.14;2.63;-0.40;0.47;-0.20;13.16;-17.71;13.16
12967;-5.25;5.66;4.22;-0.40;0.47;-0.20;3.29;-26.67;3.29
12976;-6.60;4.37;6.27;-0.40;0.47;-0.19;-6.30;-26.81;-6.30
12985;-8.00;2.76;8.10;-0.40;0.47;-0.19;-13.44;-20.09;-13.44
12994;-9.04;1.73;9.42;-0.40;0.47;-0.19;-9.87;-9.80;-9.87
13003;-9.69;1.83;9.67;-0.42;0.47;-0.19;-3.08;0.91;-3.08
13012;-9.48;2.17;8.98;-0.42;0.47;-0.19;6.09;10.36;6.09
13021;-8.54;3.19;7.71;-0.42;0.47;-0.19;15.61;17.57;15.61
13029;-7.71;3.89;6.27;-0.41;0.48;-0.20;23.24;17.99;23.24
13038;-6.55;4.47;5.20;-0.41;0.48;-0.20;24.01;16.17;24.01
13047;-5.97;4.84;4.37;-0.41;0.48;-0.20;16.66;13.58;16.66
13056;-5.64;4.83;3.83;-0.41;0.48;-0.19;8.26;8.12;8.26
13064;-5.61;4.41;3.98;-0.41;0.48;-0.19;1.96;0.42;1.96
13073;-6.11;4.03;4.41;-0.41;0.48;-0.19;-3.36;-7.56;-3.36
13082;-6.76;3.91;5.34;-0.41;0.48;-0.20;-8.40;-11.62;-8.40
13091;-7.28;3.75;6.02;-0.41;0.48;-0.20;-10.78;-10.71;-10.78
13100;-7.52;3.81;6.38;-0.41;0.48;-0.20;-9.03;-7.56;-9.03
13109;-7.44;3.85;6.46;-0.41;0.48;-0.18;-0.35;-5.11;-0.35
13117;-7.35;4.22;6.32;-0.41;0.48;-0.18;7.91;-2.10;7.91
13126;-6.93;4.52;6.04;-0.41;0.48;-0.20;13.09;-0.70;13.09
13135;-6.54;4.95;5.94;-0.41;0.48;-0.20;13.65;0.00;13.65
13144;-6.37;4.95;5.84;-0.41;0.48;-0.20;7.49;1.40;7.49
13152;-6.52;4.82;5.74;-0.41;0.49;-0.19;-2.94;3.43;-2.94
13161;-6.75;4.47;5.64;-0.41;0.49;-0.19;-11.76;2.73;-11.76
13170;-6.74;4.21;5.79;-0.41;0.49;-0.19;-15.89;1.82;-15.89
13179;-6.87;4.07;5.98;-0.41;0.48;-0.20;-11.27;1.82;-11.27
13188;-7.09;3.88;5.85;-0.41;0.48;-0.20;-2.52;-0.98;-2.52
13197;-6.96;3.80;6.02;-0.41;0.48;-0.20;8.96;-3.01;8.96
13206;-6.63;3.97;6.22;-0.41;0.49;-0.19;16.31;-3.99;16.31
13214;-6.57;4.18;6.17;-0.41;0.49;-0.19;18.34;-3.15;18.34
13223;-6.64;4.04;6.20;-0.41;0.49;-0.19;12.74;-2.17;12.74
13232;-6.68;4.33;6.32;-0.41;0.50;-0.20;3.50;-0.42;3.50
13241;-6.66;4.35;6.47;-0.41;0.50;-0.20;-5.04;2.03;-5.04
13249;-6.71;4.49;6.48;-0.41;0.50;-0.20;-11.13;3.15;-11.13
13258;-7.11;4.39;6.54;-0.41;0.48;-0.19;-11.55;3.29;-11.55
13267;-7.11;4.44;6.76;-0.41;0.48;-0.19;-9.17;3.01;-9.17
13276;-7.01;4.66;6.75;-0.41;0.48;-0.19;-4.55;6.72;-4.55
13285;-7.09;4.50;6.36;-0.41;0.49;-0.20;1.54;8.75;1.54
13293;-6.96;4.43;6.20;-0.41;0.49;-0.20;6.86;9.24;6.86
13302;-6.72;4.39;5.78;-0.41;0.49;-0.20;11.13;7.49;11.13
13311;-6.72;4.51;5.65;-0.41;0.48;-0.17;10.85;5.11;10.85
13320;-6.72;4.62;5.55;-0.41;0.48;-0.17;5.46;3.29;5.46
13329;-6.75;4.73;5.69;-0.41;0.48;-0.17;-2.59;3.92;-2.59
13337;-6.82;4.67;5.58;-0.40;0.48;-0.19;-9.17;5.95;-9.17
13346;-6.88;4.46;5.53;-0.40;0.48;-0.19;-9.10;8.19;-9.10
13355;-6.90;4.27;5.50;-0.40;0.48;-0.19;-4.55;9.73;-4.55
13364;-7.03;4.08;5.46;-0.40;0.48;-0.20;2.10;11.06;2.10
13372;-7.17;3.90;5.40;-0.40;0.48;-0.20;8.12;11.62;8.12
13381;-7.16;3.88;5.43;-0.40;0.48;-0.20;13.02;11.55;13.02
13390;-7.19;3.50;5.47;-0.41;0.48;-0.21;15.68;10.36;15.68
13399;-7.41;3.47;5.74;-0.41;0.48;-0.21;13.65;12.25;13.65
13408;-7.54;3.40;5.62;-0.41;0.48;-0.21;6.58;16.80;6.58
13417;-7.80;3.37;7.32;-0.41;0.49;-0.21;-1.61;21.00;-1.61
13425;-7.82;3.63;5.42;-0.41;0.49;-0.21;-7.07;25.69;-7.07
13434;-7.62;3.88;5.20;-0.40;0.49;-0.21;-6.16;29.26;-6.16
13443;-7.54;3.91;4.95;-0.40;0.49;-0.21;16.87;32.13;16.87
13452;-7.45;3.85;4.87;-0.40;0.49;-0.21;8.12;31.43;8.12
13460;-7.17;3.83;5.03;-0.40;0.50;-0.24;17.08;29.68;17.08
13469;-7.17;4.35;4.95;-0.40;0.50;-0.24;23.59;25.34;23.59
13478;-7.22;4.51;4.99;-0.40;0.50;-0.24;24.43;19.04;24.43
13487;-7.03;4.37;4.89;-0.39;0.50;-0.23;18.62;17.43;18.62
13496;-7.42;4.37;4.74;-0.39;0.50;-0.23;7.49;19.32;7.49
13610;-6.66;4.31;4.88;-0.33;0.48;-0.31;-20.65;44.94;-20.65
13619;-6.91;4.62;5.04;-0.35;0.47;-0.29;-26.04;42.63;-26.04
13628;-6.82;4.67;5.30;-0.35;0.47;-0.29;-26.04;37.31;-26.04
13637;-6.74;4.29;5.86;-0.35;0.47;-0.29;-18.76;31.29;-18.76
13646;-7.09;4.24;6.55;-0.35;0.45;-0.30;-7.49;30.73;-7.49
13654;-6.68;3.94;6.97;-0.35;0.45;-0.30;5.46;30.87;5.46
13663;-6.19;3.74;6.96;-0.35;0.45;-0.30;16.59;33.46;16.59
13672;-5.66;3.61;6.78;-0.36;0.44;-0.32;21.56;37.17;21.56
13681;-5.58;3.85;6.54;-0.36;0.44;-0.32;17.08;42.28;17.08
13689;-5.65;3.98;6.10;-0.36;0.44;-0.32;5.46;47.04;5.46
13698;-5.94;3.73;5.92;-0.35;0.43;-0.34;-7.63;49.14;-7.63
13707;-5.76;3.83;5.81;-0.35;0.43;-0.34;-15.47;46.48;-15.47
13716;-5.72;3.88;6.03;-0.35;0.44;-0.34;-14.00;40.95;-14.00
13725;-5.66;4.02;6.31;-0.35;0.44;-0.34;-5.60;33.25;-5.60
13733;-5.60;4.06;6.93;-0.35;0.44;-0.34;2.59;29.68;2.59
13742;-5.13;3.98;7.38;-0.34;0.42;-0.35;10.36;29.12;10.36
13751;-4.87;3.94;7.52;-0.34;0.42;-0.35;19.25;29.33;19.25
13760;-4.74;3.90;7.51;-0.34;0.42;-0.35;25.90;31.43;25.90
13768;-4.72;3.78;7.41;-0.36;0.42;-0.35;28.07;32.90;28.07
13777;-4.71;3.76;7.24;-0.36;0.42;-0.35;28.07;30.52;28.07
13786;-4.78;3.68;7.05;-0.36;0.42;-0.35;23.94;27.58;23.94
13795;-4.79;3.18;7.12;-0.33;0.42;-0.37;18.55;25.97;18.55
13804;-4.49;3.03;6.91;-0.33;0.42;-0.37;15.40;23.59;15.40
13813;-4.54;3.33;6.75;-0.33;0.42;-0.37;18.34;17.71;18.34
13821;-4.49;3.40;6.85;-0.35;0.43;-0.36;24.22;9.52;24.22
13830;-4.34;3.53;7.26;-0.35;0.43;-0.36;27.02;3.64;27.02
13839;-4.43;3.42;7.79;-0.35;0.43;-0.36;26.04;3.15;26.04
13848;-4.15;3.32;8.09;-0.36;0.43;-0.36;23.31;5.95;23.31
13856;-4.10;3.26;8.45;-0.36;0.43;-0.36;23.03;9.45;23.03
13865;-4.25;3.42;8.66;-0.36;0.43;-0.36;24.15;12.25;24.15
13874;-4.04;3.40;8.65;-0.35;0.44;-0.42;22.82;14.35;22.82
13883;-4.13;3.33;8.38;-0.35;0.44;-0.42;19.74;19.11;19.74
13892;-4.19;3.35;8.00;-0.35;0.44;-0.42;14.42;22.82;14.42
13901;-4.31;3.27;7.75;-0.35;0.44;-0.37;8.82;21.98;8.82
13909;-4.21;2.96;7.65;-0.35;0.44;-0.37;9.10;17.64;9.10
13918;-4.09;3.01;7.44;-0.35;0.44;-0.37;13.72;11.27;13.72
13927;-4.07;2.92;7.52;-0.34;0.44;-0.38;20.72;3.22;20.72
13936;-4.03;2.89;7.97;-0.34;0.44;-0.38;24.01;-0.49;24.01
13945;-3.89;2.90;8.32;-0.34;0.44;-0.38;23.80;-0.07;23.80
13953;-3.89;3.09;8.47;-0.36;0.45;-0.36;22.96;2.52;22.96
13962;-3.88;3.12;8.79;-0.36;0.45;-0.36;21.07;8.54;21.07
13971;-4.09;3.31;8.69;-0.36;0.45;-0.36;18.13;13.02;18.13
13980;-4.06;3.36;8.71;-0.36;0.45;-0.38;13.65;14.00;13.65
13988;-3.60;3.25;8.45;-0.36;0.45;-0.38;13.09;13.72;13.09
13997;-3.78;3.35;8.13;-0.36;0.45;-0.38;12.25;10.85;12.25
14006;-3.36;3.22;8.05;-0.35;0.45;-0.39;11.90;5.32;11.90
14015;-3.73;3.40;7.80;-0.35;0.45;-0.39;15.47;-0.84;15.47
14024;-3.96;3.47;8.06;-0.35;0.45;-0.38;17.15;-7.21;17.15
14033;-3.91;3.18;8.30;-0.35;0.45;-0.38;20.16;-11.55;20.16
14041;-4.24;3.13;8.54;-0.35;0.45;-0.38;22.05;-11.55;22.05
14050;-3.79;3.07;8.85;-0.35;0.45;-0.38;23.73;-9.17;23.73
14059;-3.83;3.28;9.17;-0.35;0.45;-0.38;25.76;-3.29;25.76
14068;-3.35;3.05;9.32;-0.35;0.45;-0.38;23.80;2.45;23.80
14076;-2.74;2.60;8.80;-0.35;0.45;-0.37;23.03;8.05;23.03
14085;-2.76;2.58;8.69;-0.35;0.45;-0.37;22.68;8.12;22.68
14094;-2.42;2.19;8.27;-0.35;0.45;-0.37;23.45;4.97;23.45
14103;-2.51;2.05;8.15;-0.35;0.46;-0.38;25.41;0.00;25.41
14112;-2.54;2.06;7.96;-0.35;0.46;-0.38;24.71;-6.30;24.71
14120;-2.53;2.00;7.97;-0.35;0.46;-0.38;24.64;-14.77;24.64
14129;-2.75;2.23;8.06;-0.36;0.47;-0.38;24.92;-21.00;24.92
14138;-3.21;2.44;8.41;-0.36;0.47;-0.38;22.40;-25.06;22.40
14147;-3.33;2.27;9.08;-0.36;0.47;-0.38;18.06;-25.34;18.06
14155;-3.57;2.12;9.56;-0.36;0.48;-0.37;13.93;-19.46;13.93
14164;-3.67;2.28;9.82;-0.36;0.48;-0.37;15.05;-14.00;15.05
14173;-3.41;2.05;10.01;-0.36;0.48;-0.37;17.57;-7.63;17.57
14182;-3.25;1.91;9.83;-0.37;0.48;-0.37;22.05;-2.52;22.05
14190;-3.19;1.93;9.68;-0.37;0.48;-0.37;25.97;-0.56;25.97
14199;-3.12;1.79;9.32;-0.37;0.48;-0.37;25.06;-0.07;25.06
14208;-2.96;2.46;9.30;-0.36;0.49;-0.38;22.26;-1.26;22.26
14218;-3.19;1.47;9.22;-0.36;0.49;-0.38;18.83;-3.22;18.83
14226;-3.04;2.31;9.02;-0.36;0.49;-0.38;16.03;-4.41;16.03
14235;-3.26;2.46;9.29;-0.36;0.49;-0.38;11.34;-2.17;11.34
14244;-3.69;2.33;9.22;-0.36;0.49;-0.38;7.56;-1.61;7.56
14253;-3.75;1.97;9.26;-0.36;0.49;-0.38;8.05;1.47;8.05
14261;-3.88;2.05;9.18;-0.36;0.49;-0.39;10.57;3.78;10.57
14270;-4.01;1.95;9.03;-0.36;0.49;-0.39;13.72;4.69;13.72
14279;-3.96;1.96;8.91;-0.36;0.49;-0.39;14.98;5.39;14.98
14288;-4.00;2.15;8.64;-0.36;0.49;-0.38;17.99;5.11;17.99
14296;-3.96;2.21;8.71;-0.36;0.49;-0.38;21.42;4.34;21.42
14323;-4.82;1.91;8.95;-0.36;0.50;-0.38;22.26;15.96;22.26
14331;-5.02;1.66;8.87;-0.36;0.50;-0.38;23.94;19.67;23.94
14340;-5.33;1.51;8.86;-0.36;0.50;-0.38;30.52;22.89;30.52
14349;-5.54;1.18;8.77;-0.36;0.50;-0.38;40.39;20.79;40.39
14358;-5.20;1.15;8.80;-0.35;0.50;-0.39;56.98;19.60;56.98
14366;-5.61;1.22;8.92;-0.35;0.50;-0.39;68.60;17.29;68.60
14375;-5.02;1.29;9.08;-0.35;0.50;-0.39;81.27;21.91;81.27
14384;-5.08;0.90;9.07;-0.34;0.53;-0.38;94.99;23.03;94.99
14393;-5.58;0.98;8.67;-0.34;0.53;-0.38;109.62;21.70;109.62
14401;-5.20;1.08;8.61;-0.34;0.53;-0.38;122.36;16.87;122.36
14410;-5.05;0.83;8.19;-0.35;0.55;-0.38;129.15;12.95;129.15
14419;-4.72;0.83;8.33;-0.35;0.55;-0.38;134.47;7.70;134.47
14428;-4.53;0.54;8.19;-0.35;0.55;-0.38;138.81;4.62;138.81
14437;-4.52;0.26;8.37;-0.33;0.60;-0.39;143.08;3.08;143.08
14445;-4.57;0.08;8.50;-0.33;0.60;-0.39;147.42;3.08;147.42
14454;-4.52;-0.17;8.56;-0.33;0.60;-0.39;155.96;0.91;155.96
14463;-4.37;-0.26;8.64;-0.33;0.64;-0.38;166.88;-0.42;166.88
14472;-4.71;-0.59;8.44;-0.33;0.64;-0.38;180.25;-3.50;180.25
14481;-4.36;-0.49;8.95;-0.33;0.64;-0.38;186.76;-4.62;186.76
14489;-4.47;-0.61;8.41;-0.33;0.67;-0.36;192.15;2.38;192.15
14498;-4.57;-1.06;8.74;-0.33;0.67;-0.36;187.81;5.32;187.81
14507;-4.62;-1.23;8.17;-0.33;0.67;-0.36;182.00;3.85;182.00
14516;-4.23;-1.91;7.83;-0.32;0.72;-0.37;175.63;1.61;175.63
14525;-4.18;-2.88;7.70;-0.32;0.72;-0.37;168.84;0.28;168.84
14533;-4.35;-3.22;7.44;-0.32;0.72;-0.37;170.24;-5.95;170.24
14542;-4.24;-3.57;5.59;-0.31;0.76;-0.33;175.21;-17.01;175.21
14551;-4.09;-3.85;7.26;-0.31;0.76;-0.33;176.89;-21.21;176.89
14560;-4.06;-3.70;7.45;-0.31;0.76;-0.33;176.19;-23.38;176.19
14569;-3.80;-4.29;7.38;-0.31;0.80;-0.30;175.77;-18.97;175.77
14577;-3.76;-4.46;7.18;-0.31;0.80;-0.30;173.18;-12.67;173.18
14586;-4.05;-4.92;6.77;-0.31;0.80;-0.30;177.80;-13.44;177.80
14595;-3.88;-5.08;6.40;-0.29;0.82;-0.28;186.62;-24.64;186.62
14604;-3.83;-5.20;6.04;-0.29;0.82;-0.28;197.40;-36.82;197.40
14612;-3.80;-5.43;5.59;-0.29;0.82;-0.28;203.56;-48.79;203.56
14621;-4.02;-6.03;5.75;-0.28;0.86;-0.24;206.64;-59.57;206.64
14630;-3.93;-6.53;5.84;-0.28;0.86;-0.24;206.57;-65.10;206.57
14639;-4.33;-6.85;5.86;-0.27;0.90;-0.19;200.55;-65.38;200.55
14648;-4.41;-7.02;5.94;-0.27;0.90;-0.19;189.28;-64.54;189.28
14656;-4.08;-7.17;6.06;-0.27;0.90;-0.19;175.28;-59.99;175.28
14665;-4.06;-7.56;6.17;-0.25;0.93;-0.16;161.63;-55.02;161.63
14674;-3.91;-7.44;6.08;-0.25;0.93;-0.16;158.13;-50.82;158.13
14683;-3.72;-7.58;6.30;-0.25;0.93;-0.16;157.15;-46.97;157.15
14692;-3.78;-7.94;5.88;-0.23;0.94;-0.13;162.33;-44.52;162.33
14700;-3.57;-8.05;3.73;-0.23;0.94;-0.13;172.20;-50.61;172.20
14709;-3.05;-8.09;5.05;-0.23;0.94;-0.13;184.73;-59.08;184.73
14718;-2.92;-8.28;4.49;-0.20;0.96;-0.11;198.03;-65.03;198.03
14727;-2.86;-8.74;4.31;-0.20;0.96;-0.11;204.19;-70.07;204.19
14736;-2.75;-9.06;3.79;-0.20;0.96;-0.11;204.12;-73.64;204.12
14745;-2.74;-8.89;3.50;-0.18;0.98;-0.05;198.52;-80.15;198.52
14754;-2.36;-9.06;3.32;-0.18;0.98;-0.05;192.01;-87.01;192.01
14762;-2.07;-8.97;3.19;-0.18;0.98;-0.05;182.35;-87.01;182.35
14771;-2.10;-9.38;3.14;-0.15;0.98;0.01;171.64;-85.75;171.64
14780;-2.02;-9.64;3.04;-0.15;0.98;0.01;160.02;-80.08;160.02
14789;-1.97;-9.93;3.12;-0.15;0.98;0.01;151.62;-71.47;151.62
14797;-2.07;-9.48;3.01;-0.13;0.99;0.05;153.72;-66.92;153.72
14806;-1.95;-9.64;2.54;-0.13;0.99;0.05;149.73;-59.36;149.73
14815;-1.41;-9.30;2.26;-0.13;0.99;0.05;142.87;-51.10;142.87
14824;-1.13;-8.94;1.62;-0.12;0.99;0.07;129.22;-41.16;129.22
14833;-1.05;-9.27;1.03;-0.12;0.99;0.07;111.79;-35.07;111.79
14842;-0.87;-9.62;0.52;-0.12;0.99;0.07;99.54;-36.47;99.54
14850;-1.06;-9.93;0.24;-0.09;0.97;0.11;98.00;-44.17;98.00
14859;-1.18;-9.97;0.07;-0.09;0.97;0.11;102.97;-57.54;102.97
14868;-1.37;-10.33;0.18;-0.09;0.97;0.11;106.40;-63.28;106.40
14877;-1.49;-10.21;0.50;-0.09;0.97;0.12;104.09;-61.95;104.09
14885;-1.38;-9.78;0.47;-0.09;0.97;0.12;95.69;-52.22;95.69
14894;-1.11;-9.60;0.37;-0.09;0.97;0.12;81.55;-35.35;81.55
14903;-1.17;-9.63;0.05;-0.08;0.96;0.16;69.16;-24.85;69.16
14912;-1.13;-9.58;-0.39;-0.08;0.96;0.16;62.65;-22.61;62.65
14921;-0.85;-9.51;-0.50;-0.08;0.96;0.17;59.57;-26.25;59.57
14930;-0.84;-9.53;-0.51;-0.07;0.96;0.17;58.24;-29.82;58.24
14938;-0.73;-9.75;-0.50;-0.07;0.96;0.17;55.23;-30.73;55.23
14947;-1.13;-9.99;-0.49;-0.06;0.95;0.19;50.33;-28.56;50.33
14956;-1.16;-10.11;-0.39;-0.06;0.95;0.19;41.93;-26.53;41.93
14965;-1.22;-10.23;-0.39;-0.06;0.95;0.19;33.95;-22.26;33.95
14974;-1.41;-10.32;-0.19;-0.06;0.94;0.19;26.32;-17.71;26.32
14982;-1.33;-10.31;-0.25;-0.06;0.94;0.19;22.68;-14.56;22.68
14991;-1.34;-10.31;-0.29;-0.06;0.94;0.19;21.91;-11.62;21.91
15000;-1.31;-10.32;-0.09;-0.06;0.95;0.18;19.95;-10.08;19.95
