Time(ms);AccX(m/s^2);AccY(m/s^2);AccZ(m/s^2);MagX(gauss);MagY(gauss);MagZ(gauss);GyroX(dps);GyroY(dps);GyroZ(dps)
33;-3.14;-9.66;0.55;-0.16;0.89;-0.25;-3.22;-5.11;0.21
42;-3.09;-9.66;0.65;-0.16;0.89;-0.25;-3.08;-4.69;-0.35
50;-3.03;-9.57;0.50;-0.16;0.89;-0.25;-3.50;-4.69;-0.56
59;-3.15;-9.68;0.55;-0.16;0.87;-0.25;-3.36;-4.76;-0.84
68;-3.05;-9.60;0.59;-0.16;0.87;-0.25;-2.87;-4.55;-0.84
77;-3.07;-9.58;0.63;-0.16;0.87;-0.25;-2.73;-4.41;-0.56
85;-3.12;-9.52;0.62;-0.17;0.88;-0.26;-2.59;-3.99;-0.56
94;-3.01;-9.55;0.56;-0.17;0.88;-0.26;-1.96;-3.99;-0.63
103;-3.07;-9.60;0.48;-0.17;0.88;-0.26;-2.10;-2.94;-1.05
112;-3.07;-9.53;0.57;-0.17;0.88;-0.25;-2.52;-3.15;-0.84
120;-3.07;-9.60;0.53;-0.17;0.88;-0.25;-3.15;-2.94;-1.61
129;-3.01;-9.62;0.57;-0.17;0.88;-0.25;-3.01;-3.15;-2.45
138;-2.90;-9.70;0.52;-0.17;0.88;-0.27;-2.24;-3.36;-2.45
147;-2.78;-9.66;0.46;-0.17;0.88;-0.27;-1.26;-1.96;-3.01
156;-2.84;-9.68;0.58;-0.17;0.88;-0.27;-0.84;-0.77;-3.50
164;-2.95;-9.74;0.49;-0.17;0.88;-0.26;-0.98;-0.28;-3.64
173;-2.88;-9.79;0.51;-0.17;0.88;-0.26;0.28;0.35;-3.22
182;-3.03;-9.83;0.32;-0.17;0.88;-0.25;0.00;1.12;-2.73
191;-3.03;-9.83;0.39;-0.17;0.88;-0.25;0.49;0.70;-2.45
199;-3.12;-9.86;0.37;-0.17;0.88;-0.25;-0.07;0.63;-1.96
208;-2.95;-9.96;0.57;-0.18;0.88;-0.25;-0.28;0.98;-2.24
217;-2.85;-9.93;0.57;-0.18;0.88;-0.25;-0.91;1.82;-1.82
226;-2.71;-9.96;0.65;-0.18;0.88;-0.25;-17.92;2.31;-1.96
234;-2.73;-9.93;0.67;-0.17;0.89;-0.24;-0.49;2.80;-1.68
243;-2.73;-9.93;0.73;-0.17;0.89;-0.24;-0.98;2.73;-1.54
252;-2.94;-9.92;0.80;-0.17;0.89;-0.24;-0.98;2.59;-1.33
261;-3.08;-9.92;0.73;-0.17;0.88;-0.25;-0.35;3.29;-1.05
269;-3.13;-9.91;0.80;-0.17;0.88;-0.25;-0.42;3.71;0.07
278;-3.08;-9.82;0.75;-0.17;0.88;-0.25;-2.17;4.83;0.70
287;-2.96;-9.71;0.71;-0.16;0.88;-0.25;-3.71;5.11;0.42
296;-2.76;-9.86;0.71;-0.16;0.88;-0.25;-4.97;4.69;-0.07
304;-2.68;-9.78;0.72;-0.16;0.88;-0.25;-6.30;4.34;-0.49
313;-2.54;-9.76;0.70;-0.16;0.88;-0.24;-7.21;3.78;-1.12
322;-2.46;-9.76;0.78;-0.16;0.88;-0.24;-7.56;3.92;-1.89
331;-2.20;-9.76;0.85;-0.16;0.88;-0.24;-8.61;3.78;-3.01
339;-2.22;-9.70;0.85;-0.16;0.88;-0.25;-9.17;4.06;-3.57
348;-2.04;-9.64;0.99;-0.16;0.88;-0.25;-9.10;5.11;-4.06
357;-2.23;-9.54;0.95;-0.16;0.88;-0.25;-9.10;5.46;-4.90
366;-2.21;-9.56;0.97;-0.16;0.88;-0.26;-9.73;4.62;-4.76
374;-2.35;-9.57;1.14;-0.16;0.88;-0.26;-10.57;3.99;-4.76
383;-2.26;-9.65;1.22;-0.16;0.88;-0.26;-11.55;3.78;-4.55
392;-2.33;-9.64;1.19;-0.17;0.87;-0.25;-11.48;4.20;-4.69
401;-2.20;-9.87;1.50;-0.17;0.87;-0.25;-9.73;4.13;-4.27
410;-2.45;-9.88;1.51;-0.17;0.87;-0.25;-5.88;2.80;-4.41
418;-2.12;-10.19;1.59;-0.17;0.87;-0.26;-2.52;0.49;-3.01
427;-2.23;-10.15;1.54;-0.17;0.87;-0.26;1.12;-1.12;-1.54
436;-2.09;-10.39;1.46;-0.17;0.87;-0.26;4.69;-2.24;-0.49
445;-2.15;-10.42;1.51;-0.16;0.87;-0.26;5.88;-1.82;0.42
454;-2.00;-10.47;1.35;-0.16;0.87;-0.26;6.44;-1.05;0.77
462;-1.90;-10.44;1.36;-0.16;0.87;-0.26;6.02;-0.28;1.40
471;-1.90;-10.41;1.40;-0.17;0.87;-0.25;5.60;1.33;1.96
480;-1.78;-10.55;1.29;-0.17;0.87;-0.25;5.11;2.38;2.24
489;-1.86;-10.55;1.26;-0.17;0.87;-0.25;3.22;3.57;3.15
497;-1.83;-10.58;1.29;-0.17;0.88;-0.26;1.26;4.62;5.18
506;-1.77;-10.55;1.31;-0.17;0.88;-0.26;-0.14;7.49;6.86
515;-1.83;-10.44;1.33;-0.17;0.88;-0.26;-0.21;9.59;7.35
524;-1.76;-10.35;1.21;-0.16;0.87;-0.25;2.38;9.87;7.91
532;-1.59;-10.25;1.21;-0.16;0.87;-0.25;5.46;9.38;8.19
541;-1.48;-10.27;1.20;-0.15;0.88;-0.26;8.19;9.24;7.91
550;-1.31;-10.38;1.09;-0.15;0.88;-0.26;8.40;10.78;7.07
559;-1.51;-10.28;0.90;-0.15;0.88;-0.26;5.11;12.25;6.51
567;-1.65;-10.21;0.90;-0.16;0.87;-0.26;0.84;14.91;5.18
576;-1.71;-10.09;0.63;-0.16;0.87;-0.26;-6.09;18.83;3.57
585;-3.67;-10.08;0.69;-0.16;0.87;-0.26;-13.30;22.47;0.77
594;-1.92;-10.02;0.81;-0.16;0.88;-0.25;-20.16;25.55;-1.26
603;-1.95;-10.10;1.09;-0.16;0.88;-0.25;-25.97;27.44;-3.71
611;-2.15;-10.15;1.68;-0.16;0.88;-0.25;-27.79;29.89;-5.18
620;-2.23;-10.04;1.96;-0.15;0.88;-0.25;-25.97;33.88;-5.39
629;-2.24;-9.93;2.01;-0.15;0.88;-0.25;-22.75;34.16;-5.11
638;-2.15;-9.78;2.03;-0.15;0.88;-0.25;-16.38;33.88;-5.25
646;-2.06;-9.60;1.73;-0.15;0.87;-0.27;-11.76;32.55;-7.00
655;-2.13;-9.48;1.60;-0.15;0.87;-0.27;-10.64;32.62;-9.17
664;-2.15;-9.30;1.51;-0.15;0.87;-0.27;-12.53;34.02;-11.83
673;-2.08;-9.45;1.69;-0.15;0.88;-0.27;-18.62;37.17;-14.70
682;-2.07;-9.48;1.95;-0.15;0.88;-0.27;-25.62;43.82;-16.73
690;-1.77;-9.58;2.27;-0.15;0.88;-0.27;-34.72;53.48;-17.78
699;-1.16;-10.19;3.10;-0.15;0.87;-0.28;-49.49;65.66;-19.46
708;-0.11;-10.80;4.13;-0.15;0.87;-0.28;-67.34;75.60;-20.93
717;1.41;-11.36;5.82;-0.15;0.87;-0.28;-78.61;81.27;-21.77
725;3.98;-11.55;7.67;-0.16;0.86;-0.29;-83.51;84.07;-26.11
734;7.07;-10.95;9.51;-0.16;0.86;-0.29;-86.94;90.79;-28.56
743;10.36;-9.31;11.11;-0.16;0.86;-0.29;-99.05;95.27;-37.66
752;12.11;-7.16;12.73;-0.14;0.87;-0.29;-115.71;101.78;-63.56
760;12.31;-3.01;13.79;-0.14;0.87;-0.29;-138.32;98.91;-122.36
769;9.99;2.03;13.30;-0.14;0.87;-0.29;-133.63;69.02;-164.78
778;5.73;6.98;11.70;-0.16;0.83;-0.33;-77.49;19.11;-231.28
787;1.34;9.40;8.69;-0.16;0.83;-0.33;7.42;-44.03;-299.60
795;-6.25;9.30;4.24;-0.16;0.83;-0.33;102.83;-104.02;-360.43
804;-15.67;8.35;-0.91;-0.22;0.83;-0.32;167.02;-136.29;-396.41
813;-27.74;3.03;-5.73;-0.22;0.83;-0.32;161.70;-97.16;-392.56
822;-37.54;-6.55;-9.58;-0.22;0.83;-0.32;70.98;2.73;-353.01
831;-42.25;-19.45;-12.49;-0.27;0.81;-0.30;-39.48;129.50;-303.17
839;-48.76;-41.08;-20.75;-0.27;0.81;-0.30;-56.00;206.78;-180.81
848;-41.30;-56.33;-35.21;-0.27;0.81;-0.30;132.16;150.29;108.71
857;-24.39;-29.22;-42.86;-0.25;0.77;-0.30;313.60;-107.52;464.45
866;-7.77;-1.93;-30.30;-0.25;0.77;-0.30;267.19;-497.42;438.83
875;0.67;6.52;-6.39;-0.20;0.81;-0.24;63.70;-494.62;202.02
883;-1.34;14.11;10.61;-0.20;0.81;-0.24;-203.49;-268.31;15.61
892;-4.37;14.36;20.67;-0.20;0.81;-0.24;-352.03;-58.66;-78.82
901;-7.98;10.46;26.52;-0.25;0.81;-0.28;-291.55;56.00;-111.51
910;-11.11;5.78;26.21;-0.25;0.81;-0.28;-124.60;88.55;-84.14
919;-13.01;0.73;21.18;-0.25;0.81;-0.28;35.00;98.14;-14.14
927;-13.27;-2.88;13.11;-0.25;0.80;-0.28;135.10;104.09;39.83
936;-10.83;-5.79;2.75;-0.25;0.80;-0.28;172.48;91.77;77.42
945;-8.03;-6.20;-3.69;-0.25;0.80;-0.28;166.25;48.30;99.68
954;-4.54;-6.11;-7.21;-0.22;0.82;-0.25;144.27;5.60;92.61
963;-2.76;-5.17;-8.18;-0.22;0.82;-0.25;82.74;-18.06;66.92
971;-2.35;-4.45;-5.92;-0.22;0.82;-0.25;13.65;-19.60;30.59
980;-2.88;-4.04;-2.66;-0.21;0.83;-0.25;-40.53;-13.65;-8.75
989;-3.62;-4.56;0.44;-0.21;0.83;-0.25;-61.32;-11.69;-26.67
998;-4.22;-5.66;2.75;-0.21;0.83;-0.25;-46.76;-6.58;-26.39
1007;-4.32;-7.20;3.40;-0.22;0.83;-0.26;-22.33;0.70;-13.86
1015;-4.45;-8.03;2.36;-0.22;0.83;-0.26;-2.24;2.17;1.40
1024;-4.13;-9.06;1.42;-0.22;0.83;-0.26;10.15;-2.10;10.29
1033;-3.99;-9.64;0.51;-0.22;0.84;-0.28;13.37;-4.27;14.91
1042;-4.17;-9.73;-0.16;-0.22;0.84;-0.28;8.19;-4.69;15.54
1051;-4.19;-9.74;-0.46;-0.22;0.84;-0.28;1.19;-12.95;15.68
1059;-3.98;-9.62;-0.31;-0.23;0.83;-0.26;-3.78;-21.00;15.19
1068;-3.71;-9.36;0.49;-0.23;0.83;-0.26;-5.88;-25.48;12.60
1077;-3.75;-9.11;1.30;-0.23;0.83;-0.26;-9.38;-27.02;5.81
1086;-4.11;-9.02;2.23;-0.22;0.84;-0.26;-12.18;-22.61;-0.21
1095;-4.59;-9.20;3.07;-0.22;0.84;-0.26;-11.69;-14.00;-5.11
1103;-5.15;-9.87;3.50;-0.22;0.84;-0.26;-8.05;-4.41;-7.70
1112;-5.99;-10.33;3.21;-0.23;0.84;-0.25;-1.75;1.26;-7.07
1121;-6.21;-10.47;2.74;-0.23;0.84;-0.25;5.39;3.08;-3.43
1130;-6.44;-10.67;2.10;-0.23;0.84;-0.25;10.01;4.41;3.29
1139;-6.61;-10.50;1.31;-0.23;0.85;-0.26;9.80;2.38;7.56
1147;-6.56;-10.27;0.70;-0.23;0.85;-0.26;5.32;-2.52;8.96
1156;-6.44;-10.39;0.56;-0.23;0.85;-0.25;2.73;-5.46;10.71
1165;-6.55;-9.94;0.53;-0.23;0.84;-0.25;0.91;-8.19;11.76
1174;-6.53;-9.67;0.86;-0.23;0.84;-0.25;0.49;-9.45;13.16
1183;-6.26;-9.25;1.26;-0.24;0.84;-0.27;0.07;-6.72;14.91
1191;-6.20;-8.56;1.62;-0.24;0.84;-0.27;-0.21;-4.20;15.54
1200;-5.95;-8.15;1.67;-0.24;0.84;-0.27;0.91;-0.77;14.35
1209;-5.86;-7.70;1.74;-0.23;0.83;-0.25;1.05;2.03;13.58
1218;-5.62;-7.44;1.43;-0.23;0.83;-0.25;1.61;2.66;11.41
1227;-5.35;-7.44;1.31;-0.23;0.83;-0.25;2.66;0.77;9.80
1235;-5.33;-7.45;1.17;-0.22;0.84;-0.26;3.01;-1.12;8.61
1244;-4.98;-7.39;0.95;-0.22;0.84;-0.26;1.68;-1.12;7.00
1253;-4.96;-7.40;0.99;-0.22;0.84;-0.26;-1.61;0.70;3.78
1262;-4.84;-7.56;0.79;-0.22;0.84;-0.27;-6.09;3.99;-0.56
1270;-5.02;-7.70;0.89;-0.22;0.84;-0.27;-10.15;4.76;-3.08
1279;-5.16;-7.83;0.93;-0.22;0.84;-0.27;-11.20;4.13;-3.71
1288;-5.28;-7.87;1.28;-0.22;0.84;-0.25;-10.36;2.94;-3.64
1297;-5.51;-8.13;1.58;-0.22;0.84;-0.25;-7.70;1.47;-2.31
1305;-5.70;-8.00;1.69;-0.22;0.84;-0.25;-3.64;0.84;0.28
1314;-5.97;-8.18;1.69;-0.23;0.84;-0.26;2.17;0.14;4.76
1323;-5.76;-8.36;1.48;-0.23;0.84;-0.26;7.98;-0.63;9.24
1332;-5.61;-8.53;1.17;-0.23;0.84;-0.26;13.51;-2.52;13.79
1341;-5.36;-8.61;1.03;-0.22;0.84;-0.25;15.89;-4.55;17.29
1349;-5.21;-8.58;1.16;-0.22;0.84;-0.25;15.26;-4.62;18.48
1358;-5.25;-8.76;1.13;-0.22;0.84;-0.25;15.19;-3.15;18.62
1367;-5.38;-8.88;0.85;-0.22;0.84;-0.26;13.09;1.05;19.04
1376;-5.43;-9.00;0.59;-0.22;0.84;-0.26;11.69;2.73;19.67
1385;-5.77;-9.25;0.11;-0.22;0.84;-0.26;11.76;2.24;21.98
1393;-5.92;-9.26;-0.39;-0.21;0.85;-0.26;11.55;-1.54;27.09
1402;-5.83;-9.38;-0.49;-0.21;0.85;-0.26;10.43;-7.70;30.87
1411;-6.17;-10.34;-0.34;-0.21;0.85;-0.26;8.40;-13.65;30.45
1420;-6.09;-9.00;-0.17;-0.22;0.85;-0.26;6.58;-16.17;35.00
1429;-5.88;-8.62;0.02;-0.22;0.85;-0.26;6.09;-18.55;36.12
1437;-5.89;-8.41;0.02;-0.22;0.85;-0.26;7.49;-19.74;35.21
1446;-6.07;-8.16;0.06;-0.21;0.85;-0.25;8.19;-22.26;33.39
1455;-5.76;-8.34;0.01;-0.21;0.85;-0.25;6.30;-24.01;32.41
1464;-5.55;-8.33;0.14;-0.21;0.85;-0.25;5.11;-19.60;30.24
1472;-5.64;-8.42;0.11;-0.21;0.85;-0.26;1.05;-14.07;27.72
1481;-5.66;-8.69;0.05;-0.21;0.85;-0.26;-4.06;-11.62;28.35
1490;-5.69;-8.80;0.00;-0.21;0.86;-0.25;-6.30;-13.93;31.50
1499;-5.71;-8.94;0.12;-0.21;0.86;-0.25;-6.86;-19.74;34.44
1508;-5.81;-8.92;0.14;-0.21;0.86;-0.25;-4.48;-23.59;36.54
1516;-5.76;-8.51;0.31;-0.21;0.87;-0.26;-0.98;-27.86;39.27
1525;-5.84;-8.61;0.36;-0.21;0.87;-0.26;1.75;-34.58;39.48
1534;-5.80;-8.41;0.60;-0.21;0.87;-0.26;2.87;-36.96;40.88
1543;-5.79;-8.21;0.90;-0.20;0.87;-0.25;1.82;-39.13;40.25
1552;-5.30;-8.08;1.08;-0.20;0.87;-0.25;2.94;-37.59;35.00
1560;-5.05;-8.13;1.17;-0.20;0.87;-0.25;4.27;-30.38;30.59
1569;-4.69;-8.08;0.95;-0.19;0.88;-0.25;5.74;-22.61;25.90
1578;-4.34;-8.05;0.68;-0.19;0.88;-0.25;7.07;-16.80;20.65
1587;-4.53;-8.35;0.19;-0.19;0.88;-0.25;5.60;-15.40;17.50
1596;-4.77;-8.66;-0.18;-0.20;0.87;-0.24;2.24;-19.60;20.23
1604;-4.94;-8.67;-0.27;-0.20;0.87;-0.24;0.07;-25.62;23.80
1613;-4.86;-8.66;-0.12;-0.20;0.87;-0.24;-0.70;-32.76;25.55
1622;-4.99;-8.34;-0.14;-0.20;0.88;-0.25;-3.15;-38.29;24.64
1631;-4.74;-8.23;0.24;-0.20;0.88;-0.25;-5.39;-42.49;22.47
1640;-4.51;-8.29;0.57;-0.20;0.88;-0.25;-7.35;-42.21;16.66
1648;-4.50;-8.51;1.12;-0.21;0.87;-0.24;-9.17;-34.16;10.78
1657;-4.65;-8.76;1.23;-0.21;0.87;-0.24;-9.45;-22.47;6.65
1666;-4.53;-9.03;1.28;-0.21;0.87;-0.24;-4.34;-10.64;5.53
1675;-4.52;-9.30;1.00;-0.20;0.87;-0.26;3.71;-2.03;3.78
1684;-4.85;-9.52;0.59;-0.20;0.87;-0.26;11.83;-0.98;5.81
1692;-5.08;-9.54;0.04;-0.20;0.87;-0.26;18.13;-8.89;12.60
1701;-4.94;-9.56;-0.04;-0.20;0.88;-0.25;23.10;-24.22;17.92
1710;-4.91;-9.31;-0.21;-0.20;0.88;-0.25;23.10;-37.66;20.02
1719;-4.54;-9.09;0.07;-0.20;0.88;-0.25;18.27;-44.38;19.88
1727;-3.93;-9.22;0.44;-0.20;0.88;-0.24;11.97;-42.70;16.66
1736;-3.52;-9.16;0.63;-0.20;0.88;-0.24;5.53;-33.74;11.41
1745;-3.37;-9.10;0.98;-0.20;0.88;-0.24;-0.21;-18.97;4.90
1754;-3.40;-9.35;0.95;-0.20;0.89;-0.24;-3.64;-3.92;0.98
1763;-3.35;-9.35;0.78;-0.20;0.89;-0.24;-4.83;9.80;-2.94
1771;-3.50;-9.82;0.75;-0.20;0.89;-0.24;-5.81;23.59;-7.28
1780;-3.96;-10.05;0.27;-0.20;0.88;-0.23;-6.30;27.93;-8.33
1789;-4.46;-10.16;-0.06;-0.20;0.88;-0.23;-3.50;17.22;0.00
1798;-4.32;-10.38;-0.12;-0.20;0.88;-0.24;1.40;-0.14;10.50
1806;-3.94;-10.06;0.03;-0.20;0.88;-0.24;6.44;-16.24;14.07
1815;-3.77;-9.78;0.13;-0.20;0.88;-0.24;9.17;-26.95;12.46
1824;-3.70;-9.58;0.39;-0.20;0.88;-0.24;8.61;-30.45;10.99
1833;-3.59;-9.24;0.41;-0.20;0.88;-0.24;5.04;-29.68;8.26
1842;-3.38;-9.01;0.55;-0.20;0.88;-0.24;0.28;-23.59;5.25
1850;-3.04;-9.05;0.61;-0.20;0.90;-0.23;-5.04;-15.61;3.22
1859;-2.95;-8.94;0.88;-0.20;0.90;-0.23;-9.31;-4.97;0.28
1868;-3.00;-8.96;0.86;-0.20;0.90;-0.23;-12.74;7.98;-3.36
1877;-3.19;-9.08;0.67;-0.20;0.88;-0.24;-14.56;19.32;-5.81
1886;-3.47;-9.23;0.23;-0.20;0.88;-0.24;-13.44;18.90;-4.41
1894;-3.49;-9.49;0.19;-0.20;0.88;-0.24;-9.38;8.54;2.94
1903;-3.45;-9.35;0.06;-0.20;0.89;-0.24;-4.13;-6.93;5.39
1912;-3.44;-9.40;0.31;-0.20;0.89;-0.24;-2.17;-14.07;4.69
1921;-3.31;-9.52;0.50;-0.20;0.89;-0.24;-5.18;-14.98;4.83
1929;-3.32;-9.38;0.60;-0.20;0.88;-0.25;-9.45;-12.60;3.43
1938;-3.27;-9.32;0.88;-0.20;0.88;-0.25;-13.09;-8.54;0.56
1947;-3.26;-9.26;0.87;-0.20;0.88;-0.25;-14.91;-5.11;-2.24
1956;-3.40;-9.43;0.97;-0.20;0.88;-0.25;-13.93;-3.36;-3.43
1965;-3.49;-9.46;1.03;-0.20;0.88;-0.25;-12.60;0.21;-3.08
1974;-3.66;-9.48;1.22;-0.20;0.88;-0.25;-8.05;2.59;-1.89
1982;-3.73;-9.35;1.15;-0.19;0.88;-0.25;-0.14;2.66;0.42
1991;-3.60;-9.15;0.90;-0.19;0.88;-0.25;6.93;-0.98;3.71
2000;-3.34;-9.06;0.73;-0.19;0.88;-0.25;10.22;-4.34;4.69
2009;-3.34;-9.09;0.52;-0.20;0.88;-0.24;9.59;-7.14;2.24
2017;-3.24;-8.98;0.52;-0.20;0.88;-0.24;7.91;-8.54;-0.07
2026;-3.22;-9.15;0.50;-0.20;0.88;-0.24;5.18;-6.79;-0.98
2035;-3.21;-9.25;0.41;-0.20;0.89;-0.25;-0.77;-3.36;-3.15
2044;-3.40;-9.31;0.67;-0.20;0.89;-0.25;-7.21;0.70;-4.76
2052;-3.75;-9.57;0.87;-0.20;0.89;-0.25;-9.52;3.99;-4.27
2061;-3.65;-9.59;1.10;-0.20;0.89;-0.24;-6.58;7.35;0.14
2070;-3.63;-9.60;0.95;-0.20;0.89;-0.24;-0.35;7.21;2.17
2079;-3.48;-9.66;0.85;-0.20;0.89;-0.24;8.47;4.55;2.80
2087;-3.29;-9.63;0.47;-0.20;0.89;-0.25;13.86;0.35;3.15
2096;-2.92;-9.63;0.54;-0.20;0.89;-0.25;14.14;-3.22;3.64
2105;-2.90;-9.48;0.56;-0.20;0.89;-0.25;9.24;-5.53;1.19
2114;-3.01;-9.69;0.70;-0.20;0.88;-0.25;4.13;-5.67;0.56
2122;-3.29;-9.83;0.93;-0.20;0.88;-0.25;1.33;-2.17;4.20
2131;-3.20;-9.83;1.00;-0.20;0.88;-0.24;-0.63;6.86;7.28
2140;-3.21;-9.91;0.90;-0.20;0.88;-0.24;-2.59;14.56;5.67
2149;-3.28;-10.10;0.70;-0.20;0.88;-0.24;-4.41;20.58;7.84
2157;-3.47;-10.12;0.52;-0.19;0.88;-0.24;-2.24;20.02;11.48
2166;-3.19;-10.00;0.57;-0.19;0.88;-0.24;3.08;14.70;12.81
2175;-3.17;-9.88;0.77;-0.19;0.88;-0.24;10.78;9.03;12.11
2184;-3.27;-9.79;0.55;-0.19;0.89;-0.24;35.77;4.27;12.04
2192;-3.24;-9.63;0.45;-0.19;0.89;-0.24;22.12;2.73;12.25
2201;-3.02;-9.58;0.25;-0.19;0.89;-0.24;21.56;2.10;9.94
2210;-3.22;-9.58;0.27;-0.19;0.88;-0.24;18.83;3.71;7.70
2219;-3.19;-9.73;0.10;-0.19;0.88;-0.24;16.03;6.37;7.28
2227;-3.22;-9.86;0.08;-0.19;0.88;-0.24;12.04;8.96;7.98
2236;-3.22;-9.99;-0.02;-0.18;0.89;-0.22;7.70;10.85;7.42
2245;-3.35;-10.05;0.08;-0.18;0.89;-0.22;3.08;12.88;8.05
2254;-3.32;-10.18;0.09;-0.18;0.89;-0.22;-1.19;13.58;8.61
2263;-3.27;-10.20;0.18;-0.19;0.90;-0.23;-3.22;11.76;8.61
2271;-3.34;-10.09;0.43;-0.19;0.90;-0.23;-1.19;8.54;8.61
2280;-3.40;-9.94;0.41;-0.19;0.90;-0.23;3.43;3.43;9.10
2289;-3.24;-9.87;0.39;-0.17;0.89;-0.24;9.59;0.00;10.85
2298;-3.12;-9.68;0.39;-0.17;0.89;-0.24;14.07;-1.12;10.85
2306;-2.81;-9.63;0.42;-0.17;0.89;-0.24;16.38;-0.21;8.89
2315;-2.76;-9.59;0.17;-0.19;0.89;-0.24;14.49;2.24;7.49
2324;-2.60;-9.47;0.14;-0.19;0.89;-0.24;10.15;4.76;7.77
2333;-2.51;-9.49;0.22;-0.19;0.89;-0.24;5.95;7.21;7.14
2342;-2.11;-9.55;0.29;-0.17;0.89;-0.24;2.17;8.47;5.04
2350;-1.97;-9.62;0.40;-0.17;0.89;-0.24;-0.49;6.79;2.80
2359;-2.11;-9.71;0.65;-0.17;0.89;-0.24;0.00;2.17;2.59
2368;-1.84;-9.96;0.82;-0.18;0.89;-0.23;1.61;-2.38;2.73
2377;-1.81;-10.10;0.92;-0.18;0.89;-0.23;3.01;-3.01;1.40
2385;-1.71;-10.20;0.92;-0.18;0.89;-0.23;2.24;-2.03;1.05
2394;-1.47;-10.45;1.01;-0.18;0.89;-0.24;0.98;-0.84;2.10
2403;-1.28;-10.62;1.19;-0.18;0.89;-0.24;-0.63;1.19;2.73
2412;-0.90;-10.54;1.12;-0.18;0.89;-0.24;-2.80;1.75;2.59
2420;-0.76;-10.49;1.28;-0.17;0.90;-0.24;-4.41;1.47;1.68
2429;-0.79;-10.33;1.49;-0.17;0.90;-0.24;-3.36;1.89;0.63
2438;-1.15;-10.16;1.84;-0.17;0.90;-0.24;-0.42;3.08;3.29
2447;-1.11;-9.94;1.72;-0.18;0.90;-0.23;1.47;7.07;8.54
2455;-0.98;-9.90;1.56;-0.18;0.90;-0.23;0.63;11.13;9.66
2464;-1.19;-9.86;1.43;-0.18;0.90;-0.23;-2.31;13.02;9.03
2473;-1.29;-9.90;1.37;-0.17;0.90;-0.24;-3.29;15.05;10.01
2482;-1.16;-9.90;1.31;-0.17;0.90;-0.24;-3.08;16.31;11.55
2491;-1.06;-9.91;1.44;-0.17;0.89;-0.24;-0.98;16.10;10.99
2499;-1.22;-9.90;1.09;-0.17;0.89;-0.24;2.80;14.70;9.66
2508;-1.50;-9.88;1.19;-0.17;0.89;-0.24;6.16;13.65;8.96
2517;-1.73;-10.06;0.93;-0.17;0.89;-0.24;10.36;15.47;9.66
2526;-1.54;-10.24;0.58;-0.17;0.89;-0.24;13.30;16.59;11.06
2534;-1.45;-10.01;0.09;-0.17;0.89;-0.24;13.79;15.40;12.11
2543;-1.51;-9.96;-0.05;-0.17;0.89;-0.23;11.76;12.67;10.99
2552;-1.46;-9.77;-0.11;-0.17;0.89;-0.23;8.26;10.15;8.61
2561;-1.56;-9.81;-0.31;-0.17;0.89;-0.23;3.78;7.14;6.09
2569;-1.62;-9.76;-0.28;-0.17;0.90;-0.23;-1.33;3.71;3.43
2578;-1.85;-9.80;0.04;-0.17;0.90;-0.23;-5.18;2.45;2.10
2587;-2.01;-9.87;0.25;-0.17;0.90;-0.23;-7.00;5.46;2.45
2596;-2.00;-9.81;0.44;-0.17;0.90;-0.24;-6.86;9.38;4.06
2604;-2.17;-9.92;0.65;-0.17;0.90;-0.24;-3.57;12.81;7.07
2613;-2.06;-9.79;0.59;-0.17;0.90;-0.24;1.47;15.40;11.62
2622;-1.87;-9.69;0.31;-0.17;0.90;-0.23;4.69;16.87;12.81
2631;-1.90;-9.68;0.24;-0.17;0.90;-0.23;6.09;17.85;11.55
2639;-1.74;-9.62;0.17;-0.17;0.90;-0.23;5.04;14.63;9.10
2648;-1.84;-9.53;0.03;-0.16;0.89;-0.23;3.57;9.87;6.51
2657;-1.87;-9.27;0.11;-0.16;0.89;-0.23;1.96;2.66;1.40
2666;-1.82;-9.26;0.14;-0.16;0.89;-0.23;0.84;-4.48;-1.54
2674;-1.82;-9.15;0.14;-0.16;0.89;-0.23;-0.56;-8.19;-3.57
2683;-2.24;-10.96;0.58;-0.16;0.89;-0.23;-2.17;-8.96;-5.25
2692;-2.84;-9.46;1.07;-0.16;0.89;-0.23;-1.26;-0.35;-0.84
2701;-2.85;-9.43;1.21;-0.15;0.90;-0.24;0.28;17.92;5.81
2709;-2.52;-9.60;0.88;-0.15;0.90;-0.24;-0.14;30.03;7.00
2718;-2.25;-9.78;0.44;-0.15;0.90;-0.24;-2.66;34.86;5.46
2727;-2.40;-9.80;0.46;-0.15;0.90;-0.24;-3.22;33.25;3.99
2736;-2.35;-9.65;0.22;-0.15;0.90;-0.24;-0.77;26.81;1.05
2744;-1.90;-9.64;0.09;-0.15;0.90;-0.24;1.26;13.93;-4.90
2753;-2.15;-9.48;0.04;-0.15;0.90;-0.24;4.20;2.03;-10.43
2762;-2.69;-9.57;0.14;-0.15;0.90;-0.24;6.51;-9.24;-14.63
2771;-3.18;-9.60;0.28;-0.15;0.90;-0.24;8.47;-13.51;-10.85
2779;-3.62;-9.83;0.63;-0.15;0.90;-0.24;9.38;-3.15;-5.88
2788;-3.60;-9.88;0.60;-0.15;0.90;-0.24;9.73;14.70;-2.31
2797;-3.62;-9.92;-0.03;-0.15;0.90;-0.24;8.82;27.93;0.00
2806;-3.44;-9.96;-0.28;-0.16;0.91;-0.22;7.49;31.71;-2.03
2814;-3.55;-10.19;-0.53;-0.16;0.91;-0.22;5.67;30.17;-3.50
2823;-3.58;-10.16;-0.73;-0.16;0.91;-0.22;4.83;26.04;-2.94
2832;-3.29;-10.08;-1.16;-0.15;0.90;-0.23;1.82;17.36;-4.34
2841;-2.96;-10.15;-1.21;-0.15;0.90;-0.23;-1.75;5.25;-7.56
2849;-2.99;-10.11;-1.16;-0.15;0.89;-0.23;-6.23;-5.81;-10.22
2858;-2.91;-9.98;-1.23;-0.15;0.89;-0.23;-12.11;-14.49;-12.25
2867;-2.96;-9.96;-1.03;-0.15;0.89;-0.23;-20.09;-21.00;-20.37
2876;-3.19;-9.96;-0.42;-0.16;0.89;-0.21;-28.21;-18.20;-25.83
2885;-3.26;-9.88;-0.20;-0.16;0.89;-0.21;-34.44;-11.83;-26.46
2893;-3.33;-9.84;-0.09;-0.16;0.89;-0.21;-40.46;-2.87;-29.68
2902;-3.04;-10.06;0.12;-0.16;0.90;-0.23;-48.09;4.97;-33.67
2911;-2.76;-10.49;0.22;-0.16;0.90;-0.23;-57.40;3.64;-36.82
2920;-2.48;-11.51;1.04;-0.16;0.90;-0.23;-63.77;-8.33;-42.00
2929;-2.00;-12.36;2.25;-0.17;0.89;-0.23;-71.54;-30.73;-48.51
2938;-1.52;-12.93;3.88;-0.17;0.89;-0.23;-79.59;-52.50;-54.25
2946;-0.83;-12.32;5.82;-0.17;0.89;-0.23;-84.00;-82.11;-59.99
2955;0.49;-10.71;7.97;-0.20;0.88;-0.25;-96.25;-114.87;-68.53
2964;2.28;-7.67;10.57;-0.20;0.88;-0.25;-123.06;-146.65;-86.17
2973;3.23;-2.23;13.77;-0.20;0.88;-0.25;-160.23;-169.68;-117.11
2982;3.50;4.93;15.91;-0.22;0.86;-0.27;-180.60;-171.85;-167.16
2990;1.36;8.24;16.42;-0.22;0.86;-0.27;-155.47;-154.49;-236.32
2999;-1.18;10.71;16.39;-0.22;0.86;-0.27;-45.99;-146.09;-289.10
3008;-5.41;8.71;11.89;-0.28;0.83;-0.27;85.75;-94.78;-312.62
3017;-11.59;6.53;5.34;-0.28;0.83;-0.27;170.38;-17.57;-340.97
3025;-22.69;-1.10;-2.01;-0.28;0.83;-0.27;165.69;193.69;-330.68
3034;-30.45;-10.45;-12.86;-0.31;0.79;-0.25;33.11;319.27;-336.56
3043;-37.79;-40.10;-31.83;-0.31;0.79;-0.25;-60.41;354.97;-270.27
3052;-31.82;-68.36;-52.17;-0.31;0.79;-0.25;40.53;257.11;-29.54
3061;-22.38;-46.98;-63.65;-0.25;0.73;-0.28;155.89;-122.57;376.11
3069;-8.69;-10.47;-37.67;-0.25;0.73;-0.28;174.72;-558.39;433.09
3078;-3.08;10.30;-7.01;-0.25;0.73;-0.28;-29.89;-593.32;153.44
3087;-2.50;16.72;21.51;-0.26;0.78;-0.22;-321.02;-263.97;-90.23
3096;-6.22;15.62;33.34;-0.26;0.78;-0.22;-373.24;12.25;-190.19
3105;-14.52;9.20;30.14;-0.26;0.78;-0.22;-163.73;117.25;-143.22
3114;-19.68;0.01;20.81;-0.31;0.77;-0.27;23.66;137.13;-37.38
3123;-19.50;-5.94;10.08;-0.31;0.77;-0.27;124.60;139.65;55.51
3131;-14.90;-8.61;-1.54;-0.31;0.77;-0.27;151.97;110.18;123.27
3140;-7.97;-7.05;-8.99;-0.27;0.77;-0.27;139.09;47.95;146.30
3149;-3.41;-4.60;-9.76;-0.27;0.77;-0.27;84.77;0.21;116.34
3158;-1.78;-3.83;-6.68;-0.26;0.79;-0.25;20.09;-7.63;60.20
3167;-2.51;-2.84;-3.94;-0.26;0.79;-0.25;-25.34;7.63;6.16
3175;-3.83;-2.81;-1.15;-0.26;0.79;-0.25;-40.25;12.18;-25.20
3184;-4.82;-3.50;2.05;-0.27;0.80;-0.26;-36.05;14.56;-38.71
3193;-5.65;-5.17;3.68;-0.27;0.80;-0.26;-24.22;26.18;-33.39
3202;-6.47;-6.19;3.46;-0.27;0.80;-0.26;-6.79;28.70;-15.89
3211;-6.45;-7.03;3.23;-0.29;0.80;-0.27;15.33;23.45;5.18
3219;-5.58;-7.19;2.52;-0.29;0.80;-0.27;31.57;18.34;21.21
3228;-4.59;-7.06;1.41;-0.29;0.80;-0.27;32.06;12.88;21.63
3237;-4.31;-7.66;0.84;-0.27;0.80;-0.26;16.59;10.85;8.47
3246;-4.63;-8.49;0.79;-0.27;0.80;-0.26;0.84;12.67;-3.64
3255;-4.99;-8.56;0.92;-0.27;0.80;-0.26;-3.50;7.35;-5.04
3263;-5.03;-8.55;1.49;-0.28;0.80;-0.26;2.59;1.19;-4.55
3272;-5.18;-8.23;2.00;-0.28;0.80;-0.26;5.46;0.91;-3.36
3281;-4.99;-8.19;2.49;-0.28;0.80;-0.26;10.08;1.61;-2.45
3290;-5.23;-8.54;2.66;-0.28;0.81;-0.26;16.10;1.68;-2.38
3298;-5.86;-9.53;2.42;-0.28;0.81;-0.26;16.45;9.66;-2.38
3307;-6.56;-9.91;1.48;-0.28;0.81;-0.26;11.27;16.94;-3.36
3316;-6.88;-10.60;0.41;-0.27;0.81;-0.27;4.83;15.54;-2.59
3325;-7.26;-10.69;0.07;-0.27;0.81;-0.27;-1.26;9.24;-0.91
3333;-7.19;-9.96;0.69;-0.27;0.81;-0.27;-3.29;3.64;3.22
3342;-7.05;-9.36;1.24;-0.27;0.81;-0.26;-0.77;0.98;4.90
3351;-6.88;-9.20;1.50;-0.27;0.81;-0.26;0.28;2.03;7.56
3360;-7.07;-9.44;1.64;-0.27;0.81;-0.26;2.38;4.69;12.60
3368;-7.10;-9.48;1.46;-0.26;0.80;-0.27;7.70;7.77;19.53
3377;-6.96;-9.45;0.98;-0.26;0.80;-0.27;12.04;10.50;25.55
3386;-6.82;-9.30;0.47;-0.26;0.80;-0.27;10.92;10.36;28.07
3395;-6.67;-9.03;0.04;-0.27;0.81;-0.26;6.58;7.63;28.14
3404;-6.15;-8.61;0.03;-0.27;0.81;-0.26;3.15;1.54;25.06
3412;-5.90;-8.30;0.20;-0.27;0.81;-0.26;-0.35;-3.43;20.37
3421;-5.92;-7.83;0.75;-0.27;0.80;-0.28;-4.41;-5.74;16.17
3430;-5.76;-7.34;1.34;-0.27;0.80;-0.28;-4.69;-7.42;11.62
3439;-5.53;-7.06;1.67;-0.27;0.80;-0.27;-1.96;-8.40;8.96
3448;-5.55;-7.10;2.07;-0.27;0.82;-0.27;-0.77;-4.55;5.25
3456;-5.92;-7.34;2.15;-0.27;0.82;-0.27;-1.19;2.80;3.29
3465;-5.99;-7.67;1.76;-0.26;0.82;-0.25;0.77;8.19;4.76
3474;-6.07;-8.07;1.15;-0.26;0.82;-0.25;3.22;8.89;7.70
3483;-6.01;-8.42;0.72;-0.26;0.82;-0.25;4.41;7.35;11.13
3492;-5.80;-8.67;0.24;-0.26;0.81;-0.27;3.22;4.83;12.88
3500;-5.76;-8.55;0.02;-0.26;0.81;-0.27;-2.03;2.52;11.62
3509;-5.73;-8.19;0.33;-0.26;0.81;-0.27;-8.75;-0.21;8.82
3518;-3.74;-7.93;1.03;-0.26;0.82;-0.26;-10.36;-2.03;7.00
3527;-5.54;-7.88;1.19;-0.26;0.82;-0.26;-10.50;-1.05;4.76
3535;-5.76;-7.88;1.44;-0.26;0.82;-0.26;-10.22;0.21;3.36
3544;-5.95;-8.15;1.54;-0.26;0.80;-0.26;-7.77;2.10;3.15
3553;-6.14;-8.41;1.82;-0.26;0.80;-0.26;-5.11;5.32;5.32
3562;-6.36;-8.81;1.36;-0.26;0.80;-0.26;-2.24;6.37;11.13
3571;-6.38;-8.97;1.48;-0.25;0.81;-0.27;2.24;4.97;19.18
3579;-6.44;-9.24;1.14;-0.25;0.81;-0.27;6.23;5.18;26.39
3588;-6.52;-9.48;0.74;-0.25;0.81;-0.27;6.79;7.70;31.85
3597;-6.51;-9.45;0.17;-0.25;0.82;-0.27;5.74;5.18;36.75
3606;-6.26;-9.35;-0.04;-0.25;0.82;-0.27;6.16;2.17;38.64
3614;-6.22;-9.05;-0.01;-0.25;0.82;-0.27;4.97;-0.98;40.67
3623;-6.09;-8.89;0.09;-0.25;0.82;-0.26;4.34;-1.96;41.37
3632;-5.82;-8.93;0.24;-0.25;0.82;-0.26;2.45;0.63;40.46
3641;-5.84;-8.82;0.44;-0.25;0.82;-0.26;0.28;3.92;38.78
3650;-5.87;-8.64;0.75;-0.24;0.83;-0.27;-1.33;7.07;35.49
3658;-5.90;-8.45;1.21;-0.24;0.83;-0.27;0.63;10.99;30.17
3667;-6.02;-8.31;1.32;-0.24;0.83;-0.27;3.22;12.60;25.97
3676;-6.33;-8.29;0.94;-0.23;0.82;-0.26;2.10;11.13;26.60
3685;-6.56;-8.21;0.61;-0.23;0.82;-0.26;-1.89;4.34;34.79
3694;-6.56;-8.26;0.61;-0.23;0.82;-0.26;-2.87;-3.78;39.13
3702;-6.48;-8.36;0.50;-0.23;0.83;-0.27;-3.29;-7.42;41.93
3711;-6.43;-8.36;0.37;-0.23;0.83;-0.27;-4.55;-8.89;42.56
3720;-6.22;-8.30;0.04;-0.23;0.83;-0.27;-8.33;-10.01;43.19
3729;-6.08;-8.00;0.01;-0.23;0.84;-0.26;-12.39;-10.64;41.44
3737;-5.84;-7.80;0.22;-0.23;0.84;-0.26;-15.68;-10.29;38.29
3746;-5.67;-7.69;0.43;-0.23;0.84;-0.26;-16.52;-9.10;34.86
3755;-5.58;-7.50;0.29;-0.22;0.83;-0.27;-14.98;-10.01;34.16
3764;-5.51;-7.59;0.04;-0.22;0.83;-0.27;-14.84;-12.18;35.70
3773;-5.08;-7.48;0.03;-0.21;0.83;-0.27;-16.24;-14.00;35.91
3781;-4.80;-7.52;0.07;-0.21;0.83;-0.27;-19.67;-14.28;32.97
3790;-4.67;-7.56;0.04;-0.21;0.83;-0.27;-25.76;-14.98;30.87
3799;-4.73;-7.57;0.31;-0.22;0.84;-0.27;-33.60;-13.86;25.76
3808;-4.87;-7.98;0.91;-0.22;0.84;-0.27;-38.78;-6.65;21.21
3817;-5.07;-7.97;1.26;-0.22;0.84;-0.27;-42.98;2.03;17.22
3825;-5.37;-8.27;1.50;-0.21;0.84;-0.28;-41.30;7.21;16.59
3834;-5.53;-8.38;1.59;-0.21;0.84;-0.28;-33.95;6.30;21.49
3843;-5.45;-8.36;1.54;-0.21;0.84;-0.28;-21.91;-17.01;28.84
3852;-5.16;-8.28;1.34;-0.21;0.83;-0.30;-7.63;-7.42;32.76
3861;-4.83;-8.22;1.18;-0.21;0.83;-0.30;1.26;-16.73;33.60
3869;-4.60;-8.28;0.87;-0.21;0.83;-0.30;4.69;-23.45;33.04
3878;-4.51;-8.28;0.94;-0.21;0.84;-0.29;4.06;-24.50;31.08
3887;-4.49;-8.53;0.78;-0.21;0.84;-0.29;0.00;-22.12;29.19
3896;-4.61;-8.41;0.73;-0.21;0.84;-0.29;-6.44;-18.83;25.55
3905;-4.42;-8.42;0.75;-0.20;0.84;-0.29;-11.55;-15.19;18.76
3913;-4.30;-8.64;0.83;-0.20;0.84;-0.29;-16.52;-11.69;14.14
3922;-4.38;-8.79;1.11;-0.20;0.84;-0.29;-19.11;-6.86;10.71
3931;-4.39;-8.85;1.25;-0.20;0.84;-0.28;-16.87;-4.90;8.54
3940;-4.43;-8.89;1.22;-0.20;0.84;-0.28;-8.75;-8.19;8.61
3949;-4.47;-8.97;1.41;-0.20;0.84;-0.28;3.99;-11.62;9.80
3957;-4.25;-8.86;1.49;-0.20;0.84;-0.28;13.23;-12.74;11.83
3966;-4.31;-8.73;0.96;-0.20;0.84;-0.28;17.36;-14.56;13.16
3975;-4.05;-8.74;0.87;-0.20;0.84;-0.28;17.78;-16.10;16.24
3984;-3.78;-8.63;0.81;-0.20;0.84;-0.29;17.08;-13.44;17.57
3993;-3.54;-8.56;0.70;-0.20;0.84;-0.29;15.05;-12.11;14.77
4002;-3.48;-8.70;0.67;-0.20;0.84;-0.29;12.60;-9.38;10.92
4010;-3.32;-8.99;0.91;-0.20;0.85;-0.28;9.10;-4.76;9.59
4019;-3.62;-8.90;0.70;-0.20;0.85;-0.28;3.92;-4.13;8.82
4028;-3.85;-8.94;0.73;-0.20;0.85;-0.28;0.91;-7.63;9.66
4037;-3.87;-8.87;0.58;-0.21;0.85;-0.28;-1.12;-15.89;11.34
4046;-3.81;-8.92;0.88;-0.21;0.85;-0.28;-4.76;-21.35;9.94
4054;-3.51;-9.00;1.26;-0.21;0.85;-0.29;-8.19;-21.42;7.07
4063;-3.59;-8.99;1.47;-0.19;0.85;-0.29;-8.54;-20.79;5.11
4072;-3.64;-8.97;1.50;-0.19;0.85;-0.29;-5.53;-22.12;3.99
4081;-3.28;-8.97;1.60;-0.19;0.85;-0.28;-1.82;-22.75;4.48
4090;-2.94;-8.64;1.66;-0.19;0.85;-0.28;0.98;-22.68;1.05
4099;-2.79;-8.69;1.82;-0.19;0.85;-0.28;2.17;-18.69;-4.62
4107;-2.74;-8.88;1.91;-0.21;0.84;-0.28;1.61;-10.01;-10.29
4116;-3.14;-9.07;1.95;-0.21;0.84;-0.28;-0.21;-0.35;-14.49
4125;-3.58;-9.26;1.71;-0.21;0.84;-0.28;-3.29;6.30;-14.70
4134;-3.91;-9.32;1.59;-0.21;0.85;-0.27;-6.23;4.41;-9.38
4143;-3.98;-9.35;1.54;-0.21;0.85;-0.27;-5.81;-4.90;-5.18
4151;-3.86;-9.41;1.69;-0.21;0.85;-0.27;-3.36;-14.77;-4.48
4160;-4.04;-9.17;2.05;-0.21;0.84;-0.28;-0.07;-18.55;-3.85
4169;-3.98;-9.04;1.95;-0.21;0.84;-0.28;0.00;-17.92;-3.85
4178;-3.68;-8.88;1.90;-0.21;0.84;-0.28;-3.22;-14.56;-5.18
4187;-3.66;-8.76;2.04;-0.22;0.84;-0.29;-6.65;-9.45;-7.84
4196;-3.61;-8.76;2.10;-0.22;0.84;-0.29;-11.34;-1.68;-12.32
4205;-3.64;-8.59;2.02;-0.22;0.84;-0.29;-14.70;5.53;-17.85
4213;-3.61;-8.58;2.30;-0.23;0.85;-0.30;-14.21;10.36;-18.90
4222;-4.11;-8.51;2.30;-0.23;0.85;-0.30;-11.69;12.67;-20.86
4231;-4.31;-8.66;2.15;-0.23;0.85;-0.30;-3.85;6.44;-17.57
4240;-4.22;-8.83;2.05;-0.22;0.84;-0.30;7.91;-0.07;-10.57
4249;-3.85;-8.61;1.62;-0.22;0.84;-0.30;16.31;-5.67;-8.05
4257;-3.60;-8.82;1.37;-0.22;0.84;-0.30;17.43;-9.94;-13.09
4266;-3.80;-8.94;1.26;-0.22;0.85;-0.30;12.74;-12.25;-17.50
4275;-3.89;-9.10;1.34;-0.22;0.85;-0.30;4.69;-11.62;-21.21
4284;-4.31;-9.27;1.67;-0.22;0.85;-0.30;-2.66;-5.11;-24.36
4292;-4.42;-9.32;2.01;-0.23;0.84;-0.30;-9.38;3.64;-25.20
4301;-4.67;-9.37;2.21;-0.23;0.84;-0.30;-10.29;10.01;-23.10
4310;-4.82;-9.34;2.21;-0.23;0.84;-0.30;-7.21;13.72;-21.07
4319;-4.75;-9.31;2.12;-0.24;0.84;-0.29;-2.31;15.33;-18.48
4328;-4.47;-9.27;2.05;-0.24;0.84;-0.29;4.34;12.74;-17.22
4336;-4.68;-9.30;2.15;-0.24;0.84;-0.29;15.75;8.82;-15.26
4345;-4.45;-9.52;1.57;-0.23;0.84;-0.29;24.78;1.54;-9.38
4354;-4.36;-9.53;1.24;-0.23;0.84;-0.29;27.37;-3.99;-6.58
4363;-4.21;-9.35;0.92;-0.22;0.85;-0.28;20.86;-6.37;-8.96
4372;-4.21;-9.48;1.11;-0.22;0.85;-0.28;11.41;-5.18;-12.32
4380;-4.39;-9.63;1.29;-0.22;0.85;-0.28;1.40;-0.63;-13.93
4389;-4.38;-9.54;1.63;-0.23;0.84;-0.29;-5.04;4.20;-14.00
4398;-4.56;-9.45;2.05;-0.23;0.84;-0.29;-6.79;8.75;-12.60
4407;-4.48;-9.38;2.23;-0.23;0.84;-0.29;-3.78;15.26;-10.43
4415;-4.29;-9.30;2.30;-0.24;0.85;-0.27;1.26;20.79;-7.77
4424;-4.01;-9.38;2.05;-0.24;0.85;-0.27;8.40;20.09;-6.93
4433;-3.80;-9.33;2.11;-0.24;0.85;-0.27;16.45;14.14;-8.26
4442;-3.39;-9.31;2.05;-0.23;0.85;-0.29;20.02;7.00;-10.29
4451;-3.16;-9.45;2.07;-0.23;0.85;-0.29;19.74;2.03;-14.91
4459;-2.98;-9.52;2.20;-0.23;0.85;-0.29;14.91;1.96;-19.32
4468;-2.61;-9.72;2.31;-0.23;0.85;-0.28;10.15;2.17;-25.69
4477;-2.45;-9.99;2.40;-0.23;0.85;-0.28;4.27;1.75;-35.63
4486;-2.63;-10.13;2.50;-0.23;0.85;-0.28;-17.85;4.27;-44.24
4495;-2.71;-10.52;2.91;-0.24;0.85;-0.28;-3.08;11.62;-48.37
4503;-3.76;-10.53;3.22;-0.24;0.85;-0.28;-0.77;21.28;-45.57
4512;-3.88;-10.71;3.33;-0.24;0.85;-0.28;5.74;29.82;-33.32
4521;-3.98;-10.65;2.98;-0.25;0.84;-0.28;18.55;32.34;-16.17
4530;-3.68;-10.39;2.52;-0.25;0.84;-0.28;29.75;27.44;-3.22
4539;-3.37;-10.18;1.98;-0.25;0.84;-0.28;35.91;18.97;8.54
4547;-3.06;-10.01;1.79;-0.24;0.85;-0.27;37.24;11.69;13.23
4556;-2.84;-9.76;1.43;-0.24;0.85;-0.27;32.41;10.36;11.83
4565;-2.56;-9.64;1.49;-0.24;0.85;-0.27;22.82;13.02;8.54
4574;-2.48;-9.73;1.32;-0.24;0.85;-0.27;12.04;17.85;5.39
4583;-2.44;-9.65;1.35;-0.24;0.85;-0.27;0.77;20.16;2.38
4591;-2.27;-9.55;1.56;-0.24;0.85;-0.27;-5.95;19.39;-1.96
4600;-2.33;-9.55;1.56;-0.24;0.85;-0.28;-8.47;19.11;-5.18
4609;-2.84;-9.81;1.90;-0.24;0.85;-0.28;-8.68;21.14;-5.18
4618;-3.09;-9.88;2.17;-0.24;0.85;-0.28;-3.43;21.63;0.63
4627;-3.01;-9.73;2.02;-0.24;0.85;-0.29;5.46;16.80;8.54
4635;-2.66;-9.70;1.91;-0.24;0.85;-0.29;13.44;9.52;13.30
4644;-2.53;-9.73;1.67;-0.24;0.85;-0.29;18.06;5.60;13.65
4653;-2.38;-9.66;1.41;-0.23;0.85;-0.28;18.90;3.43;12.74
4662;-2.59;-9.75;1.34;-0.23;0.85;-0.28;17.85;3.36;10.50
4671;-2.77;-9.51;1.11;-0.24;0.85;-0.27;15.12;5.46;6.93
4680;-2.96;-9.42;1.03;-0.24;0.85;-0.27;11.97;6.65;2.31
4688;-2.92;-9.43;0.66;-0.24;0.85;-0.27;8.12;6.44;-2.87
4697;-3.12;-9.27;0.67;-0.23;0.86;-0.27;1.33;5.53;-6.72
4706;-3.40;-9.25;0.83;-0.23;0.86;-0.27;-8.05;7.14;-11.13
4715;-5.49;-9.37;1.21;-0.23;0.86;-0.27;-10.92;11.62;-10.92
4724;-3.88;-9.43;1.28;-0.24;0.85;-0.26;-10.50;15.75;-7.98
4732;-4.11;-9.39;1.44;-0.24;0.85;-0.26;-5.74;16.80;-6.65
4741;-3.97;-9.38;1.23;-0.24;0.85;-0.26;0.21;14.56;-5.04
4750;-3.99;-9.38;1.00;-0.22;0.85;-0.27;4.76;11.27;-5.46
4759;-4.21;-9.24;0.82;-0.22;0.85;-0.27;5.25;9.80;-8.19
4768;-4.16;-9.11;0.65;-0.22;0.85;-0.27;-0.14;9.17;-13.02
4777;-4.19;-9.26;0.50;-0.22;0.85;-0.28;-7.91;9.31;-19.25
4785;-4.21;-9.10;0.40;-0.22;0.85;-0.28;-18.06;8.89;-24.99
4794;-4.18;-9.10;0.71;-0.22;0.85;-0.28;-27.51;7.63;-31.50
4803;-4.19;-9.22;1.11;-0.23;0.84;-0.27;-34.86;8.33;-37.31
4812;-4.57;-9.12;1.79;-0.23;0.84;-0.27;-40.11;15.61;-38.15
4821;-5.00;-9.45;2.25;-0.23;0.84;-0.27;-42.91;30.03;-32.69
4830;-4.75;-9.12;2.53;-0.23;0.83;-0.29;-45.43;42.35;-25.69
4838;-4.55;-9.17;2.47;-0.23;0.83;-0.29;-46.90;53.20;-21.63
4847;-4.54;-9.00;2.38;-0.23;0.83;-0.29;-48.30;56.63;-22.47
4856;-4.59;-8.75;2.39;-0.23;0.84;-0.30;-48.23;54.81;-25.48
4865;-4.36;-8.62;2.30;-0.23;0.84;-0.30;-46.27;47.04;-31.71
4874;-4.31;-8.69;2.48;-0.23;0.84;-0.30;-43.82;40.04;-39.13
4883;-4.29;-8.61;2.57;-0.23;0.82;-0.31;-42.21;33.39;-47.95
4891;-4.10;-8.76;2.30;-0.23;0.82;-0.31;-42.98;26.67;-58.17
4900;-4.40;-8.64;2.09;-0.23;0.82;-0.31;-43.75;23.03;-67.06
4909;-5.05;-8.57;2.10;-0.24;0.81;-0.32;-44.17;17.99;-74.06
4918;-5.58;-8.70;2.38;-0.24;0.81;-0.32;-44.66;16.66;-76.51
4927;-6.14;-8.84;2.81;-0.24;0.81;-0.32;-43.40;27.72;-69.16
4936;-6.33;-8.76;2.97;-0.25;0.81;-0.32;-42.91;42.14;-56.35
4944;-6.20;-8.74;2.99;-0.25;0.81;-0.32;-46.48;53.76;-47.53
4953;-5.96;-8.39;2.85;-0.25;0.79;-0.33;-51.10;61.88;-45.50
4962;-5.69;-8.41;2.84;-0.25;0.79;-0.33;-54.67;64.26;-44.87
4971;-5.35;-8.54;2.96;-0.25;0.79;-0.33;-58.87;64.19;-48.09
4980;-5.33;-8.41;3.09;-0.25;0.80;-0.34;-64.47;64.19;-52.22
4988;-5.20;-8.51;3.27;-0.25;0.80;-0.34;-75.32;63.35;-56.84
4997;-4.81;-8.54;3.61;-0.25;0.80;-0.34;-90.72;64.96;-64.33
5006;-4.35;-8.33;3.93;-0.24;0.76;-0.35;-112.91;72.73;-72.94
5015;-3.62;-8.23;4.29;-0.24;0.76;-0.35;-145.95;84.84;-83.44
5024;11.97;-4.95;3.38;-0.24;0.76;-0.35;-185.78;24.57;-85.61
5032;-0.61;-7.21;5.71;-0.24;0.74;-0.37;-238.28;127.26;-97.02
5041;1.18;-5.25;6.07;-0.24;0.74;-0.37;-300.79;153.02;-119.49
5050;1.98;-1.65;9.94;-0.24;0.74;-0.37;-381.01;194.46;-142.66
5059;5.26;3.42;13.83;-0.24;0.67;-0.43;-480.90;230.30;-168.42
5068;8.06;8.87;17.35;-0.24;0.67;-0.43;-580.79;246.68;-237.23
5077;11.61;14.21;21.28;-0.24;0.67;-0.43;-626.22;224.35;-339.78
5085;14.17;16.37;20.33;-0.20;0.52;-0.47;-532.21;193.27;-473.48
5094;11.60;16.63;14.22;-0.20;0.52;-0.47;-324.45;164.29;-560.35
5103;5.71;18.06;3.72;-0.20;0.52;-0.47;-210.63;173.11;-614.25
5112;-8.76;23.79;-5.61;-0.17;0.43;-0.48;-237.79;211.61;-650.09
5121;-23.75;23.09;-14.26;-0.17;0.43;-0.48;-454.23;204.82;-691.60
5129;-33.89;22.76;-10.29;-0.17;0.43;-0.48;-768.74;143.08;-749.77
5138;-46.88;20.38;4.79;-0.09;0.30;-0.45;-975.45;106.19;-825.02
5147;-65.31;1.73;25.89;-0.09;0.30;-0.45;-1105.86;93.17;-858.41
5156;-82.32;-33.01;48.33;-0.09;0.30;-0.45;-1005.69;142.52;-631.40
5165;-56.39;-42.75;60.52;0.03;0.11;-0.34;-422.24;161.42;-111.93
5174;-24.39;-26.57;44.13;0.03;0.11;-0.34;471.24;39.06;536.34
5183;-22.94;13.51;5.95;0.03;0.11;-0.34;968.52;-58.24;992.04
5191;-9.35;56.70;-13.41;-0.00;0.12;-0.38;920.43;-182.84;980.63
5200;18.19;50.74;-9.62;-0.00;0.12;-0.38;622.72;-211.47;465.71
5209;27.72;39.93;-5.89;-0.00;0.12;-0.44;43.61;42.91;32.76
5218;24.20;29.30;-2.93;-0.09;0.22;-0.44;-390.81;180.88;-149.80
5227;6.15;16.34;0.06;-0.09;0.22;-0.44;-358.47;147.70;-243.95
5235;-2.69;9.15;3.57;-0.05;0.18;-0.40;-160.79;-0.91;-206.08
5244;-9.47;3.19;8.48;-0.05;0.18;-0.40;-43.40;-63.70;-117.74
5253;-12.41;-1.10;10.13;-0.05;0.18;-0.40;-15.40;-27.44;-68.95
5262;-11.75;-2.44;8.60;-0.05;0.18;-0.41;-2.80;20.65;-17.29
5271;-10.23;-0.27;6.45;-0.05;0.18;-0.41;35.56;30.17;37.94
5280;-6.81;4.12;5.82;-0.05;0.18;-0.41;78.61;6.23;79.17
5288;-2.73;7.50;5.35;-0.05;0.19;-0.41;106.47;-8.68;91.07
5297;-0.77;8.76;4.27;-0.05;0.19;-0.41;89.25;-5.25;58.73
5306;-0.78;7.47;3.89;-0.05;0.19;-0.41;23.38;8.96;8.19
5315;-2.20;5.20;5.10;-0.06;0.20;-0.42;-29.61;20.09;-28.00
5323;-3.86;3.35;7.00;-0.06;0.20;-0.42;-45.85;19.74;-42.00
5332;-5.16;2.51;8.79;-0.06;0.20;-0.42;-30.66;8.75;-30.73
5341;-5.15;2.23;9.53;-0.06;0.20;-0.42;-1.40;-0.98;-10.29
5350;-5.08;1.86;9.07;-0.06;0.20;-0.42;26.32;-9.45;11.97
5359;-4.80;2.10;8.71;-0.06;0.20;-0.42;34.09;-9.10;20.44
5367;-4.24;2.52;8.31;-0.06;0.20;-0.43;26.25;-4.90;18.20
5376;-4.06;2.98;7.88;-0.06;0.20;-0.43;6.86;0.84;9.31
5385;-3.80;3.96;8.31;-0.06;0.20;-0.43;-11.62;5.88;-1.12
5394;-3.67;4.85;8.94;-0.05;0.20;-0.40;-19.53;4.76;-5.67
5403;-3.55;3.72;9.40;-0.05;0.20;-0.40;-14.21;-2.59;-7.84
5412;-4.08;5.35;9.89;-0.05;0.20;-0.40;-6.93;-7.49;-7.84
5420;-4.65;4.83;10.37;-0.05;0.20;-0.41;-2.52;-7.14;-7.49
5429;-5.49;3.93;10.26;-0.05;0.20;-0.41;1.82;-4.06;-7.07
5438;-5.99;3.01;9.96;-0.05;0.20;-0.41;4.76;2.94;-4.69
5447;-6.41;2.94;9.40;-0.06;0.19;-0.41;8.05;9.24;0.56
5456;-6.46;3.19;8.79;-0.06;0.19;-0.41;7.84;13.79;3.22
5464;-6.22;3.79;8.29;-0.06;0.19;-0.41;4.41;16.45;4.41
5473;-5.67;4.11;7.93;-0.05;0.19;-0.41;4.62;15.68;6.23
5482;-5.25;4.26;7.69;-0.05;0.19;-0.41;8.33;11.76;8.47
5490;-4.62;4.44;7.46;-0.05;0.19;-0.41;15.33;7.00;11.55
5499;-4.26;4.48;7.09;-0.05;0.20;-0.41;20.72;4.83;13.58
5508;-3.99;4.26;6.82;-0.05;0.20;-0.41;19.81;6.51;12.04
5517;-4.01;3.87;6.77;-0.05;0.20;-0.42;13.23;10.57;6.44
5526;-4.39;3.50;6.69;-0.05;0.20;-0.42;1.12;14.98;0.07
5534;-4.49;3.35;6.73;-0.05;0.20;-0.42;-8.19;17.92;-3.22
5543;-4.82;3.40;7.10;-0.05;0.20;-0.42;-11.13;17.15;-2.66
5552;-4.62;3.80;7.37;-0.05;0.20;-0.42;-2.45;12.95;3.99
5561;-4.45;4.02;7.12;-0.05;0.20;-0.42;12.32;4.97;9.94
5570;-4.17;4.13;7.15;-0.05;0.20;-0.43;19.60;-1.75;14.77
5578;-3.98;3.98;7.01;-0.05;0.20;-0.43;21.35;-4.20;16.10
5587;-3.72;3.80;6.82;-0.05;0.20;-0.43;15.82;-0.35;12.32
5596;-3.88;3.73;6.63;-0.05;0.20;-0.43;3.85;4.55;6.02
5605;-4.03;3.88;7.18;-0.05;0.20;-0.43;-8.54;8.19;-0.42
5614;-4.32;4.07;7.67;-0.05;0.20;-0.43;-16.03;11.55;-4.48
5622;-4.36;4.04;8.03;-0.05;0.20;-0.42;-17.43;14.21;-5.46
5631;-4.69;3.98;8.14;-0.05;0.20;-0.42;-15.26;13.93;-4.48
5640;-4.58;3.85;8.16;-0.05;0.20;-0.42;-7.98;10.43;0.63
5649;-4.32;3.98;7.95;-0.05;0.19;-0.41;5.25;5.18;7.21
5658;-4.15;3.85;7.61;-0.05;0.19;-0.41;15.75;-0.21;12.32
5667;-4.10;3.81;7.70;-0.05;0.19;-0.41;19.60;-3.57;15.96
5675;-4.11;3.77;7.81;-0.05;0.19;-0.42;20.72;-4.83;17.08
5684;-4.21;1.91;7.77;-0.05;0.19;-0.42;22.40;-5.67;16.59
5693;-4.34;3.67;7.90;-0.05;0.19;-0.42;19.53;-4.13;14.91
5702;-4.52;3.39;7.86;-0.05;0.20;-0.43;13.44;0.28;13.44
5710;-4.61;3.29;7.93;-0.05;0.20;-0.43;6.44;5.18;11.13
5719;-4.90;3.10;7.90;-0.05;0.20;-0.43;-0.98;10.85;8.68
5728;-5.04;3.33;7.86;-0.06;0.22;-0.42;-3.99;14.49;10.85
5737;-4.90;3.49;7.83;-0.06;0.22;-0.42;2.24;13.16;15.12
5746;-4.93;3.47;7.96;-0.06;0.22;-0.42;7.42;10.85;19.39
5755;-4.79;3.62;8.08;-0.06;0.21;-0.43;12.39;9.03;24.36
5763;-4.87;3.73;8.23;-0.06;0.21;-0.43;19.46;7.14;29.33
5772;-4.94;3.85;8.36;-0.06;0.21;-0.43;27.37;3.57;34.65
5781;-4.54;3.89;8.12;-0.06;0.22;-0.43;35.77;-1.54;37.66
5790;-4.59;3.65;7.68;-0.06;0.22;-0.43;36.19;-1.05;33.95
5799;-4.71;3.50;7.14;-0.06;0.22;-0.43;21.28;5.60;27.23
5807;-5.09;3.08;7.06;-0.06;0.23;-0.43;2.10;14.00;20.02
5816;-5.56;2.89;7.16;-0.06;0.23;-0.43;-14.77;21.28;13.86
5825;-6.12;2.72;7.49;-0.06;0.21;-0.43;-26.46;28.35;13.16
5834;-6.47;2.61;8.01;-0.06;0.21;-0.43;-29.82;31.92;16.73
5843;-6.44;2.94;8.35;-0.06;0.21;-0.43;-24.92;33.39;27.23
5852;-6.21;3.26;8.31;-0.05;0.22;-0.43;-8.89;29.47;39.13
5860;-6.09;3.70;8.32;-0.05;0.22;-0.43;6.58;23.94;50.40
5869;-6.01;4.20;8.25;-0.05;0.22;-0.43;18.90;18.41;60.41
5878;-5.81;4.36;8.20;-0.06;0.22;-0.43;29.40;12.95;65.52
5887;-5.72;4.58;8.16;-0.06;0.22;-0.43;37.24;11.06;68.67
5896;-5.76;4.52;8.01;-0.06;0.22;-0.43;39.48;11.13;67.48
5904;-5.38;4.13;7.72;-0.06;0.23;-0.43;38.36;12.60;61.39
5913;-5.30;3.83;7.23;-0.06;0.23;-0.43;34.02;17.85;55.30
5922;-5.17;3.65;6.90;-0.06;0.23;-0.43;24.57;23.31;48.44
5931;-5.27;3.60;6.83;-0.06;0.23;-0.43;14.84;27.93;42.49
5939;-5.20;3.52;7.13;-0.06;0.23;-0.43;4.27;30.80;37.66
5948;-5.23;3.43;7.49;-0.06;0.23;-0.43;-3.29;33.67;33.88
5957;-5.35;3.46;7.85;-0.07;0.24;-0.43;-6.51;36.75;31.92
5966;-7.34;3.44;8.09;-0.07;0.24;-0.43;-5.39;40.04;33.60
5975;-5.58;3.23;8.22;-0.07;0.24;-0.43;0.63;40.67;37.17
5983;-5.37;2.99;8.47;-0.06;0.24;-0.44;12.67;38.50;43.96
5992;-5.31;2.85;8.10;-0.06;0.24;-0.44;27.65;32.62;55.58
6001;-5.22;2.85;7.86;-0.06;0.24;-0.44;41.51;24.29;67.55
6010;-5.03;2.93;7.67;-0.05;0.24;-0.44;70.56;13.09;76.58
6019;-4.99;2.99;7.67;-0.05;0.24;-0.44;59.85;7.63;81.20
6027;-4.87;3.32;7.72;-0.05;0.24;-0.44;60.48;5.04;81.27
6036;-4.84;3.39;7.86;-0.06;0.25;-0.45;56.56;4.76;76.23
6045;-4.67;3.22;8.10;-0.06;0.25;-0.45;50.47;8.89;69.79
6054;-4.68;2.79;8.17;-0.06;0.25;-0.45;44.10;14.84;63.49
6063;-4.74;2.17;8.14;-0.06;0.27;-0.44;38.36;24.01;60.34
6071;-4.65;1.86;8.25;-0.06;0.27;-0.44;36.33;28.91;61.04
6080;-4.56;1.86;8.22;-0.06;0.27;-0.44;39.90;31.78;62.30
6089;-4.72;1.94;8.05;-0.06;0.28;-0.44;43.26;29.68;56.91
6098;-4.40;1.99;7.65;-0.06;0.28;-0.44;44.24;25.69;60.13
6106;-4.44;2.13;7.59;-0.06;0.28;-0.45;40.46;20.65;58.17
6115;-4.38;2.19;7.83;-0.06;0.28;-0.45;34.30;19.39;54.53
6124;-4.31;2.07;8.07;-0.06;0.28;-0.45;28.91;19.88;50.54
6133;-4.42;1.89;8.20;-0.04;0.28;-0.46;25.48;23.10;46.97
6142;-4.67;1.49;8.28;-0.04;0.28;-0.46;25.55;24.99;43.61
6151;-4.61;1.20;8.25;-0.04;0.28;-0.46;26.60;25.83;43.68
6159;-4.44;1.07;7.91;-0.05;0.29;-0.46;27.58;20.09;50.05
6168;-4.09;0.73;7.72;-0.05;0.29;-0.46;30.80;12.25;56.98
6177;-3.83;0.77;7.67;-0.05;0.29;-0.46;33.18;2.31;62.23
6186;-3.47;0.75;7.63;-0.05;0.29;-0.47;32.41;-4.27;64.96
6195;-2.99;0.73;7.93;-0.05;0.29;-0.47;28.21;-6.37;62.72
6203;-2.74;0.85;8.18;-0.05;0.29;-0.47;21.56;-3.29;56.00
6212;-2.74;0.74;8.29;-0.05;0.30;-0.46;11.41;3.50;45.43
6221;-2.98;0.75;8.51;-0.05;0.30;-0.46;0.98;12.32;35.84
6230;-3.50;0.42;8.92;-0.05;0.30;-0.46;-6.02;17.99;28.07
6239;-4.16;-0.28;9.22;-0.06;0.30;-0.47;-2.73;19.18;26.95
6247;-4.48;-0.60;9.51;-0.06;0.30;-0.47;15.96;12.60;35.21
6256;-4.87;-0.56;9.90;-0.06;0.30;-0.47;55.37;-4.76;46.20
6265;-4.77;-0.67;10.14;-0.05;0.32;-0.46;95.34;-22.26;61.88
6274;-4.68;-0.49;9.83;-0.05;0.32;-0.46;129.57;-36.68;81.20
6283;-4.44;-0.39;9.15;-0.05;0.32;-0.46;151.69;-47.95;94.78
6292;-3.80;-0.55;8.13;-0.07;0.34;-0.47;161.77;-54.18;104.02
6301;-3.47;-0.87;7.65;-0.07;0.34;-0.47;161.00;-56.42;107.52
6309;-3.06;-0.70;7.34;-0.07;0.34;-0.47;152.88;-57.33;104.86
6318;-2.84;-1.34;7.31;-0.08;0.38;-0.48;141.89;-51.10;104.02
6327;-2.77;-1.67;7.27;-0.08;0.38;-0.48;125.86;-40.95;101.85
6336;-2.99;-2.03;7.53;-0.08;0.38;-0.48;110.46;-28.77;102.20
6344;-3.05;-2.02;7.80;-0.10;0.41;-0.48;102.34;-24.78;105.07
6353;-3.47;-2.53;8.58;-0.10;0.41;-0.48;103.95;-22.89;106.26
6362;-3.40;-2.51;9.18;-0.10;0.41;-0.48;115.71;-28.07;113.33
6371;-4.05;-2.70;9.55;-0.10;0.43;-0.48;141.19;-37.80;118.30
6380;-3.85;-2.68;9.60;-0.10;0.43;-0.48;170.38;-54.11;128.31
6389;-3.80;-2.70;9.16;-0.10;0.43;-0.48;201.74;-70.63;136.08
6397;-3.70;-2.82;8.77;-0.12;0.48;-0.48;221.90;-80.71;138.04
6406;-3.36;-3.05;8.04;-0.12;0.48;-0.48;227.85;-85.19;136.50
6415;-3.57;-3.87;7.44;-0.14;0.53;-0.48;224.07;-81.90;132.65
6424;-3.56;-4.47;7.16;-0.14;0.53;-0.48;219.52;-73.08;129.92
6433;-3.08;-4.85;6.74;-0.14;0.53;-0.48;220.15;-75.11;130.20
6442;-3.28;-5.70;6.17;-0.15;0.59;-0.47;222.04;-74.48;131.25
6450;-3.60;-6.12;6.23;-0.15;0.59;-0.47;221.76;-76.65;132.65
6459;-3.65;-6.00;5.99;-0.15;0.59;-0.47;219.87;-77.35;137.83
6468;-3.35;-6.35;6.06;-0.16;0.63;-0.44;218.47;-82.46;142.24
6477;-2.64;-6.11;5.80;-0.16;0.63;-0.44;218.61;-86.31;139.16
6486;-2.78;-6.01;6.02;-0.16;0.63;-0.44;219.03;-93.94;133.42
6494;-2.57;-6.24;6.14;-0.17;0.68;-0.43;217.00;-94.36;126.98
6503;-2.33;-6.30;6.14;-0.17;0.68;-0.43;210.28;-85.61;120.82
6512;-2.59;-6.81;5.67;-0.17;0.68;-0.43;196.21;-54.32;110.46
6521;-3.09;-7.96;5.08;-0.17;0.72;-0.41;172.48;-57.54;106.89
6530;-2.73;-8.53;4.54;-0.17;0.72;-0.41;155.40;-47.53;109.55
6538;-2.38;-9.37;4.70;-0.17;0.72;-0.41;142.87;-44.94;108.43
6547;-2.35;-9.83;4.85;-0.16;0.76;-0.41;133.07;-49.07;105.14
6556;-2.02;-10.21;5.22;-0.16;0.76;-0.41;133.42;-52.78;103.25
6565;-1.91;-10.51;5.58;-0.16;0.76;-0.41;138.88;-49.77;100.10
6573;-1.65;-10.58;5.32;-0.16;0.78;-0.38;140.42;-43.68;93.87
6582;-2.06;-10.61;5.08;-0.16;0.78;-0.38;139.37;-42.42;88.41
6591;-2.11;-10.83;4.78;-0.16;0.78;-0.38;140.42;-37.31;87.64
6600;-1.71;-10.63;4.24;-0.15;0.81;-0.34;140.63;-30.31;86.31
6609;-1.34;-10.34;3.50;-0.15;0.81;-0.34;134.12;-22.47;81.13
6618;-1.72;-10.38;3.05;-0.15;0.81;-0.34;129.01;-19.81;76.37
6626;-2.05;-10.61;2.90;-0.14;0.83;-0.33;133.49;-22.54;81.83
6635;-1.77;-10.90;2.64;-0.14;0.83;-0.33;140.42;-22.89;85.26
6644;-1.74;-11.32;1.82;-0.14;0.83;-0.33;131.46;-22.19;85.68
6653;-1.36;-11.56;1.67;-0.12;0.85;-0.29;114.87;-15.12;83.58
6662;-1.21;-11.33;1.49;-0.12;0.85;-0.29;96.46;-15.68;81.27
6671;-1.13;-11.37;1.63;-0.12;0.85;-0.29;81.48;-24.50;75.53
6679;-1.20;-11.43;2.06;-0.12;0.87;-0.28;76.30;-29.26;67.83
6688;-1.56;-11.11;2.24;-0.12;0.87;-0.28;73.64;-27.23;66.15
6697;-2.09;-10.98;2.28;-0.12;0.87;-0.27;71.12;-17.85;65.03
6706;-1.84;-10.83;1.98;-0.12;0.87;-0.27;71.19;-7.14;65.31
6715;-1.70;-10.67;1.29;-0.12;0.87;-0.27;75.81;-4.41;71.96
6724;-1.15;-9.91;0.86;-0.10;0.89;-0.26;93.80;-12.81;73.64
6732;-0.90;-9.09;0.27;-0.10;0.89;-0.26;113.33;-27.86;70.21
6741;-0.57;-8.41;-0.43;-0.10;0.89;-0.26;121.80;-39.76;64.68
6750;-0.27;-8.14;-1.08;-0.09;0.89;-0.23;116.06;-46.83;57.54
6759;-0.25;-8.03;-1.53;-0.09;0.89;-0.23;94.99;-43.26;48.23
6767;-0.24;-8.38;-1.90;-0.09;0.89;-0.23;67.13;-35.56;39.20
6776;-0.27;-8.69;-1.77;-0.08;0.90;-0.22;35.77;-29.47;30.80
6785;-0.36;-8.38;-0.92;-0.08;0.90;-0.22;14.70;-19.53;24.71
6794;-0.32;-8.89;0.00;-0.08;0.90;-0.22;7.00;-16.73;21.21
6802;-0.19;-9.15;0.50;-0.08;0.89;-0.21;9.94;-13.44;19.39
6811;0.01;-9.01;0.69;-0.08;0.89;-0.21;18.97;-14.21;14.84
6820;0.05;-9.06;1.06;-0.08;0.89;-0.21;31.01;-15.47;9.73
6829;0.16;-9.12;0.88;-0.08;0.90;-0.22;44.59;-16.31;6.86
6837;0.17;-9.28;0.39;-0.08;0.90;-0.22;52.78;-19.11;3.36
6846;0.75;-9.41;0.08;-0.08;0.90;-0.22;53.97;-21.21;0.63
6855;0.66;-9.35;-0.32;-0.08;0.91;-0.20;46.41;-21.07;-3.85
6864;0.79;-9.34;-0.38;-0.08;0.91;-0.20;29.82;-21.00;-6.23
6872;0.64;-9.25;-0.23;-0.08;0.91;-0.20;16.17;-21.35;-8.89
6881;0.40;-9.26;0.30;-0.08;0.91;-0.20;4.48;-21.07;-10.22
6890;0.17;-9.23;0.93;-0.08;0.91;-0.20;-2.38;-17.57;-7.84
6899;-0.10;-9.15;1.35;-0.08;0.91;-0.20;-4.62;-10.36;-8.05
6908;-0.06;-9.27;1.65;-0.08;0.91;-0.21;-4.27;-3.08;-8.89
6916;-0.05;-9.48;1.84;-0.08;0.91;-0.21;-0.91;3.15;-9.52
6925;-0.16;-9.76;1.57;-0.08;0.91;-0.21;4.41;7.42;-10.22
6934;-0.13;-9.95;1.47;-0.08;0.91;-0.21;11.48;10.15;-11.13
6943;0.16;-10.19;1.12;-0.08;0.91;-0.21;17.15;12.25;-12.88
6952;0.31;-10.39;0.75;-0.08;0.91;-0.21;21.91;15.26;-15.40
6961;0.25;-10.30;0.48;-0.09;0.91;-0.20;26.53;15.05;-16.03
6969;0.26;-10.29;0.08;-0.09;0.91;-0.20;33.95;10.85;-12.53
6978;0.32;-10.10;-0.09;-0.09;0.91;-0.20;41.09;6.51;-9.03
6987;0.47;-9.83;-0.39;-0.09;0.91;-0.18;42.42;6.51;-8.82
6996;0.48;-9.76;-0.69;-0.09;0.91;-0.18;36.54;10.57;-10.08
7004;0.45;-9.80;-0.88;-0.09;0.91;-0.18;26.11;15.82;-11.97
7013;0.61;-9.93;-0.77;-0.09;0.92;-0.18;14.63;23.80;-14.77
7022;0.34;-10.19;-0.37;-0.09;0.92;-0.18;5.11;29.75;-15.33
7031;0.22;-10.34;-0.26;-0.09;0.92;-0.18;5.95;31.85;-13.51
7040;0.44;-10.31;-0.33;-0.09;0.92;-0.18;14.35;28.84;-13.37
7048;0.44;-10.57;-0.45;-0.09;0.92;-0.18;24.29;21.42;-14.77
7057;0.47;-10.45;-0.84;-0.10;0.91;-0.17;32.83;13.58;-12.81
7066;0.40;-10.32;-1.05;-0.10;0.91;-0.17;38.15;7.14;-15.54
7075;0.25;-10.31;-1.27;-0.10;0.91;-0.17;37.59;6.09;-20.16
7084;0.08;-10.54;-1.21;-0.10;0.92;-0.18;31.64;9.24;-23.87
7093;0.03;-10.67;-1.36;-0.10;0.92;-0.18;23.73;15.26;-26.74
7101;-0.02;-10.91;-1.15;-0.10;0.92;-0.18;13.09;26.18;-28.56
7110;-0.49;-11.14;-1.24;-0.11;0.92;-0.16;0.98;37.66;-24.99
7119;-0.55;-11.30;-1.40;-0.11;0.92;-0.16;-6.44;45.08;-20.37
7128;-0.14;-11.69;-1.60;-0.11;0.92;-0.16;-11.20;44.94;-15.26
7137;-0.17;-11.82;-1.43;-0.10;0.93;-0.16;-11.34;41.44;-15.82
7145;-0.34;-11.79;-1.16;-0.10;0.93;-0.16;-5.88;37.94;-16.17
7154;-0.34;-11.66;-1.17;-0.10;0.93;-0.16;1.19;35.63;-16.38
7163;-0.41;-11.29;-1.34;-0.10;0.92;-0.17;9.31;30.45;-17.92
7172;-0.51;-11.15;-1.26;-0.10;0.92;-0.17;15.75;27.09;-18.48
7181;-0.38;-10.82;-1.49;-0.10;0.92;-0.17;18.27;27.86;-21.91
7190;-0.11;-10.81;-1.65;-0.11;0.92;-0.16;15.82;30.31;-26.25
7198;-0.14;-11.01;-1.54;-0.11;0.92;-0.16;10.92;35.28;-31.78
7207;-0.49;-10.95;-1.46;-0.11;0.92;-0.16;1.26;43.05;-34.79
7216;-0.72;-11.17;-1.19;-0.12;0.92;-0.17;-10.64;51.10;-31.71
7225;-0.74;-11.12;-0.83;-0.12;0.92;-0.17;-18.69;56.49;-26.81
7234;-0.73;-10.84;-0.61;-0.12;0.92;-0.17;-21.56;61.53;-23.59
7242;-0.67;-10.54;-0.39;-0.11;0.92;-0.16;-24.85;69.16;-24.85
7251;-0.79;-10.27;-0.50;-0.11;0.92;-0.16;-22.33;71.40;-31.78
7260;-1.23;-9.83;-0.73;-0.11;0.92;-0.16;-5.46;62.30;-41.72
7269;-1.34;-10.01;-1.25;-0.12;0.91;-0.16;12.04;46.48;-51.52
7278;-1.42;-10.14;-1.78;-0.12;0.91;-0.16;22.33;30.10;-62.09
7287;-1.24;-10.07;-1.96;-0.12;0.91;-0.16;23.31;17.22;-73.50
7295;-1.49;-10.20;-2.40;-0.13;0.92;-0.16;19.18;9.59;-86.80
7304;-1.84;-10.65;-1.96;-0.13;0.92;-0.16;9.52;8.89;-96.60
7313;-2.74;-10.68;-1.67;-0.15;0.92;-0.17;-0.14;17.43;-100.45
7322;-2.86;-10.68;-1.18;-0.15;0.92;-0.17;-10.99;26.60;-95.69
7331;-2.80;-11.20;-0.76;-0.15;0.92;-0.17;-22.54;39.06;-86.73
7340;-2.62;-11.23;-0.24;-0.17;0.92;-0.15;-37.03;52.43;-77.28
7348;-2.46;-10.53;0.45;-0.17;0.92;-0.15;-48.72;59.36;-64.47
7357;-2.03;-10.56;1.10;-0.17;0.92;-0.15;-57.33;62.37;-58.24
7366;-1.61;-10.70;1.98;-0.19;0.92;-0.16;-54.74;35.91;-63.91
7375;-1.46;-11.10;3.01;-0.19;0.92;-0.16;-75.74;40.74;-66.85
7384;-0.72;-11.00;4.16;-0.19;0.92;-0.16;-97.86;37.94;-71.61
7392;0.59;-9.57;4.36;-0.20;0.92;-0.20;-127.05;38.22;-76.23
7401;2.18;-7.08;4.72;-0.20;0.92;-0.20;-167.37;35.84;-84.49
7410;3.80;-1.72;6.82;-0.20;0.92;-0.20;-260.75;87.57;-106.05
7419;4.87;7.25;10.22;-0.21;0.89;-0.23;-430.57;229.11;-160.02
7428;6.07;18.00;16.53;-0.21;0.89;-0.23;-687.33;407.89;-278.60
7436;13.65;28.50;16.50;-0.21;0.89;-0.23;-886.90;553.56;-447.65
7445;14.39;27.82;13.62;-0.20;0.77;-0.37;-977.13;676.97;-713.23
7454;3.92;27.12;3.68;-0.20;0.77;-0.37;-1055.39;838.60;-987.07
7463;-20.54;32.97;-2.51;-0.20;0.77;-0.37;-1220.03;882.49;-1135.82
7472;-42.41;33.93;-3.17;-0.11;0.52;-0.48;-1541.47;781.76;-1068.06
7481;-47.54;33.64;9.51;-0.11;0.52;-0.48;-1838.27;520.87;-959.91
7489;-57.38;34.07;35.35;-0.11;0.52;-0.48;-1865.43;159.67;-853.16
7498;-60.50;27.79;70.41;0.05;0.17;-0.38;-1358.77;-57.33;-444.08
7507;-50.81;-25.96;82.28;0.05;0.17;-0.38;-376.53;-315.28;-101.50
7516;-32.76;-47.74;56.62;0.05;0.17;-0.38;469.84;-161.56;149.10
7525;-20.75;0.45;26.78;0.05;0.10;-0.32;767.97;107.31;455.56
7533;-11.26;41.89;-9.93;0.05;0.10;-0.32;635.25;339.64;662.34
7542;-3.44;35.02;-22.31;0.05;0.10;-0.32;247.24;246.75;533.54
7551;16.29;31.30;-20.66;0.08;0.12;-0.38;-1.82;178.01;137.27
7560;22.88;28.66;-16.79;0.08;0.12;-0.38;-206.01;105.70;-18.83
7569;13.88;20.46;-7.52;0.08;0.12;-0.38;-235.13;10.78;-84.42
7577;7.15;14.93;1.41;0.06;0.12;-0.37;-170.73;-67.20;-98.00
7586;0.47;13.06;5.18;0.06;0.12;-0.37;-85.47;-128.31;-91.28
7595;-4.04;9.02;9.79;0.05;0.10;-0.37;-55.72;-108.36;-88.06
7604;-7.36;4.26;13.29;0.05;0.10;-0.37;-65.59;-50.61;-85.05
7613;-9.69;1.03;14.29;0.05;0.10;-0.37;-41.44;-2.80;-51.52
7622;-10.34;-0.01;12.86;0.05;0.11;-0.35;25.27;27.30;3.71
7631;-7.87;1.70;7.45;0.05;0.11;-0.35;103.88;31.92;54.18
7639;-4.85;5.02;4.54;0.05;0.11;-0.35;143.01;15.96;84.70
7648;-1.45;7.49;1.84;0.05;0.13;-0.38;130.90;-7.35;73.15
7657;0.17;8.08;1.67;0.05;0.13;-0.38;63.49;-16.80;33.32
7666;0.55;7.50;3.75;0.05;0.13;-0.38;4.13;-12.67;-0.28
7675;-0.55;5.96;6.06;0.04;0.13;-0.37;-21.77;-12.39;-18.27
7683;-1.69;4.62;7.77;0.04;0.13;-0.37;-15.19;-17.29;-18.62
7692;-2.73;3.73;9.09;0.04;0.13;-0.37;0.00;-16.73;-10.43
7701;-3.47;3.05;9.53;0.03;0.13;-0.37;8.12;-9.24;-4.62
7710;-3.78;2.88;9.23;0.03;0.13;-0.37;7.42;0.77;-1.05
7719;-3.52;2.94;8.67;0.03;0.13;-0.37;6.02;10.78;3.29
7727;-3.35;3.11;7.93;0.04;0.14;-0.36;4.69;11.76;7.70
7736;-2.88;3.85;7.96;0.04;0.14;-0.36;-0.70;7.84;12.25
7745;-2.62;4.82;8.42;0.04;0.14;-0.36;-2.38;0.84;14.07
7754;-2.61;5.79;9.04;0.03;0.14;-0.36;1.05;-5.60;14.63
7763;-2.85;6.20;9.50;0.03;0.14;-0.36;4.69;-11.41;12.95
7771;-2.97;5.91;9.86;0.03;0.14;-0.36;10.36;-10.78;10.85
7780;-3.22;5.47;9.65;0.03;0.14;-0.38;13.30;-5.11;5.88
7789;-3.87;5.10;8.98;0.03;0.14;-0.38;4.76;5.39;0.21
7798;-4.15;4.85;8.79;0.03;0.14;-0.38;-5.25;13.16;-3.29
7807;-4.42;4.77;8.84;0.03;0.14;-0.38;-7.21;16.31;-3.08
7815;-4.01;4.99;8.39;0.03;0.14;-0.38;3.43;12.95;2.66
7824;-3.70;5.36;7.94;0.03;0.14;-0.38;16.94;6.86;10.15
7833;-3.45;5.67;7.50;0.04;0.14;-0.39;25.06;-0.35;15.54
7842;-3.14;5.63;7.17;0.04;0.14;-0.39;29.33;-4.48;16.45
7850;-3.00;5.51;6.93;0.04;0.14;-0.39;24.64;-1.26;12.88
7859;-3.12;5.36;6.79;0.02;0.14;-0.37;12.53;6.09;7.21
7868;-3.09;5.23;7.02;0.02;0.14;-0.37;3.01;10.64;2.66
7877;-3.12;5.05;7.06;0.02;0.15;-0.39;1.05;14.21;1.05
7886;-3.17;5.11;6.87;0.03;0.15;-0.39;3.01;14.21;3.64
7894;-2.75;5.33;6.83;0.03;0.15;-0.39;9.59;10.15;8.26
7903;-2.30;5.53;6.47;0.02;0.16;-0.39;17.57;1.96;9.73
7912;-2.28;5.36;5.76;0.02;0.16;-0.39;15.40;-2.10;7.42
7921;-2.59;5.15;5.88;0.02;0.16;-0.39;2.10;-1.54;3.29
7930;-2.76;4.93;6.54;0.02;0.16;-0.39;-10.50;-0.56;-1.40
7938;-3.04;4.92;7.19;0.02;0.16;-0.39;-14.21;-0.77;-3.57
7947;-3.22;4.83;7.99;0.02;0.16;-0.39;-10.78;0.07;-1.47
7956;-3.37;4.87;8.41;0.03;0.15;-0.40;-3.29;1.75;4.34
7965;-3.01;5.28;8.35;0.03;0.15;-0.40;7.14;3.57;7.98
7974;-3.01;5.33;8.09;0.03;0.15;-0.40;13.02;2.66;9.38
7983;-2.78;5.44;7.76;0.03;0.15;-0.39;14.56;2.17;10.29
7991;-2.79;5.53;7.73;0.03;0.15;-0.39;15.96;0.91;9.52
8000;-2.94;5.33;7.62;0.03;0.15;-0.39;15.05;0.42;7.28
8009;-3.02;4.93;7.74;0.02;0.16;-0.39;11.69;0.00;6.23
8018;-3.42;4.86;7.86;0.02;0.16;-0.39;8.68;-0.21;5.88
8027;-3.34;4.99;8.20;0.02;0.16;-0.39;10.15;-0.28;9.38
8035;-2.93;5.10;7.97;0.03;0.15;-0.40;15.68;-0.98;10.92
8044;-2.71;5.40;7.48;0.03;0.15;-0.40;15.82;1.33;8.47
8053;-2.66;5.36;7.17;0.03;0.15;-0.40;8.47;5.67;5.32
8062;-2.61;5.35;7.19;0.02;0.16;-0.41;2.10;5.60;2.94
8071;-2.80;5.31;7.41;0.02;0.16;-0.41;0.98;4.41;2.59
8079;-3.08;5.22;7.75;0.02;0.16;-0.41;2.31;3.29;4.20
8088;-3.71;5.01;8.34;0.03;0.17;-0.40;2.73;4.34;6.37
8097;-4.39;4.89;8.92;0.03;0.17;-0.40;2.94;7.28;9.31
8106;-4.67;4.90;9.39;0.03;0.17;-0.40;8.05;10.64;15.54
8114;-4.30;5.20;9.37;0.03;0.16;-0.39;23.66;11.55;24.57
8123;-4.24;5.43;8.77;0.03;0.16;-0.39;42.35;10.36;34.09
8132;-3.81;5.77;8.32;0.03;0.16;-0.39;56.42;4.90;41.51
8140;-3.40;5.84;7.62;0.01;0.17;-0.39;61.53;1.19;42.00
8149;-3.29;5.67;7.26;0.01;0.17;-0.39;52.36;6.37;18.13
8158;-3.55;5.41;7.30;0.01;0.17;-0.39;36.12;15.96;29.96
8167;-4.11;5.04;7.73;0.02;0.18;-0.41;21.70;24.85;25.48
8175;-4.51;4.66;8.17;0.02;0.18;-0.41;16.17;31.92;24.22
8184;-5.04;4.46;8.67;0.02;0.18;-0.41;19.46;34.58;29.19
8193;-5.28;4.61;8.94;0.02;0.18;-0.41;32.13;33.46;37.94
8202;-5.10;4.54;9.07;0.02;0.18;-0.41;55.44;27.37;47.18
8211;-4.87;4.49;8.69;0.01;0.19;-0.41;81.90;19.95;58.31
8219;-4.44;4.78;8.36;0.01;0.19;-0.41;109.34;11.06;88.27
8228;-4.38;4.83;7.88;0.01;0.19;-0.41;132.79;-1.82;83.23
8237;-4.08;4.87;7.52;0.00;0.21;-0.42;148.61;-10.78;88.69
8246;-3.83;4.77;7.60;0.00;0.21;-0.42;153.30;-16.94;90.44
8255;-3.68;4.33;7.65;0.00;0.21;-0.42;151.83;-18.20;85.68
8263;-3.65;3.73;7.61;-0.01;0.25;-0.44;145.74;-13.93;79.94
8272;-3.91;3.30;7.53;-0.01;0.25;-0.44;137.76;-7.07;76.51
8281;-4.43;2.65;7.54;-0.01;0.25;-0.44;131.46;-3.78;78.89
8290;-4.70;2.38;7.63;-0.02;0.27;-0.44;130.06;-3.36;85.68
8299;-5.00;2.17;7.75;-0.02;0.27;-0.44;134.19;-4.90;96.04
8307;-5.08;2.15;8.02;-0.02;0.27;-0.44;142.03;-10.36;105.63
8316;-0.17;-2.81;8.33;-0.03;0.30;-0.46;154.77;-53.69;102.41
8325;-5.18;2.07;8.27;-0.03;0.30;-0.46;172.90;-32.06;119.07
8334;-4.68;1.74;8.36;-0.03;0.30;-0.46;185.43;-42.63;121.94
8342;-4.18;1.46;8.26;-0.04;0.33;-0.47;194.95;-47.81;124.81
8351;-4.11;1.12;7.99;-0.04;0.33;-0.47;199.71;-47.67;125.65
8360;-3.85;0.80;7.73;-0.04;0.33;-0.47;193.55;-42.28;125.93
8369;-3.61;0.39;7.33;-0.06;0.38;-0.48;181.09;-34.23;123.27
8378;-4.07;0.08;7.34;-0.06;0.38;-0.48;164.78;-23.66;120.19
8386;-4.21;-0.17;7.31;-0.06;0.38;-0.48;147.28;-13.16;118.30
8395;-4.13;-0.60;7.64;-0.06;0.42;-0.48;132.16;-7.28;116.27
8404;-4.44;-0.83;7.92;-0.06;0.42;-0.48;124.67;-6.65;112.56
8413;-4.58;-0.83;8.43;-0.06;0.42;-0.48;125.93;-8.61;109.97
8422;-4.80;-1.30;8.87;-0.07;0.44;-0.48;132.23;-13.09;108.22
8431;-4.66;-1.77;9.13;-0.07;0.44;-0.48;143.57;-17.29;108.43
8440;-4.39;-2.14;9.12;-0.07;0.44;-0.48;157.64;-25.34;112.42
8448;-4.24;-2.30;8.93;-0.08;0.48;-0.50;171.71;-34.86;113.19
8457;-3.90;-2.61;8.42;-0.08;0.48;-0.50;182.49;-38.71;113.19
8466;-3.88;-2.76;7.78;-0.08;0.48;-0.50;189.56;-47.32;114.24
8475;-3.57;-3.27;7.07;-0.08;0.52;-0.48;191.31;-54.04;111.65
8484;-3.52;-3.68;6.55;-0.08;0.52;-0.48;188.37;-61.53;110.67
8493;-3.63;-4.03;6.40;-0.08;0.55;-0.48;176.89;-65.03;111.23
8501;-3.67;-4.49;6.47;-0.08;0.55;-0.48;156.38;-59.43;112.77
8510;-3.64;-4.59;6.68;-0.08;0.55;-0.48;138.60;-53.06;111.72
8519;-3.85;-4.87;7.04;-0.09;0.58;-0.46;128.24;-46.90;108.36
8528;-3.48;-5.38;7.41;-0.09;0.58;-0.46;127.47;-45.36;106.89
8536;-3.13;-5.84;7.59;-0.09;0.58;-0.46;138.95;-48.93;108.01
8545;-3.21;-5.99;7.67;-0.09;0.62;-0.46;152.39;-53.48;111.30
8554;-2.87;-6.25;7.22;-0.09;0.62;-0.46;159.04;-55.58;112.42
8563;-2.56;-6.25;6.87;-0.09;0.62;-0.46;157.43;-59.36;104.72
8572;-2.54;-6.44;6.42;-0.10;0.65;-0.45;148.82;-58.66;96.32
8580;-2.78;-6.70;6.02;-0.10;0.65;-0.45;136.36;-54.74;88.62
8589;-3.07;-7.08;5.76;-0.10;0.65;-0.45;122.08;-50.68;85.89
8598;-3.24;-7.50;5.90;-0.11;0.69;-0.44;108.78;-48.93;86.59
8607;-3.63;-7.70;6.16;-0.11;0.69;-0.44;107.45;-52.85;89.04
8616;-3.52;-8.33;6.38;-0.11;0.69;-0.44;116.69;-57.89;95.34
8624;-3.09;-8.58;6.15;-0.11;0.71;-0.42;134.96;-66.92;100.24
8633;-2.80;-8.43;5.83;-0.11;0.71;-0.42;161.14;-79.31;103.11
8642;-2.35;-8.17;5.25;-0.11;0.71;-0.42;181.37;-92.54;104.16
8651;-2.19;-8.04;4.86;-0.12;0.74;-0.40;192.43;-101.15;102.34
8660;-2.02;-7.77;4.25;-0.12;0.74;-0.40;189.91;-98.28;98.28
8668;-1.80;-7.54;3.61;-0.12;0.74;-0.40;174.58;-86.03;89.60
8677;-1.49;-7.58;3.01;-0.11;0.77;-0.38;150.22;-70.21;77.21
8686;-1.45;-8.00;2.48;-0.11;0.77;-0.38;117.74;-56.42;63.98
8695;-2.50;-8.89;2.35;-0.11;0.77;-0.38;93.52;-55.44;54.88
8704;-3.62;-9.75;2.86;-0.12;0.79;-0.37;91.98;-68.81;62.09
8713;-3.52;-10.19;3.29;-0.12;0.79;-0.37;119.98;-89.32;76.86
8721;-3.74;-10.16;3.56;-0.12;0.79;-0.37;153.44;-108.92;87.08
8730;-3.28;-9.83;3.32;-0.13;0.81;-0.35;181.93;-123.20;89.53
8739;-2.45;-8.77;2.48;-0.13;0.81;-0.35;198.80;-134.89;81.20
8748;-1.95;-8.48;1.82;-0.13;0.81;-0.35;190.54;-136.01;65.80
8757;-1.72;-8.39;1.65;-0.13;0.85;-0.31;166.39;-121.73;50.26
8766;-1.60;-8.54;1.52;-0.13;0.85;-0.31;135.03;-94.36;44.87
8774;-1.92;-8.56;1.26;-0.13;0.85;-0.16;110.88;-72.59;38.78
8783;-2.24;-9.20;0.75;-0.13;0.86;-0.29;89.74;-58.38;39.27
8792;-2.24;-9.22;0.56;-0.13;0.86;-0.29;80.99;-64.96;39.20
8801;-4.13;-9.52;3.27;-0.14;0.87;-0.27;82.25;-67.76;40.25
8810;-2.48;-9.70;1.17;-0.14;0.87;-0.27;88.27;-74.06;41.86
8818;-2.58;-9.45;0.95;-0.14;0.87;-0.27;81.69;-76.16;38.43
8827;-2.14;-9.28;1.05;-0.13;0.88;-0.25;70.00;-77.91;33.11
8836;-2.20;-9.66;1.64;-0.13;0.88;-0.25;64.54;-72.87;28.91
8845;-2.02;-9.33;1.67;-0.13;0.88;-0.25;66.85;-63.56;23.31
8854;-1.81;-9.16;1.54;-0.14;0.89;-0.25;69.02;-56.42;16.31
8863;-1.83;-9.12;1.22;-0.14;0.89;-0.25;69.93;-52.15;8.82
8871;-2.07;-9.35;1.00;-0.14;0.89;-0.25;71.68;-53.83;2.94
8880;-2.05;-9.71;0.73;-0.14;0.90;-0.23;75.67;-57.12;2.24
8889;-2.10;-9.50;0.70;-0.14;0.90;-0.23;83.79;-61.04;0.70
8898;-1.91;-9.28;0.72;-0.14;0.90;-0.23;89.74;-61.32;-4.69
8906;-1.59;-9.22;0.52;-0.15;0.90;-0.21;89.88;-57.19;-11.48
8915;-1.44;-9.07;0.32;-0.15;0.90;-0.21;84.35;-51.24;-18.62
8924;-1.62;-8.99;0.28;-0.15;0.90;-0.21;76.51;-47.74;-21.98
8933;-1.54;-9.15;0.52;-0.15;0.91;-0.20;71.40;-46.55;-25.13
8942;-1.67;-9.44;0.61;-0.15;0.91;-0.20;68.74;-44.31;-31.01
8950;-1.70;-9.66;0.70;-0.15;0.91;-0.20;64.12;-36.54;-34.02
8959;-1.66;-9.99;0.75;-0.16;0.92;-0.18;52.85;-28.70;-37.73
8968;-1.59;-10.34;0.70;-0.16;0.92;-0.18;37.59;-19.74;-44.52
8977;-1.62;-10.37;0.65;-0.16;0.92;-0.18;16.52;-5.18;-52.99
8986;-1.74;-11.07;0.09;-0.17;0.91;-0.18;-23.52;8.54;-61.60
8994;-1.79;-11.56;-0.44;-0.17;0.91;-0.18;-74.06;23.45;-70.49
9003;-1.28;-11.39;-0.10;-0.17;0.91;-0.18;-126.98;39.76;-86.10
9012;-1.21;-11.40;0.26;-0.18;0.91;-0.19;-186.13;65.80;-106.61
9021;-0.61;-10.50;1.36;-0.18;0.91;-0.19;-229.74;91.77;-128.38
9030;-0.85;-9.68;1.82;-0.18;0.91;-0.19;-253.54;104.16;-151.97
9039;-1.11;-8.97;2.32;-0.19;0.90;-0.24;-256.48;98.98;-178.08
9047;-1.23;-8.60;2.56;-0.19;0.90;-0.24;-238.28;79.59;-203.28
9056;-2.81;-8.94;2.77;-0.19;0.90;-0.24;-210.49;37.03;-219.24
9065;-4.11;-8.94;2.82;-0.22;0.85;-0.28;-177.52;29.19;-210.91
9074;-5.09;-9.01;3.19;-0.22;0.85;-0.28;-153.37;21.49;-191.52
9083;-5.82;-9.22;3.63;-0.25;0.82;-0.31;-144.55;42.98;-167.51
9092;-6.08;-9.23;3.97;-0.25;0.82;-0.31;-155.47;83.58;-150.43
9100;-5.46;-9.16;3.85;-0.25;0.82;-0.31;-173.74;125.02;-132.86
9109;-5.41;-9.16;3.66;-0.25;0.78;-0.34;-195.51;163.31;-116.69
9118;-5.26;-8.67;3.69;-0.25;0.78;-0.34;-216.65;186.06;-111.30
9127;-5.25;-8.28;3.91;-0.25;0.78;-0.34;-220.15;186.69;-107.38
9136;-5.36;-8.18;4.35;-0.23;0.74;-0.37;-207.48;171.43;-102.83
9145;-5.70;-7.70;4.51;-0.23;0.74;-0.37;-164.64;138.25;-99.40
9154;-5.67;-7.17;4.59;-0.23;0.74;-0.37;-155.05;107.03;-93.45
9162;-5.66;-7.08;4.92;-0.22;0.70;-0.42;-135.59;85.68;-86.52
9171;-5.43;-6.42;5.37;-0.22;0.70;-0.42;-124.04;78.96;-80.08
9180;-5.34;-5.69;5.51;-0.22;0.70;-0.42;-128.24;91.00;-82.53
9189;-5.18;-5.54;5.81;-0.21;0.67;-0.43;-148.75;119.84;-87.15
9198;-5.61;-5.52;6.09;-0.21;0.67;-0.43;-179.13;158.69;-92.33
9207;-5.72;-5.38;6.36;-0.21;0.67;-0.43;-209.58;186.55;-91.21
9215;-5.53;-5.18;6.49;-0.19;0.62;-0.44;-219.31;198.94;-85.47
9224;-5.66;-5.10;6.81;-0.19;0.62;-0.44;-211.26;189.00;-82.18
9233;-5.67;-5.16;6.98;-0.19;0.62;-0.44;-184.03;162.05;-80.64
9242;-5.76;-5.08;7.07;-0.17;0.57;-0.46;-148.68;125.86;-76.16
9251;-5.66;-5.11;6.92;-0.17;0.57;-0.46;-116.62;82.18;-69.58
9260;-5.61;-5.16;6.55;-0.17;0.57;-0.46;-88.97;47.60;-61.95
9268;-5.41;-5.03;6.34;-0.15;0.55;-0.48;-73.92;20.09;-54.04
9277;-3.74;-4.70;6.53;-0.15;0.55;-0.48;-69.23;1.61;-47.39
9286;-5.48;-4.59;7.03;-0.15;0.55;-0.48;-88.90;-2.73;-44.24
9295;-5.33;-4.46;7.41;-0.15;0.52;-0.48;-82.60;7.77;-46.90
9303;-5.08;-4.28;7.82;-0.15;0.52;-0.48;-93.94;25.41;-50.33
9312;-5.00;-4.13;8.12;-0.15;0.52;-0.48;-105.49;47.88;-52.01
9321;-5.47;-3.98;8.45;-0.14;0.51;-0.48;-115.71;70.28;-51.87
9330;-4.97;-4.09;8.05;-0.14;0.51;-0.48;-120.05;84.70;-49.42
9339;-4.80;-3.75;8.06;-0.14;0.51;-0.48;-118.09;92.82;-48.02
9348;-4.80;-3.61;7.72;-0.14;0.47;-0.49;-114.87;87.50;-48.30
9356;-4.70;-3.63;7.54;-0.14;0.47;-0.49;-108.78;76.72;-48.23
9365;-4.69;-3.37;7.41;-0.12;0.46;-0.49;-102.69;61.60;-46.97
9374;-5.10;-3.14;7.08;-0.12;0.46;-0.49;-97.58;40.25;-44.94
9383;-4.61;-3.11;7.58;-0.12;0.46;-0.49;-93.59;28.35;-41.72
9392;-4.58;-3.20;8.06;-0.11;0.43;-0.49;-91.84;23.59;-35.49
9401;-4.35;-2.97;8.64;-0.11;0.43;-0.49;-89.95;28.00;-29.82
9410;-4.13;-2.30;8.99;-0.11;0.43;-0.49;-88.97;38.50;-27.86
9419;-4.07;-2.18;9.44;-0.10;0.42;-0.49;-95.34;55.93;-34.79
9427;-3.90;-2.13;9.78;-0.10;0.42;-0.49;-105.98;80.08;-40.32
9436;-4.15;-1.89;9.77;-0.10;0.42;-0.49;-109.27;92.75;-41.65
9445;-4.14;-1.59;9.56;-0.07;0.38;-0.48;-105.35;92.82;-41.72
9454;-4.08;-1.64;9.37;-0.07;0.38;-0.48;-96.53;82.11;-40.11
9463;-4.15;-1.31;9.11;-0.07;0.38;-0.48;-82.39;63.84;-35.70
9471;-3.85;-1.01;8.79;-0.06;0.37;-0.47;-68.53;41.86;-30.94
9480;-3.47;-0.86;8.50;-0.06;0.37;-0.47;-56.63;19.18;-28.91
9489;-3.37;-0.62;8.45;-0.06;0.37;-0.47;-46.62;1.68;-27.37
9498;-3.57;-0.64;8.62;-0.05;0.35;-0.48;-40.60;-9.73;-25.41
9507;-3.47;-0.67;9.21;-0.05;0.35;-0.48;-37.24;-11.76;-22.12
9516;-3.45;-0.73;9.71;-0.05;0.35;-0.48;-37.17;-4.90;-18.55
9524;-3.31;-0.65;10.01;-0.05;0.35;-0.47;-36.26;4.55;-16.87
9533;-3.35;-0.70;10.10;-0.05;0.35;-0.47;-31.78;14.35;-17.22
9542;-3.65;-0.60;10.08;-0.05;0.35;-0.47;-27.16;23.94;-15.89
9551;-3.74;-0.65;9.59;-0.04;0.34;-0.47;-23.24;25.76;-13.09
9560;-3.80;-0.84;9.19;-0.04;0.34;-0.47;-19.67;23.03;-8.54
9568;-3.67;-0.75;9.12;-0.04;0.34;-0.47;-16.52;16.17;-4.97
9577;-3.34;-0.75;9.07;-0.04;0.34;-0.45;-15.96;8.68;-3.99
9586;-3.12;-0.80;9.20;-0.04;0.34;-0.45;-16.17;2.80;-4.41
9595;-2.84;-0.73;9.45;-0.04;0.34;-0.45;-16.10;-1.40;-5.11
9604;-2.87;-0.67;9.67;-0.04;0.33;-0.48;-13.65;-6.65;-5.32
9612;-2.80;-1.00;9.81;-0.04;0.33;-0.48;-9.52;-11.62;-5.11
9621;-2.74;-1.39;10.16;-0.04;0.33;-0.45;-3.71;-12.74;-0.28
9630;-2.58;-1.27;10.23;-0.04;0.33;-0.45;3.15;-13.02;5.46
9639;-2.35;-1.23;10.22;-0.04;0.33;-0.45;10.29;-11.62;8.47
9648;-2.00;-1.15;10.17;-0.05;0.33;-0.47;13.09;-8.82;6.65
9657;-1.84;-1.09;10.09;-0.05;0.33;-0.47;10.29;-3.92;3.64
9665;-1.56;-1.15;9.93;-0.05;0.33;-0.47;0.84;2.24;1.12
9674;-1.35;-1.58;10.03;-0.04;0.34;-0.46;-8.40;8.05;-2.45
9683;-0.97;-1.65;10.03;-0.04;0.34;-0.46;-14.91;9.52;-3.22
9692;-1.07;-1.89;10.24;-0.04;0.34;-0.46;-17.64;6.79;-2.24
9701;-0.95;-2.15;10.23;-0.05;0.33;-0.46;-14.56;0.14;-1.75
9709;-0.83;-2.47;10.23;-0.05;0.33;-0.46;-9.31;-7.49;0.70
9718;-1.03;-2.27;10.37;-0.05;0.33;-0.46;-2.38;-13.72;5.88
9727;-1.20;-2.33;10.54;-0.05;0.33;-0.46;2.94;-20.16;8.61
9736;-1.21;-2.28;10.32;-0.05;0.33;-0.46;5.11;-24.15;11.76
9745;-1.10;-2.07;10.68;-0.05;0.33;-0.46;5.11;-29.33;14.00
9753;-0.95;-1.81;10.53;-0.05;0.33;-0.46;5.18;-29.19;15.05
9762;-0.44;-1.66;10.46;-0.05;0.33;-0.46;1.68;-27.02;13.58
9771;-0.05;-1.39;10.56;-0.05;0.33;-0.46;-4.41;-22.19;8.82
9780;0.29;-1.29;10.62;-0.06;0.33;-0.47;-11.97;-12.46;1.82
9789;0.41;-1.18;10.66;-0.06;0.33;-0.47;-21.49;-2.38;-7.42
9797;0.37;-1.15;10.67;-0.06;0.33;-0.47;-32.06;9.03;-18.48
9806;0.57;-1.09;10.61;-0.05;0.32;-0.47;-43.47;17.99;-30.87
9815;0.58;-1.00;10.68;-0.05;0.32;-0.47;-55.51;28.35;-41.93
9824;0.31;-0.83;10.98;-0.05;0.32;-0.47;-65.24;35.63;-51.87
9833;0.57;-0.70;11.05;-0.05;0.32;-0.47;-70.35;38.71;-58.66
9841;0.56;-0.59;11.36;-0.05;0.32;-0.47;-67.20;40.46;-62.51
9850;0.88;-0.06;11.53;-0.05;0.32;-0.47;-58.59;38.15;-63.28
9859;2.12;0.20;11.59;-0.04;0.32;-0.45;-44.31;27.23;-60.27
9868;3.16;0.19;11.92;-0.04;0.32;-0.45;-22.68;13.37;-62.09
9877;4.57;0.98;12.76;-0.04;0.32;-0.45;-7.56;3.71;-66.29
9886;7.52;1.77;13.70;-0.04;0.31;-0.46;-2.38;-4.27;-65.17
9894;10.91;2.05;15.02;-0.04;0.31;-0.46;-2.17;-0.63;-82.25
9903;14.45;4.74;15.16;-0.04;0.31;-0.46;-1.33;0.49;-78.12
9912;16.83;7.44;15.86;-0.04;0.31;-0.45;36.75;0.28;-66.92
9921;14.04;11.18;13.14;-0.04;0.31;-0.45;111.58;25.69;-89.11
9930;8.82;15.73;8.17;-0.04;0.34;-0.44;210.28;35.63;-99.19
9938;3.70;18.84;2.99;-0.04;0.34;-0.44;247.73;14.63;-142.66
9947;-3.08;23.28;-6.30;-0.04;0.34;-0.44;227.01;-28.84;-238.70
9956;-9.10;25.94;-13.83;0.01;0.35;-0.46;130.83;-72.31;-363.37
9965;-19.76;25.20;-18.18;0.01;0.35;-0.46;-22.33;-145.60;-520.31
9974;-37.21;20.70;-16.36;0.01;0.35;-0.46;-237.30;-241.85;-592.13
9982;-55.93;12.01;-6.50;-0.04;0.35;-0.47;-497.49;-300.44;-609.84
9991;-81.83;-21.15;11.36;-0.04;0.35;-0.47;-792.68;-85.40;-624.68
10000;-79.87;-37.40;32.16;-0.04;0.35;-0.47;-1065.89;283.01;-455.07
10009;-39.66;-38.32;52.12;-0.01;0.19;-0.37;-883.61;354.83;4.76
10018;-12.38;-13.86;37.19;-0.01;0.19;-0.37;150.85;252.42;327.11
10027;-16.75;23.48;22.50;-0.01;0.19;-0.37;989.87;-173.81;665.56
10035;-0.05;58.50;-2.35;-0.03;0.22;-0.43;1180.62;-343.70;726.18
10044;21.92;53.57;-10.92;-0.03;0.22;-0.43;762.30;-149.94;490.07
10053;30.90;38.09;-14.25;-0.03;0.22;-0.43;124.88;-10.99;127.12
10062;24.95;29.98;-13.80;-0.05;0.33;-0.47;-295.26;104.37;-165.62
10071;11.89;16.86;-6.65;-0.05;0.33;-0.47;-425.81;84.28;-265.09
10080;-2.25;12.60;0.88;-0.05;0.33;-0.47;-308.84;-11.13;-254.87
10088;-12.45;4.15;11.21;-0.06;0.27;-0.45;-147.49;-96.74;-162.33
10097;-17.26;-5.25;14.49;-0.06;0.27;-0.45;-59.50;-54.11;-107.31
10106;-15.88;-8.52;11.40;-0.06;0.27;-0.45;-27.23;23.17;-46.34
10115;-11.96;-4.20;7.39;-0.07;0.26;-0.44;11.48;58.38;23.94
10124;-7.99;1.49;5.11;-0.07;0.26;-0.44;48.72;28.21;60.97
10133;-4.69;5.58;5.30;-0.07;0.26;-0.44;57.05;-14.35;67.06
10142;-2.10;6.96;6.71;-0.05;0.27;-0.44;38.15;-20.23;43.40
10150;-1.54;6.20;7.44;-0.05;0.27;-0.44;14.00;-3.99;7.28
10159;-2.38;4.19;7.21;-0.05;0.27;-0.44;-11.69;4.83;-9.73
10168;-3.10;1.53;7.57;-0.07;0.27;-0.46;-16.24;4.20;-19.67
10177;-3.81;0.37;7.85;-0.07;0.27;-0.46;-16.73;-2.17;-18.41
10186;-4.67;-0.98;8.78;-0.07;0.27;-0.46;-18.90;-1.96;-9.52
10194;-5.22;-1.74;9.56;-0.06;0.27;-0.46;-21.98;11.13;-10.92
10203;-5.44;-0.81;10.04;-0.06;0.27;-0.46;-32.55;21.21;-4.27
10212;-5.00;-0.43;10.60;-0.06;0.27;-0.44;-29.47;27.79;6.23
10221;-4.14;1.13;10.47;-0.06;0.27;-0.44;-21.91;29.82;15.54
10230;-3.17;3.10;10.37;-0.06;0.27;-0.44;-5.60;22.40;26.60
10239;-2.34;4.31;10.12;-0.05;0.27;-0.44;10.15;6.58;26.88
10247;-2.09;5.20;9.93;-0.05;0.27;-0.44;13.44;-4.90;19.53
10256;-2.25;5.31;9.70;-0.05;0.27;-0.44;3.64;-7.21;5.60
10265;-2.66;4.74;9.70;-0.06;0.26;-0.45;-10.15;-3.71;-10.22
10274;-3.70;3.73;9.93;-0.06;0.26;-0.45;-23.73;3.50;-20.23
10283;-4.72;3.01;10.07;-0.06;0.26;-0.45;-34.09;10.64;-24.85
10292;-5.46;2.50;10.19;-0.05;0.26;-0.45;-36.96;16.94;-24.08
10301;-5.99;2.39;10.19;-0.05;0.26;-0.45;-29.26;17.22;-16.73
10309;-6.10;2.51;10.03;-0.05;0.26;-0.45;-12.95;13.16;-3.57
10318;-5.77;3.11;9.63;-0.05;0.27;-0.44;7.14;5.04;10.92
10327;-5.07;3.94;8.89;-0.05;0.27;-0.44;26.60;-2.24;20.09
10336;-4.39;4.25;8.21;-0.05;0.27;-0.44;36.40;-8.82;20.51
10345;-4.31;4.13;7.50;-0.05;0.26;-0.44;32.20;-9.17;12.88
10354;-4.18;3.73;7.32;-0.05;0.26;-0.44;11.90;-0.84;2.31
10362;-4.31;3.22;7.47;-0.05;0.26;-0.44;-9.38;12.18;-9.66
10371;-4.72;2.93;7.78;-0.05;0.27;-0.44;-22.19;19.39;-15.47
10380;-4.47;2.61;8.00;-0.05;0.27;-0.44;-20.86;19.53;-11.48
10389;-4.39;2.42;8.12;-0.05;0.27;-0.44;-4.55;13.86;-4.06
10397;-3.96;2.42;7.78;-0.05;0.25;-0.44;10.78;7.49;3.92
10406;-3.82;2.51;7.37;-0.05;0.25;-0.44;17.71;1.75;9.94
10415;-3.79;2.60;7.17;-0.05;0.25;-0.44;14.14;0.00;10.01
10424;-4.00;2.68;7.32;-0.05;0.27;-0.45;7.42;-0.56;6.93
10433;-4.12;2.43;7.48;-0.05;0.27;-0.45;-0.91;1.82;3.71
10441;-3.80;2.94;7.49;-0.05;0.27;-0.45;-6.65;5.88;1.68
10450;-3.47;2.98;7.55;-0.05;0.27;-0.44;-7.98;7.07;-0.63
10459;-3.27;2.97;7.40;-0.05;0.27;-0.44;-6.44;4.97;-2.52
10468;-3.27;2.96;7.57;-0.04;0.27;-0.44;-4.34;0.63;-1.40
10477;-3.26;2.76;7.87;-0.04;0.27;-0.44;-2.17;-2.66;-0.14
10486;-3.94;2.83;8.48;-0.04;0.27;-0.44;0.91;-2.59;1.96
10494;-4.15;2.78;8.59;-0.04;0.26;-0.44;3.36;-2.31;3.99
10503;-4.55;2.48;8.71;-0.04;0.26;-0.44;3.22;-0.70;4.90
10512;-5.04;2.23;9.10;-0.04;0.26;-0.44;0.14;4.48;5.67
10521;-5.23;2.46;9.02;-0.04;0.27;-0.44;-2.66;11.34;9.59
10530;-4.93;2.91;8.89;-0.04;0.27;-0.44;-0.56;14.14;12.74
10538;-4.67;3.20;8.61;-0.04;0.27;-0.44;2.52;12.18;14.42
10547;-4.25;3.64;8.46;-0.05;0.26;-0.43;5.25;8.96;16.94
10556;-3.80;3.87;8.35;-0.05;0.26;-0.43;9.87;5.46;17.64
10565;-3.70;3.99;8.27;-0.05;0.26;-0.43;11.69;1.47;16.10
10574;-3.91;3.88;8.45;-0.04;0.27;-0.44;10.85;0.63;14.14
10582;-4.38;3.60;8.66;-0.04;0.27;-0.44;9.10;0.28;11.69
10591;-4.73;3.35;8.81;-0.04;0.27;-0.44;7.42;0.35;10.78
10600;-4.93;2.93;9.01;-0.04;0.27;-0.45;9.03;1.05;12.88
10609;-5.36;2.10;8.65;-0.04;0.27;-0.45;12.53;2.45;15.26
10618;-5.46;2.12;8.08;-0.04;0.27;-0.45;14.35;8.12;20.09
10626;-5.76;2.17;7.72;-0.04;0.28;-0.44;7.28;14.42;24.15
10635;-5.70;1.66;7.77;-0.04;0.28;-0.44;-2.24;24.71;27.58
10644;-5.78;2.35;7.66;-0.04;0.28;-0.44;-8.54;31.64;31.36
10653;-5.92;2.83;7.93;-0.04;0.27;-0.44;-13.58;34.09;35.14
10661;-5.92;2.86;8.18;-0.04;0.27;-0.44;-13.58;32.20;35.70
10670;-5.89;3.01;8.13;-0.04;0.27;-0.44;-10.78;30.80;37.31
10679;-5.92;3.24;8.18;-0.04;0.27;-0.44;-5.32;27.65;41.44
10688;-5.81;3.17;7.93;-0.04;0.27;-0.44;3.78;23.17;45.99
10697;-5.54;3.22;7.79;-0.04;0.27;-0.44;15.05;18.13;49.07
10706;-5.05;3.21;7.65;-0.04;0.27;-0.44;26.18;12.32;50.75
10714;-4.72;3.26;7.34;-0.04;0.27;-0.44;33.74;9.80;50.33
10723;-4.39;3.32;6.92;-0.04;0.27;-0.44;33.46;9.38;47.11
10732;-4.16;3.38;6.83;-0.04;0.27;-0.45;27.72;12.81;42.07
10741;-3.87;3.57;6.92;-0.04;0.27;-0.45;19.32;34.93;34.72
10750;-3.68;3.59;7.16;-0.04;0.27;-0.45;11.55;22.26;25.48
10758;-3.73;3.55;7.37;-0.05;0.29;-0.43;3.92;26.32;15.61
10767;-4.06;3.46;7.44;-0.05;0.29;-0.43;0.77;28.28;8.82
10776;-4.10;3.32;7.84;-0.04;0.29;-0.45;1.05;28.21;7.63
10785;-4.34;3.23;8.22;-0.04;0.29;-0.45;7.42;22.19;11.48
10793;-4.23;2.85;8.46;-0.04;0.29;-0.45;20.02;10.85;17.78
10802;-4.13;2.35;8.71;-0.04;0.28;-0.45;35.28;-0.21;27.93
10811;-3.76;2.09;8.73;-0.04;0.28;-0.45;50.12;-7.84;38.99
10820;-3.49;2.22;8.33;-0.04;0.28;-0.45;62.58;-14.28;44.17
10828;-3.51;2.13;8.00;-0.03;0.29;-0.46;66.85;-14.56;45.57
10837;-3.40;2.22;7.85;-0.03;0.29;-0.46;56.98;-8.33;42.91
10846;-3.37;2.30;7.92;-0.03;0.29;-0.46;37.87;2.24;34.23
10855;-3.47;2.12;8.10;-0.04;0.31;-0.45;15.68;14.98;23.73
10864;-3.75;2.12;8.38;-0.04;0.31;-0.45;1.26;26.25;14.00
10873;-4.14;1.91;8.51;-0.04;0.31;-0.45;-6.30;32.90;2.31
10881;-4.06;1.38;8.67;-0.04;0.31;-0.47;-7.77;36.54;2.52
10890;-4.57;1.02;8.74;-0.04;0.31;-0.47;-4.06;37.52;8.40
10899;-4.52;0.75;8.88;-0.04;0.31;-0.47;3.15;30.94;21.14
10908;-4.22;0.78;8.74;-0.03;0.31;-0.45;17.85;19.18;29.40
10917;-4.11;0.73;8.55;-0.03;0.31;-0.45;33.25;7.70;34.58
10926;-3.98;0.70;8.22;-0.03;0.31;-0.45;42.70;-0.49;39.69
10934;-3.85;0.94;8.05;-0.03;0.31;-0.45;40.04;-3.92;42.42
10943;-3.61;1.16;7.91;-0.03;0.31;-0.45;30.38;-2.66;41.44
10952;-3.43;1.51;8.10;-0.03;0.31;-0.45;15.75;1.47;37.10
10961;-3.37;1.44;8.30;-0.04;0.32;-0.45;0.63;7.28;29.89
10969;-3.48;1.40;8.89;-0.04;0.32;-0.45;-12.39;15.89;24.08
10978;-3.60;0.97;9.40;-0.04;0.32;-0.45;-19.32;22.89;20.86
10987;-3.52;0.73;9.76;-0.03;0.32;-0.46;-16.38;28.21;21.49
10996;-3.60;0.47;9.84;-0.03;0.32;-0.46;-6.86;25.48;26.74
11005;-3.58;0.49;9.96;-0.03;0.32;-0.46;9.03;19.60;33.67
11013;-3.61;0.56;9.68;-0.03;0.32;-0.46;22.68;10.57;38.01
11022;-3.46;0.51;9.10;-0.03;0.32;-0.46;29.47;3.99;42.35
11031;-3.37;0.51;8.51;-0.03;0.32;-0.46;27.51;0.91;44.52
11040;-3.30;0.55;8.23;-0.02;0.32;-0.46;20.23;0.14;44.03
11049;-3.33;0.34;8.37;-0.02;0.32;-0.46;11.83;-0.07;41.23
11057;-3.32;0.14;8.51;-0.02;0.32;-0.46;4.20;2.17;39.06
11066;-3.25;0.17;8.71;-0.03;0.32;-0.45;-0.98;4.48;36.26
11075;-3.07;0.17;8.84;-0.03;0.32;-0.45;-2.87;7.84;34.44
11084;-3.12;0.17;9.12;-0.02;0.32;-0.45;-6.23;10.22;33.04
11093;-3.01;0.31;9.32;-0.02;0.32;-0.45;-9.31;13.30;32.06
11102;-3.03;0.34;9.73;-0.02;0.32;-0.45;-10.43;14.56;31.50
11110;-3.05;0.24;9.73;-0.03;0.31;-0.46;-7.70;12.25;31.36
11119;-3.19;0.27;9.60;-0.03;0.31;-0.46;-0.35;7.35;33.04
11128;-3.31;0.43;9.65;-0.03;0.31;-0.46;6.30;0.28;34.65
11137;-3.04;0.39;9.32;-0.02;0.32;-0.46;13.86;-7.63;37.80
11146;-2.86;0.31;9.05;-0.02;0.32;-0.46;19.53;-14.98;40.32
11154;-2.68;0.42;8.98;-0.02;0.32;-0.46;21.70;-19.95;40.95
11163;-2.50;0.20;8.71;-0.04;0.33;-0.47;19.60;-21.91;39.48
11172;-2.53;0.17;8.63;-0.04;0.33;-0.47;13.16;-18.76;35.49
11181;-2.57;0.11;8.70;-0.04;0.33;-0.47;2.94;-12.60;31.57
11190;-2.58;0.04;8.89;-0.04;0.33;-0.45;-6.09;-5.11;29.26
11199;-2.47;0.08;9.06;-0.04;0.33;-0.45;-12.67;1.40;27.09
11208;-2.46;0.30;9.20;-0.04;0.33;-0.45;-14.77;4.41;24.01
11216;-2.49;0.27;9.35;-0.03;0.32;-0.47;-13.58;4.69;20.79
11225;-2.61;0.14;9.49;-0.03;0.32;-0.47;-9.80;3.36;19.60
11234;-2.69;0.19;9.45;-0.03;0.32;-0.47;-5.11;-0.49;21.07
11243;-2.79;-0.04;9.34;-0.04;0.32;-0.46;0.21;-4.48;23.80
11251;-2.68;0.04;9.37;-0.04;0.32;-0.46;4.06;-9.38;25.34
11260;-2.64;0.23;9.12;-0.04;0.32;-0.46;5.46;-13.44;24.22
11269;-2.73;0.18;9.00;-0.04;0.32;-0.46;3.01;-14.77;21.49
11278;-2.79;0.05;9.02;-0.04;0.32;-0.46;0.14;-13.44;19.88
11287;-2.93;0.05;9.03;-0.04;0.32;-0.46;-2.31;-11.13;18.27
11296;-3.17;-0.04;9.22;-0.04;0.32;-0.46;-3.71;-7.77;17.22
11304;-3.32;-0.13;9.27;-0.04;0.32;-0.46;-4.97;-4.06;17.85
11313;-3.42;-0.05;9.43;-0.04;0.32;-0.46;-6.16;-0.14;19.53
11322;-3.28;-0.04;9.38;-0.05;0.32;-0.47;-8.61;2.52;18.34
11331;-3.24;0.06;9.36;-0.05;0.32;-0.47;-10.64;3.64;16.38
11340;-3.22;0.28;9.38;-0.05;0.32;-0.47;-13.58;3.92;15.26
11349;-3.05;0.46;9.52;-0.05;0.32;-0.46;-16.59;2.73;13.79
11357;-3.03;0.60;9.39;-0.05;0.32;-0.46;-17.29;0.56;12.53
11366;-3.00;0.62;9.58;-0.04;0.32;-0.47;-15.33;-3.15;11.13
11375;-3.14;0.72;9.68;-0.04;0.32;-0.47;-10.71;-6.30;11.06
11384;-3.07;0.80;9.65;-0.04;0.32;-0.47;-3.29;-10.78;11.83
11393;-3.14;0.51;9.49;-0.05;0.32;-0.46;5.46;-15.40;13.93
11402;-3.35;0.29;9.49;-0.05;0.32;-0.46;14.21;-18.06;16.03
11410;-3.57;0.14;9.59;-0.05;0.32;-0.46;19.39;-16.87;18.13
11419;-3.48;0.17;9.35;-0.06;0.32;-0.45;16.59;-12.53;18.83
11428;-3.56;0.32;9.29;-0.06;0.32;-0.45;10.08;-8.33;16.24
11437;-3.61;0.39;9.25;-0.06;0.32;-0.45;1.82;-3.64;13.65
11446;-3.57;0.58;9.43;-0.06;0.33;-0.47;-3.43;0.21;8.96
11455;-3.67;0.58;9.50;-0.06;0.33;-0.47;-7.21;2.52;5.04
11463;-3.65;0.39;9.48;-0.06;0.33;-0.47;-7.28;3.29;4.13
11472;-3.43;0.58;9.35;-0.04;0.32;-0.46;-3.50;0.42;4.90
11481;-3.42;0.42;9.38;-0.04;0.32;-0.46;1.89;-5.11;4.90
11490;-3.38;0.28;9.20;-0.04;0.32;-0.46;6.44;-9.52;4.06
11499;-3.50;0.25;8.94;-0.05;0.33;-0.45;9.66;-10.85;5.04
11507;-3.61;0.24;8.90;-0.05;0.33;-0.45;10.01;-8.82;6.09
11516;-3.60;0.22;8.98;-0.05;0.33;-0.45;8.54;-6.44;7.98
11525;-3.42;0.20;8.96;-0.06;0.33;-0.45;8.89;-5.67;9.31
11534;-3.50;0.26;8.77;-0.06;0.33;-0.45;9.73;-6.09;8.54
11543;-3.47;0.49;8.83;-0.06;0.33;-0.45;7.70;-6.79;6.30
11552;-3.38;0.34;8.78;-0.06;0.34;-0.47;1.89;-6.37;3.85
11561;-3.29;0.32;8.66;-0.06;0.34;-0.47;-3.15;-5.18;1.82
11569;-3.32;0.23;8.91;-0.06;0.34;-0.47;-6.51;-4.48;-0.14
11578;-3.37;0.26;9.06;-0.06;0.33;-0.46;-6.86;-4.90;-1.68
11587;-3.37;0.14;9.35;-0.06;0.33;-0.46;-4.83;-6.37;-2.80
11596;-3.41;0.11;9.49;-0.06;0.33;-0.46;-2.45;-5.32;-3.50
11605;-3.49;-0.05;9.46;-0.06;0.33;-0.44;0.42;-4.27;-2.80
11613;-3.46;-0.04;9.63;-0.06;0.33;-0.44;2.03;-2.38;-1.82
11622;-3.28;-0.03;9.60;-0.06;0.33;-0.59;1.96;-0.98;-0.35
11631;-3.12;-0.03;9.80;-0.06;0.33;-0.46;0.70;0.00;0.70
11640;-2.82;-0.17;9.97;-0.06;0.33;-0.46;0.84;1.26;0.98
11649;-2.58;-0.04;9.91;-0.06;0.32;-0.47;2.94;0.56;1.12
11657;-2.45;-0.12;9.86;-0.06;0.32;-0.47;5.46;0.07;1.19
11666;-2.34;-0.16;9.81;-0.06;0.32;-0.47;6.37;0.07;0.35
11675;-2.07;-0.16;9.63;-0.05;0.32;-0.46;6.23;1.05;0.21
11684;-1.94;-0.17;9.72;-0.05;0.32;-0.46;5.25;3.78;-1.82
11692;-1.77;-0.28;9.75;-0.05;0.32;-0.46;2.10;7.28;-3.71
11701;-1.62;-0.47;9.84;-0.06;0.33;-0.45;-0.63;10.99;-3.99
11710;-1.39;-0.60;9.98;-0.06;0.33;-0.45;-0.91;14.63;-3.43
11719;-1.48;-0.59;9.97;-0.06;0.33;-0.45;1.26;15.68;-1.82
11728;-1.33;-0.50;9.79;-0.06;0.33;-0.45;6.51;13.30;-0.14
11736;-1.23;-0.36;9.55;-0.06;0.33;-0.45;11.97;9.73;1.54
11745;-1.13;-0.41;9.22;-0.06;0.33;-0.45;14.42;6.65;2.73
11754;-1.06;-0.44;9.08;-0.05;0.33;-0.46;13.65;5.04;2.94
11763;-0.83;-0.19;8.94;-0.05;0.33;-0.46;10.92;2.94;1.12
11772;-0.93;-0.10;8.99;-0.05;0.33;-0.46;6.37;1.75;-2.73
11780;-1.06;-0.17;8.92;-0.05;0.32;-0.45;3.43;1.96;-4.97
11789;-1.36;-0.13;9.21;-0.05;0.32;-0.45;-0.28;4.90;-7.63
11798;-1.75;-0.20;9.41;-0.05;0.32;-0.45;-2.80;7.35;-8.75
11807;-2.12;-0.34;9.53;-0.04;0.33;-0.45;-3.01;8.96;-7.91
11816;-2.50;-0.65;9.70;-0.04;0.33;-0.45;-1.12;9.38;-5.25
11825;-2.68;-0.75;9.86;-0.04;0.33;-0.45;1.26;7.21;-2.52
11833;-2.59;-1.06;10.04;-0.04;0.34;-0.46;4.48;5.95;-2.31
11842;-2.89;-0.93;10.06;-0.04;0.34;-0.46;6.86;3.08;-0.14
11851;-2.89;-0.89;10.16;-0.04;0.34;-0.46;8.19;2.80;0.56
11860;-2.83;-0.77;10.19;-0.05;0.33;-0.46;7.91;4.55;1.12
11868;-2.68;-0.55;10.32;-0.05;0.33;-0.46;6.30;8.47;0.63
11877;-2.54;-0.59;10.31;-0.05;0.33;-0.46;5.46;12.88;-1.40
11886;-2.40;-0.20;10.21;-0.06;0.33;-0.46;4.69;20.65;-3.78
11895;-2.28;0.00;10.16;-0.06;0.33;-0.46;3.29;27.51;-7.07
11904;-2.24;-0.09;9.90;-0.06;0.33;-0.46;1.33;34.44;-10.22
11913;-2.10;-0.15;9.76;-0.04;0.34;-0.45;-1.68;38.71;-11.13
11921;-2.37;-0.11;9.60;-0.04;0.34;-0.45;-4.83;39.69;-11.34
11930;-2.37;-0.42;9.59;-0.04;0.34;-0.47;-5.32;33.53;-9.03
11939;-2.34;-1.06;9.62;-0.03;0.32;-0.47;-4.06;26.25;-7.00
11948;-2.33;-1.09;9.81;-0.03;0.32;-0.47;1.33;14.35;-3.01
11957;-2.35;-1.28;9.92;-0.02;0.33;-0.47;7.49;4.90;0.56
11965;-2.36;-0.67;9.89;-0.02;0.33;-0.47;14.70;-2.59;2.94
11974;-2.36;-0.39;9.61;-0.02;0.33;-0.47;20.30;-5.67;2.03
11983;-2.16;-0.22;9.27;-0.04;0.35;-0.47;15.47;-3.57;-4.34
11992;-2.07;-0.40;9.12;-0.04;0.35;-0.47;4.90;3.15;-9.38
12001;-2.03;-0.45;9.30;-0.04;0.35;-0.47;-7.28;16.59;-14.14
12009;-1.92;-0.57;9.55;-0.03;0.34;-0.47;-18.20;27.02;-15.96
12018;-1.95;-0.52;9.73;-0.03;0.34;-0.47;-21.63;35.28;-16.73
12027;-1.85;-0.50;10.01;-0.03;0.34;-0.47;-20.79;38.08;-17.01
12036;-1.90;-0.55;9.84;-0.02;0.34;-0.46;-16.94;38.08;-18.27
12045;-1.67;-0.56;9.66;-0.02;0.34;-0.46;-13.16;34.30;-16.66
12054;-1.49;-0.30;9.45;-0.02;0.34;-0.46;-10.01;30.17;-13.72
12063;-1.46;-0.09;9.07;-0.01;0.34;-0.46;-9.66;26.18;-15.19
12071;-1.36;-0.01;9.16;-0.01;0.34;-0.46;-11.62;22.19;-17.99
12080;-1.06;-0.11;9.27;-0.01;0.34;-0.46;-13.72;19.18;-22.12
12089;-0.98;-0.09;9.27;-0.02;0.33;-0.46;-16.73;20.37;-24.57
12098;-0.93;-0.17;9.47;-0.02;0.33;-0.46;-19.95;23.24;-26.53
12107;-0.80;-0.21;9.69;-0.02;0.33;-0.46;-20.09;25.83;-28.14
12115;-0.82;-0.06;9.97;-0.01;0.33;-0.46;-20.72;30.66;-29.82
12124;-0.59;-0.11;9.83;-0.01;0.33;-0.46;-22.40;33.04;-31.36
12133;-0.64;-0.15;9.90;-0.01;0.33;-0.46;-21.49;35.77;-32.83
12142;-0.60;-0.17;9.80;0.01;0.33;-0.46;-20.37;39.41;-35.98
12151;-0.73;-0.22;9.58;0.01;0.33;-0.46;-21.84;44.52;-37.59
12159;-0.52;-0.38;9.27;0.01;0.33;-0.46;-26.18;50.05;-38.08
12168;-0.41;-0.22;9.25;0.02;0.33;-0.46;-32.34;53.20;-39.76
12177;-0.06;-0.11;9.37;0.02;0.33;-0.46;-40.04;51.80;-43.33
12186;0.53;-0.09;10.02;0.02;0.33;-0.46;-47.32;48.23;-49.91
12194;1.37;-0.03;10.84;0.04;0.32;-0.46;-50.54;40.74;-51.38
12203;2.79;-0.09;11.80;0.04;0.32;-0.46;-48.86;28.28;-49.14
12212;5.10;0.05;12.71;0.04;0.32;-0.45;-39.27;18.97;-48.16
12221;8.39;-0.16;13.52;0.04;0.31;-0.45;-24.64;4.90;-44.66
12230;12.30;0.13;13.47;0.04;0.31;-0.45;-6.65;-5.81;-42.42
12239;15.46;1.64;12.52;0.04;0.31;-0.43;23.73;-10.01;-39.62
12248;16.94;7.01;10.45;0.04;0.31;-0.43;73.29;-1.12;-33.74
12256;15.86;13.12;6.64;0.04;0.31;-0.43;132.02;-5.53;-58.73
12265;12.97;17.27;1.92;0.06;0.32;-0.45;176.33;-15.05;-148.47
12274;7.93;21.83;-6.68;0.06;0.32;-0.45;137.34;-37.17;-270.06
12283;1.15;23.25;-15.09;0.06;0.32;-0.45;-1.68;-100.31;-426.16
12292;-13.65;24.49;-18.55;0.09;0.32;-0.46;-193.90;-258.86;-541.03
12301;-32.63;21.49;-15.96;0.09;0.32;-0.46;-319.48;-409.92;-584.22
12309;-49.51;17.78;-6.96;0.09;0.32;-0.46;-417.48;-517.30;-552.93
12318;-72.13;-7.79;10.69;-0.02;0.29;-0.46;-554.61;-489.16;-532.77
12327;-101.02;-40.51;36.67;-0.02;0.29;-0.46;-713.16;-126.84;-397.74
12336;-51.92;-54.26;47.72;-0.02;0.29;-0.46;-722.89;263.06;-5.04
12345;-12.54;-15.51;52.21;-0.02;0.20;-0.39;73.64;241.36;386.68
12354;-11.92;26.90;27.09;-0.02;0.20;-0.39;785.61;70.98;682.78
12362;1.26;58.65;-6.24;-0.02;0.20;-0.39;918.68;-40.53;589.82
12371;23.16;50.85;-16.73;-0.01;0.25;-0.44;470.75;43.05;389.41
12380;31.05;36.91;-16.12;-0.01;0.25;-0.44;-43.89;53.62;78.75
12389;22.30;27.54;-9.93;-0.01;0.25;-0.44;-271.18;62.30;-169.96
12398;10.65;17.82;-2.19;-0.01;0.29;-0.46;-259.84;-5.46;-226.31
12407;-2.73;13.42;6.38;-0.01;0.29;-0.46;-193.41;-80.71;-215.95
12416;-12.86;6.09;13.89;-0.01;0.29;-0.46;-127.68;-103.25;-155.47
12425;-16.09;-4.52;15.99;-0.03;0.26;-0.43;-74.13;-12.67;-108.57
12433;-12.94;-6.84;11.26;-0.03;0.26;-0.43;-20.02;66.01;-50.47
12442;-11.33;-1.95;7.03;-0.03;0.26;-0.43;38.78;74.06;40.18
12451;-6.41;3.83;4.57;-0.02;0.25;-0.44;86.73;34.30;77.35
12460;-2.92;8.20;4.69;-0.02;0.25;-0.44;79.45;-5.88;68.46
12469;-0.78;8.51;6.47;-0.02;0.25;-0.44;29.47;-4.27;25.69
12478;-0.40;7.03;7.70;-0.02;0.27;-0.44;-16.59;20.93;-3.57
12486;-1.06;5.08;7.69;-0.02;0.27;-0.44;-24.50;29.89;-21.42
12495;-2.38;3.30;7.82;-0.02;0.27;-0.43;-2.73;13.23;-23.45
12504;-3.33;1.41;7.85;-0.02;0.27;-0.43;12.11;-1.19;-14.35
12513;-3.88;-1.84;7.70;-0.02;0.27;-0.43;13.51;1.19;-10.64
12522;-4.57;-0.99;7.65;-0.02;0.27;-0.44;6.09;9.03;-10.85
12530;-4.87;-1.28;7.94;-0.02;0.27;-0.44;-6.65;12.39;-8.05
12539;-4.86;-1.39;8.48;-0.02;0.27;-0.44;-15.12;13.02;-4.83
12548;-4.52;-0.57;9.13;-0.02;0.27;-0.45;-18.76;13.58;1.05
12557;-3.28;0.65;9.43;-0.02;0.27;-0.45;-15.33;9.80;9.31
12566;-2.43;1.80;9.20;-0.02;0.27;-0.45;-6.02;1.68;10.50
12575;-1.95;2.62;9.16;-0.02;0.27;-0.44;-4.69;-5.39;8.26
12583;-1.95;2.84;9.53;-0.02;0.27;-0.44;-10.43;-9.10;2.03
12592;-2.36;2.93;9.93;-0.02;0.27;-0.44;-15.96;-9.66;-4.62
12601;-3.09;2.58;10.32;-0.02;0.27;-0.45;-18.55;-7.49;-9.31
12610;-4.07;2.20;10.42;-0.02;0.27;-0.45;-19.53;-4.06;-10.15
12619;-5.08;2.08;10.41;-0.02;0.27;-0.45;-18.34;2.94;-8.68
12628;-5.20;2.09;9.86;-0.01;0.26;-0.44;-12.04;5.67;-5.39
12636;-5.41;1.92;9.20;-0.01;0.26;-0.44;-8.05;5.25;-2.24
12645;-5.22;2.07;8.74;-0.01;0.26;-0.44;-7.28;2.31;5.04
12654;-4.59;2.65;8.64;-0.02;0.26;-0.44;-7.49;-1.89;9.17
12663;-4.16;3.32;8.59;-0.02;0.26;-0.44;-10.43;-1.47;9.10
12672;-4.02;3.96;8.81;-0.02;0.26;-0.44;-14.42;1.89;9.45
12681;-3.74;4.40;9.12;-0.02;0.26;-0.44;-12.81;6.30;9.31
12689;-3.50;4.65;8.94;-0.02;0.26;-0.44;-6.79;9.03;8.33
12698;-3.58;4.54;8.72;-0.02;0.26;-0.44;0.28;10.08;6.93
12707;-3.52;4.06;8.13;-0.02;0.26;-0.43;8.61;7.98;7.91
12716;-3.37;3.43;7.21;-0.02;0.26;-0.43;14.07;3.15;8.68
12724;-3.27;3.12;6.65;-0.02;0.26;-0.43;11.27;0.07;7.07
12733;-3.35;3.02;6.64;-0.02;0.26;-0.45;0.42;-1.05;5.11
12742;-3.27;3.08;7.06;-0.02;0.26;-0.45;-8.26;-2.66;4.48
12751;-3.20;3.22;7.57;-0.02;0.26;-0.44;-11.55;-1.05;4.69
12760;-2.91;3.70;7.95;-0.02;0.26;-0.44;-10.78;0.84;5.95
12769;-2.63;3.85;7.85;-0.02;0.26;-0.44;-4.83;-0.63;6.65
12777;-2.75;3.76;7.57;-0.02;0.27;-0.44;3.57;-4.41;6.02
12786;-2.74;3.57;7.39;-0.02;0.27;-0.44;6.86;-7.98;5.46
12795;-2.79;3.22;7.45;-0.02;0.27;-0.44;5.88;-10.15;2.59
12804;-3.13;2.86;7.62;-0.02;0.27;-0.43;0.91;-7.70;-2.17
12813;-3.63;2.55;7.99;-0.02;0.27;-0.43;-7.21;-4.97;-4.41
12821;-3.66;2.43;8.28;-0.02;0.27;-0.43;-9.31;-4.41;-4.20
12830;-3.82;2.38;8.56;-0.02;0.25;-0.44;-7.70;-3.64;-1.05
12839;-3.94;2.56;8.74;-0.02;0.25;-0.44;-4.06;-3.08;3.36
12848;-3.91;2.71;8.76;-0.02;0.25;-0.44;-0.77;-3.36;7.98
12857;-3.57;3.15;8.63;-0.02;0.26;-0.44;5.39;-5.11;12.11
12865;-3.63;3.34;8.48;-0.02;0.26;-0.44;13.30;-8.12;14.21
12874;-3.52;3.60;8.62;-0.02;0.26;-0.44;17.71;-9.94;15.05
12883;-3.48;3.52;8.47;-0.03;0.27;-0.44;20.44;-9.87;12.67
12892;-3.68;3.40;8.22;-0.03;0.27;-0.44;15.96;-7.14;8.54
12901;-3.84;3.16;8.31;-0.03;0.27;-0.44;8.40;-4.34;5.11
12910;-4.26;2.73;8.54;-0.04;0.27;-0.44;2.94;-2.10;3.43
12918;-4.43;2.66;8.82;-0.04;0.27;-0.44;1.05;-1.61;5.25
12927;-4.57;2.56;8.99;-0.04;0.27;-0.44;3.15;-1.68;9.59
12936;-4.65;2.70;9.03;-0.03;0.26;-0.44;8.12;-2.94;15.75
12945;-4.75;2.66;8.96;-0.03;0.26;-0.44;12.32;-1.96;20.65
12954;-4.90;2.75;8.87;-0.03;0.26;-0.44;12.25;0.28;23.66
12963;-5.20;2.63;9.04;-0.03;0.27;-0.45;10.08;3.99;25.20
12971;-5.46;2.53;9.22;-0.03;0.27;-0.45;7.35;7.77;26.95
12980;-5.51;2.46;9.17;-0.03;0.27;-0.45;7.00;11.20;29.61
12989;-5.69;2.50;9.22;-0.03;0.27;-0.44;7.42;13.65;33.60
12998;-5.45;2.48;9.03;-0.03;0.27;-0.44;10.36;13.79;37.52
13007;-5.02;2.41;8.54;-0.03;0.27;-0.44;14.84;13.65;40.88
13016;-4.80;2.61;8.20;-0.03;0.28;-0.45;15.33;14.14;43.61
13025;-4.26;2.90;8.01;-0.03;0.28;-0.45;15.40;12.74;47.18
13033;-3.96;3.12;7.90;-0.04;0.28;-0.45;15.05;10.15;46.48
13042;-4.07;2.96;7.63;-0.04;0.28;-0.45;10.71;11.48;42.77
13051;-4.16;3.13;7.80;-0.04;0.28;-0.45;2.94;14.07;40.74
13060;-4.38;3.19;7.85;-0.04;0.28;-0.45;-4.69;15.47;36.47
13069;-4.53;3.06;7.95;-0.04;0.28;-0.45;-9.87;16.94;31.01
13077;-4.77;2.91;8.13;-0.04;0.28;-0.45;-12.95;20.02;29.89
13086;-4.58;2.97;8.31;-0.04;0.28;-0.44;-8.61;23.87;34.23
13095;-4.59;3.24;8.35;-0.04;0.28;-0.44;-0.49;19.25;37.45
13104;-4.81;3.12;8.43;-0.04;0.28;-0.44;6.79;14.91;39.48
13113;-4.92;3.07;8.25;-0.04;0.28;-0.44;14.00;14.07;46.69
13122;-4.74;2.98;8.32;-0.04;0.28;-0.44;19.53;15.26;53.06
13130;-4.57;3.07;8.03;-0.04;0.28;-0.44;24.78;15.68;56.98
13139;-4.54;3.13;7.73;-0.03;0.28;-0.45;29.47;14.84;58.17
13148;-4.42;3.07;7.65;-0.03;0.28;-0.45;29.26;12.95;56.84
13157;-4.09;2.96;7.57;-0.03;0.28;-0.45;27.51;12.18;54.95
13166;-3.87;2.92;7.65;-0.04;0.29;-0.47;23.80;12.95;54.32
13174;-4.05;2.90;7.77;-0.04;0.29;-0.47;18.97;12.60;53.06
13183;-4.09;2.82;8.19;-0.04;0.29;-0.47;14.49;11.83;52.57
13192;-4.36;2.76;8.35;-0.04;0.29;-0.44;12.53;11.76;54.11
13201;-4.55;2.61;8.44;-0.04;0.29;-0.44;13.23;11.41;55.86
13210;-4.59;2.57;8.68;-0.04;0.29;-0.44;18.34;9.66;58.94
13218;-4.56;3.10;8.43;-0.04;0.30;-0.45;23.66;-3.43;57.19
13227;-3.78;1.72;8.57;-0.04;0.30;-0.45;35.63;3.29;63.49
13236;-3.83;1.81;8.13;-0.04;0.30;-0.45;43.96;2.73;63.56
13245;-3.82;1.69;7.64;-0.05;0.31;-0.46;44.45;0.98;62.02
13254;-4.06;1.79;7.38;-0.05;0.31;-0.46;35.98;-1.68;57.12
13262;-4.08;1.74;7.28;-0.05;0.31;-0.46;21.07;-1.47;50.26
13271;-4.34;1.64;7.43;-0.04;0.31;-0.47;2.66;3.01;44.59
13280;-4.68;1.62;7.83;-0.04;0.31;-0.47;-11.76;9.31;40.46
13289;-4.72;1.56;8.11;-0.04;0.31;-0.47;-20.93;15.75;38.78
13298;-4.90;1.58;8.51;-0.06;0.31;-0.46;-21.98;21.35;39.13
13307;-4.95;1.61;8.79;-0.06;0.31;-0.46;-16.87;22.61;41.44
13315;-4.66;1.64;8.98;-0.06;0.31;-0.47;-6.37;19.53;45.01
13324;-4.43;1.57;8.95;-0.05;0.31;-0.47;7.63;13.16;48.02
13333;-4.39;1.59;8.92;-0.05;0.31;-0.47;18.27;6.09;48.79
13342;-4.14;1.58;8.54;-0.05;0.31;-0.46;23.38;-0.77;46.27
13351;-4.01;1.46;8.46;-0.05;0.31;-0.46;22.75;-2.52;43.05
13359;-3.85;1.36;8.43;-0.05;0.31;-0.46;15.05;-0.49;38.78
13368;-4.03;1.49;8.45;-0.06;0.32;-0.47;4.06;4.20;32.27
13377;-3.89;1.58;8.45;-0.06;0.32;-0.47;-6.09;11.34;27.23
13386;-3.96;1.54;8.56;-0.06;0.32;-0.47;-16.45;15.75;21.56
13395;-4.02;1.41;8.64;-0.05;0.32;-0.45;-21.77;20.30;17.29
13403;-4.28;1.47;9.28;-0.05;0.32;-0.45;-24.64;23.38;16.73
13412;-3.88;1.30;9.38;-0.05;0.32;-0.45;-22.75;21.42;18.55
13421;-3.84;1.36;9.69;-0.05;0.31;-0.45;-16.73;17.22;21.42
13430;-3.73;1.29;9.91;-0.05;0.31;-0.45;-6.72;11.41;24.08
13439;-3.56;1.04;9.74;-0.05;0.31;-0.45;3.29;4.62;26.53
13448;-3.08;0.74;9.30;-0.05;0.30;-0.47;12.46;1.75;28.56
13456;-3.37;0.82;9.04;-0.05;0.30;-0.47;15.19;-3.36;33.39
13465;-3.13;0.69;8.97;-0.05;0.30;-0.47;14.56;-2.59;31.15
13474;-3.03;0.76;8.99;-0.06;0.30;-0.46;8.47;0.42;28.35
13483;-3.09;0.71;9.08;-0.06;0.30;-0.46;1.68;4.20;25.90
13491;-3.02;0.60;9.07;-0.06;0.30;-0.46;-5.81;9.80;20.44
13500;-3.14;0.61;9.30;-0.05;0.30;-0.47;-10.36;12.11;18.90
13509;-3.33;0.44;9.38;-0.05;0.30;-0.47;-11.13;13.51;18.41
13518;-3.37;0.43;9.45;-0.05;0.30;-0.47;-8.61;13.09;20.23
13527;-3.35;0.51;9.43;-0.05;0.30;-0.46;-3.29;8.54;25.97
13535;-3.35;0.57;9.35;-0.05;0.30;-0.46;2.31;3.50;28.70
13544;-2.80;0.56;9.16;-0.05;0.30;-0.46;6.44;-1.26;30.94
13553;-2.73;0.65;9.04;-0.05;0.31;-0.46;8.05;-3.78;32.06
13562;-2.63;0.67;8.67;-0.05;0.31;-0.46;5.39;-3.99;29.82
13571;-2.40;0.80;8.56;-0.05;0.31;-0.46;0.14;-4.06;26.32
13579;-2.42;0.84;8.68;-0.05;0.31;-0.46;-4.48;-2.73;19.88
13588;-2.68;0.88;8.72;-0.05;0.31;-0.46;-10.99;-0.63;11.55
13597;-2.94;0.71;9.04;-0.05;0.31;-0.46;-35.70;4.69;6.09
13606;-3.20;0.55;9.43;-0.05;0.30;-0.46;-24.43;7.70;5.74
13615;-3.42;0.52;9.53;-0.05;0.30;-0.46;-25.76;8.89;9.38
13623;-3.55;0.58;9.73;-0.05;0.30;-0.45;-22.61;6.93;16.10
13632;-3.48;0.52;9.58;-0.06;0.30;-0.45;-13.23;0.07;21.70
13641;-3.42;0.75;9.48;-0.06;0.30;-0.45;-3.92;-7.49;24.92
13650;-3.22;0.59;9.18;-0.05;0.30;-0.47;3.85;-14.14;25.55
13659;-3.06;0.69;9.04;-0.05;0.30;-0.47;5.67;-20.37;26.32
13667;-3.10;0.78;8.69;-0.05;0.30;-0.47;-2.17;-14.84;20.86
13676;-3.08;0.70;8.48;-0.07;0.30;-0.46;-13.86;-9.59;15.47
13685;-3.00;0.72;8.71;-0.07;0.30;-0.46;-21.00;-5.32;10.71
13694;-3.04;0.58;9.02;-0.07;0.30;-0.46;-29.54;0.56;6.72
13703;-3.10;0.47;8.94;-0.07;0.29;-0.46;-31.92;5.60;5.46
13711;-3.18;0.53;9.24;-0.07;0.29;-0.46;-28.91;9.24;6.23
13720;-3.17;0.52;9.08;-0.07;0.29;-0.46;-22.40;8.40;6.72
13729;-3.26;0.65;8.94;-0.06;0.29;-0.45;-14.91;5.11;5.67
13738;-3.46;0.64;8.58;-0.06;0.29;-0.45;-8.68;-17.57;6.02
13747;-3.56;0.56;8.42;-0.06;0.29;-0.45;-6.72;-1.75;6.93
13756;-3.34;0.54;7.80;-0.07;0.29;-0.46;-8.82;-4.69;10.36
13765;-3.10;0.54;7.91;-0.07;0.29;-0.46;-14.14;-6.23;13.16
13773;-2.89;0.55;7.87;-0.07;0.29;-0.46;-18.27;-9.73;10.99
13782;-2.62;0.75;8.15;-0.06;0.28;-0.44;-18.69;-12.04;7.77
13791;-2.78;0.95;8.31;-0.06;0.28;-0.44;-18.41;-13.79;2.87
13800;-3.19;0.98;8.50;-0.06;0.28;-0.44;-21.42;-9.38;-0.84
13809;-3.21;1.02;8.89;-0.06;0.27;-0.45;-27.79;-3.15;-2.10
13818;-3.55;1.06;9.12;-0.06;0.27;-0.45;-32.48;3.78;0.49
13826;-3.73;1.12;9.14;-0.06;0.27;-0.45;-32.20;7.00;3.71
13835;-3.69;1.21;7.39;-0.07;0.26;-0.45;-27.37;4.76;6.30
13844;-3.52;1.17;9.30;-0.07;0.26;-0.45;-21.77;-0.63;7.91
13853;-3.32;1.25;9.01;-0.07;0.26;-0.45;-16.24;-4.90;9.24
13862;-3.35;1.60;9.09;-0.07;0.27;-0.45;-11.69;-9.24;8.19
13870;-3.28;1.51;8.83;-0.07;0.27;-0.45;-10.99;-11.83;4.90
13879;-3.22;1.44;8.88;-0.07;0.27;-0.45;-12.88;-13.51;5.39
13888;-3.08;1.39;9.03;-0.07;0.27;-0.44;-14.56;-10.43;3.29
13897;-2.95;1.35;9.25;-0.07;0.27;-0.44;-15.75;-6.86;1.82
13906;-3.01;1.44;9.48;-0.07;0.26;-0.43;-14.56;-3.92;-0.35
13914;-3.09;1.41;9.58;-0.07;0.26;-0.43;-13.23;-0.35;0.14
13923;-3.21;1.42;9.53;-0.07;0.26;-0.43;-11.13;3.01;0.49
13932;-3.31;1.40;9.41;-0.07;0.26;-0.45;-9.38;3.71;1.40
13941;-3.04;1.33;9.40;-0.07;0.26;-0.45;-6.23;2.03;2.94
13950;-3.00;1.50;9.28;-0.07;0.26;-0.45;-1.40;-0.56;3.64
13959;-2.93;1.48;8.92;-0.06;0.26;-0.45;1.75;-4.20;3.99
13967;-2.80;1.63;8.85;-0.06;0.26;-0.45;2.87;-7.21;4.06
13976;-2.71;1.63;8.66;-0.06;0.26;-0.45;1.61;-9.80;3.08
13985;-2.67;1.67;8.76;-0.06;0.26;-0.43;0.63;-10.64;2.10
13994;-2.62;1.82;8.97;-0.06;0.26;-0.43;-1.33;-10.64;0.84
14003;-2.59;1.79;9.18;-0.06;0.26;-0.43;-3.50;-10.15;1.05
14011;-2.51;1.74;9.39;-0.06;0.26;-0.44;-4.55;-8.12;0.91
14020;-2.57;1.74;9.60;-0.06;0.26;-0.44;-5.11;-5.67;1.96
14029;-2.53;1.63;9.51;-0.06;0.26;-0.44;-5.25;-2.87;3.43
14038;-2.58;1.85;9.55;-0.07;0.26;-0.44;-5.32;0.56;3.64
14047;-2.55;1.90;9.60;-0.07;0.26;-0.44;-2.73;2.38;1.33
14055;-2.60;1.96;9.38;-0.07;0.26;-0.44;-0.49;2.66;-2.45
14064;-2.61;1.90;9.23;-0.07;0.26;-0.44;-0.28;4.55;-4.69
14073;-2.91;1.66;10.99;-0.07;0.26;-0.44;-2.10;4.62;-6.58
14082;-3.00;1.57;9.30;-0.07;0.26;-0.44;-1.96;1.05;-6.23
14091;-3.01;1.39;9.32;-0.07;0.26;-0.43;1.19;-4.76;-4.97
14100;-3.13;1.35;9.58;-0.07;0.26;-0.43;5.11;-7.91;-3.29
14108;-3.27;1.36;9.66;-0.07;0.26;-0.43;7.91;-7.35;-1.68
14117;-3.35;1.15;9.68;-0.07;0.26;-0.43;7.98;-3.78;-0.42
14126;-3.37;1.19;9.51;-0.07;0.26;-0.43;8.19;1.82;-0.14
14135;-3.45;1.12;9.41;-0.07;0.26;-0.43;7.63;5.81;0.00
14144;-3.41;1.13;9.05;-0.07;0.26;-0.43;6.30;9.31;-0.21
14152;-3.40;1.13;9.11;-0.07;0.26;-0.43;4.13;12.39;0.07
14161;-3.47;1.20;7.40;-0.07;0.26;-0.43;2.24;12.11;-0.63
14170;-3.48;1.22;9.17;-0.06;0.27;-0.45;3.78;9.03;-1.82
14179;-3.40;1.06;9.20;-0.06;0.27;-0.45;6.02;4.55;-1.26
14188;-3.29;1.06;9.07;-0.06;0.26;-0.45;7.07;2.10;1.96
14196;-3.21;1.06;9.28;-0.07;0.26;-0.45;7.98;0.49;3.99
14205;-2.96;1.19;9.19;-0.07;0.26;-0.45;10.22;0.28;3.92
14214;-2.91;1.18;9.29;-0.06;0.27;-0.44;12.67;1.26;3.71
14223;-2.87;1.28;9.04;-0.06;0.27;-0.44;12.74;3.43;3.15
14232;-2.98;1.41;8.96;-0.06;0.27;-0.44;11.62;6.09;2.24
14240;-2.90;1.39;8.92;-0.06;0.27;-0.43;8.40;8.89;0.00
14249;-3.12;1.36;8.79;-0.06;0.27;-0.43;6.02;10.43;-1.05
14258;-3.38;1.22;8.79;-0.06;0.27;-0.43;3.71;9.94;-2.24
14267;-3.39;1.15;8.69;-0.06;0.27;-0.44;1.33;9.31;-2.80
14276;-3.45;1.04;8.67;-0.06;0.27;-0.44;0.42;8.05;-1.96
14284;-3.52;1.06;8.74;-0.06;0.27;-0.44;0.98;5.39;-2.45
14293;-3.58;0.96;8.74;-0.06;0.27;-0.45;2.80;1.68;-1.40
14302;-3.62;0.88;8.67;-0.06;0.27;-0.45;4.20;0.21;0.00
14311;-3.67;1.11;8.87;-0.06;0.27;-0.45;4.34;-0.56;1.05
14320;-3.65;1.16;8.74;-0.06;0.27;-0.44;3.92;-0.21;0.91
14329;-3.56;1.12;8.77;-0.06;0.27;-0.44;2.73;0.42;0.07
14338;-3.64;1.11;8.69;-0.06;0.27;-0.44;1.05;1.05;-1.12
14346;-5.46;1.18;8.85;-0.05;0.27;-0.44;-0.42;1.82;-1.75
14355;-3.68;0.96;8.88;-0.05;0.27;-0.44;-1.33;4.13;-1.61
14364;-3.86;0.94;8.89;-0.05;0.27;-0.44;-1.47;5.95;-1.47
14373;-3.83;1.03;8.81;-0.06;0.27;-0.45;-1.19;7.07;-0.49
14382;-3.98;0.90;8.66;-0.06;0.27;-0.45;-1.47;5.81;1.33
14391;-3.91;1.01;8.61;-0.06;0.27;-0.45;-0.84;3.36;3.36
14399;-3.78;1.13;8.65;-0.06;0.27;-0.44;-1.61;0.28;5.04
14408;-3.67;1.27;8.68;-0.06;0.27;-0.44;-2.24;-2.80;4.97
14417;-3.58;1.31;8.87;-0.06;0.27;-0.44;-1.61;-4.69;4.06
14426;-3.42;1.32;8.97;-0.05;0.26;-0.45;-2.03;-4.55;3.57
14435;-3.29;1.31;9.03;-0.05;0.26;-0.45;-2.24;-3.15;2.87
14444;-3.40;1.40;9.02;-0.05;0.26;-0.45;-1.89;-1.82;1.33
14453;-3.36;1.39;8.97;-0.06;0.27;-0.45;-1.47;-0.28;1.12
14461;-3.57;1.28;8.78;-0.06;0.27;-0.45;-1.19;0.77;1.05
14470;-3.57;1.28;8.72;-0.07;0.27;-0.45;-1.26;0.56;1.96
14479;-3.55;1.31;8.67;-0.07;0.27;-0.45;-0.84;-0.07;2.59
14488;-3.50;1.22;8.70;-0.07;0.27;-0.45;-1.05;-0.70;2.59
14497;-3.55;1.38;8.79;-0.05;0.26;-0.44;-2.31;-1.82;2.17
14505;-3.50;1.18;8.97;-0.05;0.26;-0.44;-2.24;-1.68;1.40
14514;-3.62;1.17;8.89;-0.05;0.26;-0.44;-2.38;-1.96;1.54
14523;-3.50;1.09;8.91;-0.05;0.27;-0.43;-1.82;-2.59;2.31
14532;-3.47;1.11;8.85;-0.05;0.27;-0.43;-0.49;-3.71;3.01
14541;-3.44;1.13;8.77;-0.05;0.27;-0.43;0.56;-4.27;3.15
14549;-3.40;1.17;8.79;-0.06;0.27;-0.44;0.84;-4.27;2.03
14558;-3.45;1.26;8.78;-0.06;0.27;-0.44;-0.91;-3.92;0.98
14567;-3.45;1.13;8.82;-0.06;0.27;-0.44;-2.94;-2.87;0.14
14576;-3.52;1.22;8.84;-0.06;0.27;-0.44;-4.27;-1.89;0.00
14585;-3.73;1.08;9.02;-0.06;0.27;-0.44;-4.41;-1.47;0.98
14593;-3.82;1.08;9.06;-0.06;0.27;-0.44;-3.43;-1.47;2.87
14602;-3.89;1.11;9.13;-0.06;0.27;-0.44;-1.12;-1.75;4.41
14611;-3.92;1.26;9.11;-0.06;0.27;-0.44;0.42;-2.17;6.23
14620;-3.85;1.35;8.95;-0.06;0.27;-0.44;1.47;-2.80;5.53
14629;-3.62;1.28;9.02;-0.06;0.26;-0.45;2.10;-2.87;4.90
14637;-3.60;1.34;8.98;-0.06;0.26;-0.45;0.56;-2.59;4.41
14646;-3.54;1.39;8.92;-0.06;0.26;-0.45;0.14;-1.61;3.64
14655;-3.42;1.42;9.03;-0.06;0.26;-0.44;-0.56;-2.24;2.52
14664;-3.36;1.48;8.90;-0.06;0.26;-0.44;-0.35;-1.82;1.82
14673;-3.39;1.44;8.87;-0.06;0.26;-0.44;-0.07;-2.17;1.12
14681;-3.40;1.39;8.93;-0.06;0.26;-0.43;-0.28;-0.91;1.33
14690;-3.43;1.29;8.91;-0.06;0.26;-0.43;-0.63;-0.63;1.26
14699;-3.49;1.34;8.99;-0.06;0.26;-0.43;-0.21;-0.63;1.61
14708;-3.58;1.39;8.92;-0.06;0.27;-0.44;0.91;-0.84;1.19
14717;-3.56;1.22;8.86;-0.06;0.27;-0.44;0.56;-0.91;1.05
14725;-3.65;1.31;8.78;-0.06;0.27;-0.44;-0.49;-1.26;1.05
14734;-3.70;1.21;8.87;-0.06;0.27;-0.45;-0.63;-1.54;1.05
14743;-3.73;1.10;9.00;-0.06;0.27;-0.45;-1.26;-1.40;0.84
14752;-3.73;1.16;9.01;-0.06;0.27;-0.45;-0.84;-1.68;1.19
14761;-3.74;1.11;8.91;-0.06;0.27;-0.45;0.00;-1.26;1.68
14770;-3.77;1.23;8.96;-0.06;0.27;-0.45;0.77;-0.84;2.24
14778;-3.63;1.26;8.96;-0.06;0.28;-0.44;0.91;-0.49;1.61
14787;-3.56;1.16;8.90;-0.06;0.28;-0.44;0.42;-0.49;1.33
14796;-3.56;1.21;8.99;-0.06;0.28;-0.44;0.14;17.64;0.42
14805;-3.50;1.21;8.92;-0.06;0.28;-0.44;-0.07;0.28;0.07
14813;-3.60;1.26;8.97;-0.06;0.28;-0.44;-0.28;0.35;-0.07
14822;-3.57;1.24;8.90;-0.06;0.28;-0.44;-0.28;-1.05;0.07
14831;-3.52;1.23;8.95;-0.05;0.27;-0.45;0.07;-0.63;0.42
14840;-3.63;1.15;8.93;-0.05;0.27;-0.45;0.28;0.42;0.77
14849;-3.60;1.19;8.86;-0.05;0.27;-0.45;0.21;1.26;0.77
14857;-3.61;1.16;8.76;-0.06;0.27;-0.44;-0.21;0.91;0.63
14866;-3.65;1.16;8.69;-0.06;0.27;-0.44;-0.77;-0.63;0.63
14875;-3.69;1.18;8.79;-0.06;0.27;-0.44;-1.05;-1.89;0.56
14884;-3.55;1.13;8.89;-0.06;0.27;-0.45;-1.75;-2.03;0.28
14893;-3.59;1.10;9.00;-0.06;0.27;-0.45;-1.40;-1.47;0.35
14902;-3.55;1.02;9.04;-0.06;0.27;-0.45;-1.12;-0.63;0.00
14910;-3.57;1.12;8.93;-0.06;0.28;-0.45;0.21;-0.14;-17.85
14919;-3.59;1.16;8.80;-0.06;0.28;-0.45;1.19;-0.42;0.21
14928;-3.51;1.15;8.88;-0.06;0.28;-0.45;1.33;-1.61;0.00
14937;-3.59;1.06;8.93;-0.06;0.27;-0.45;1.33;-0.98;0.07
14945;-3.65;1.12;9.02;-0.06;0.27;-0.45;1.05;-0.35;1.05
14954;-3.60;1.07;8.94;-0.06;0.27;-0.45;1.40;-0.14;1.75
14963;-3.61;1.21;8.97;-0.05;0.27;-0.45;3.08;-0.98;1.82
14972;-3.70;1.16;8.77;-0.05;0.27;-0.45;3.29;-1.12;2.31
14981;-3.50;1.18;8.81;-0.05;0.27;-0.45;2.66;-0.77;2.52
14989;-3.50;1.23;8.90;-0.05;0.28;-0.43;2.03;-0.77;2.10
14998;-3.60;1.17;8.79;-0.05;0.28;-0.43;1.33;-1.19;1.47
complete
