Time(ms);AccX(m/s^2);AccY(m/s^2);AccZ(m/s^2);MagX(gauss);MagY(gauss);MagZ(gauss);GyroX(dps);GyroY(dps);GyroZ(dps)
32;-3.12;0.15;9.14;0.04;0.39;-0.43;-4.35;-5.62;0.08
41;-3.15;0.19;9.05;0.04;0.39;-0.43;-4.29;-5.62;-0.31
50;-3.10;0.21;9.11;0.04;0.39;-0.43;-4.45;-5.18;-0.26
58;-3.14;0.21;8.94;0.04;0.39;-0.43;-3.88;-4.83;-0.46
67;-3.08;0.18;9.12;0.04;0.39;-0.43;-3.88;-4.71;-0.58
76;-3.16;0.14;9.06;0.04;0.39;-0.43;-3.46;-4.62;-0.89
85;-3.14;0.10;9.07;0.04;0.39;-0.43;-4.03;-4.46;-0.77
93;-3.13;0.12;9.12;0.04;0.39;-0.43;-4.41;-3.88;-0.76
102;-3.09;0.16;9.14;0.04;0.39;-0.43;-4.40;-3.54;-0.77
111;-3.11;0.19;8.98;0.04;0.38;-0.43;-3.95;-3.46;-1.20
120;-3.12;0.20;9.04;0.04;0.38;-0.43;-4.16;-3.42;-1.13
129;-3.10;0.20;8.91;0.04;0.38;-0.43;-3.94;-3.05;-1.07
137;-3.06;0.22;8.95;0.04;0.39;-0.43;-3.59;-2.38;-1.26
146;-3.09;0.17;9.15;0.04;0.39;-0.43;-2.57;-2.31;-1.40
155;-3.14;0.15;9.08;0.04;0.39;-0.43;-1.99;-1.82;-1.49
164;-3.08;0.10;9.18;0.04;0.39;-0.43;-2.13;-1.74;-1.62
172;-3.14;0.09;9.12;0.04;0.39;-0.43;-2.15;-0.99;-1.60
181;-3.09;0.11;9.03;0.04;0.39;-0.42;-2.14;-0.45;-1.51
190;-3.12;0.13;9.12;0.05;0.39;-0.42;-2.09;-0.21;-1.32
199;-3.14;0.19;9.07;0.05;0.39;-0.42;-1.88;0.00;-1.34
207;-3.13;0.17;9.11;0.04;0.39;-0.44;-1.35;0.00;-1.38
216;-3.09;0.19;9.16;0.04;0.39;-0.44;-1.20;0.15;-1.27
225;-3.17;0.14;9.03;0.04;0.39;-0.44;-0.86;0.40;-1.13
234;-3.12;0.19;9.09;0.05;0.39;-0.43;-0.94;0.95;-0.81
242;-3.08;0.16;9.02;0.05;0.39;-0.43;-1.20;1.14;-1.01
251;-3.12;0.13;9.03;0.05;0.39;-0.43;-1.07;0.72;-0.89
260;-3.12;0.14;9.09;0.04;0.39;-0.43;-0.97;0.94;-0.71
268;-3.10;0.18;9.02;0.04;0.39;-0.43;-1.15;0.90;-0.76
277;-3.15;0.15;9.05;0.04;0.39;-0.43;-1.01;0.47;-0.74
286;-3.09;0.16;9.11;0.04;0.39;-0.43;-0.87;0.50;-0.76
295;-3.08;0.16;9.05;0.04;0.39;-0.43;-0.91;0.47;-0.85
303;-3.13;0.14;9.09;0.04;0.39;-0.43;-1.05;0.60;-0.93
312;-3.12;0.16;9.06;0.04;0.40;-0.43;-0.94;0.52;-0.96
321;-3.14;0.17;9.11;0.04;0.40;-0.43;-0.94;0.34;-0.82
330;-3.13;0.17;9.05;0.04;0.40;-0.43;-1.09;0.68;-0.94
338;-3.10;0.16;9.08;0.04;0.39;-0.43;-1.64;0.86;-0.81
347;-3.12;0.18;9.11;0.04;0.39;-0.43;-1.86;1.10;-0.57
356;-3.07;0.23;9.05;0.04;0.39;-0.43;-1.27;0.56;-0.63
364;-3.07;0.21;9.11;0.04;0.39;-0.43;-0.77;0.17;-0.85
373;-3.09;0.16;9.12;0.04;0.39;-0.43;-0.33;-0.13;-0.73
382;-3.09;0.14;9.01;0.04;0.39;-0.43;-0.62;-0.41;-0.64
391;-3.12;0.13;9.11;0.04;0.39;-0.43;-0.67;-0.46;-0.46
399;-3.12;0.14;9.05;0.04;0.39;-0.43;-0.63;-0.65;-0.47
408;-3.14;0.12;9.06;0.04;0.39;-0.43;-1.41;-0.76;-0.60
417;-3.16;0.18;9.13;0.05;0.39;-0.43;-2.09;-0.38;-0.75
426;-3.13;0.16;9.01;0.05;0.39;-0.43;-2.11;-0.91;-0.96
434;-3.11;0.20;9.06;0.05;0.39;-0.43;-1.72;-0.73;-0.73
443;-3.15;0.17;8.89;0.04;0.39;-0.43;-0.95;-0.70;-0.91
452;-3.12;0.11;9.03;0.04;0.39;-0.43;-1.53;-0.71;-0.89
461;-3.13;0.09;9.11;0.04;0.39;-0.43;-1.77;-0.40;-0.95
469;-3.11;0.12;9.16;0.04;0.39;-0.43;-2.06;-0.54;-0.86
478;-3.08;0.19;9.01;0.04;0.39;-0.43;-1.78;-0.20;-0.67
487;-3.08;0.19;9.05;0.04;0.39;-0.43;-1.44;-0.55;-0.81
496;-3.09;0.20;9.03;0.05;0.39;-0.44;-0.95;-1.01;-0.59
504;-3.11;0.13;9.09;0.05;0.39;-0.44;-0.75;-1.33;-0.79
513;-3.19;0.09;9.16;0.05;0.39;-0.44;-1.01;-1.33;-0.76
522;-3.33;0.06;9.14;0.04;0.39;-0.42;-1.56;-0.57;-0.78
531;-3.20;0.11;9.16;0.04;0.39;-0.42;-2.63;-0.23;-0.64
539;-3.11;0.15;9.13;0.04;0.39;-0.42;-2.63;-0.12;-0.64
548;-3.10;0.20;9.07;0.04;0.39;-0.44;-2.57;-0.07;-0.82
557;-3.08;0.24;9.04;0.04;0.39;-0.44;-1.96;-0.10;-0.70
566;-3.06;0.23;9.00;0.04;0.39;-0.44;-1.33;-0.69;-0.78
574;-3.07;0.16;9.11;0.04;0.39;-0.43;-0.36;-1.09;-0.97
583;-3.14;0.08;9.18;0.04;0.39;-0.43;-0.74;-1.12;-0.99
592;-3.19;0.05;9.15;0.04;0.39;-0.44;-1.70;-0.99;-1.03
601;-3.13;0.12;9.09;0.04;0.39;-0.44;-2.13;-0.75;-0.76
609;-3.14;0.15;9.17;0.04;0.39;-0.44;-2.49;-0.45;-0.80
618;-3.06;0.21;9.00;0.05;0.39;-0.43;-2.46;-0.49;-0.81
627;-3.05;0.22;9.05;0.05;0.39;-0.43;-1.82;-1.08;-0.71
636;-3.05;0.19;9.02;0.05;0.39;-0.43;-1.08;-1.50;-0.58
644;-3.14;0.16;9.06;0.05;0.39;-0.42;-1.08;-1.28;-0.60
653;-3.21;0.12;9.13;0.05;0.39;-0.42;-1.44;-0.70;-0.77
662;-3.21;0.11;9.09;0.05;0.39;-0.42;-1.94;-0.14;-0.69
670;-3.19;0.13;9.04;0.04;0.39;-0.44;-2.50;0.28;-0.83
679;-3.11;0.15;9.01;0.04;0.39;-0.44;-2.45;0.42;-0.95
688;-3.10;0.22;9.07;0.04;0.39;-0.44;-2.09;0.52;-0.88
697;-3.10;0.20;9.04;0.04;0.39;-0.43;-1.62;0.15;-0.95
705;-3.06;0.19;9.08;0.04;0.39;-0.43;-0.90;-0.40;-0.99
714;-3.05;0.14;9.06;0.04;0.39;-0.43;-0.77;-0.53;-0.83
723;-3.13;0.13;9.11;0.05;0.39;-0.43;-1.09;-0.36;-0.74
732;-3.05;0.11;9.08;0.05;0.39;-0.43;-1.38;-0.51;-0.77
740;-3.13;0.11;9.05;0.05;0.39;-0.43;-1.91;-0.44;-0.74
749;-3.08;0.11;9.05;0.04;0.39;-0.43;-2.03;-0.46;-0.46
758;-3.12;0.16;8.99;0.04;0.39;-0.43;-2.04;-0.38;-0.49
767;-3.07;0.18;9.10;0.04;0.39;-0.43;-1.93;-0.48;-0.55
776;-3.11;0.19;9.12;0.04;0.39;-0.43;-1.63;-0.47;-0.60
784;-3.08;0.19;9.05;0.04;0.39;-0.43;-1.56;-0.60;-0.63
793;-3.13;0.13;9.11;0.04;0.39;-0.43;-1.52;-0.83;-0.80
802;-3.14;0.13;9.12;0.03;0.39;-0.42;-1.29;-0.85;-0.61
810;-3.12;0.11;9.13;0.03;0.39;-0.42;-1.82;-0.73;-0.86
819;-3.13;0.11;9.06;0.03;0.39;-0.42;-1.21;-0.64;-0.81
828;-3.12;0.12;9.04;0.05;0.39;-0.43;-1.75;-0.67;-0.66
837;-3.11;0.13;9.03;0.05;0.39;-0.43;-1.60;-0.40;-0.77
845;-3.09;0.17;9.09;0.05;0.39;-0.43;-2.07;-0.31;-0.69
854;-3.14;0.21;8.94;0.05;0.39;-0.43;-1.42;-0.31;-0.54
863;-3.10;0.21;9.09;0.05;0.39;-0.43;-1.12;-0.60;-0.75
872;-3.17;0.17;9.09;0.05;0.39;-0.43;-1.12;-0.61;-0.74
880;-3.13;0.17;9.06;0.04;0.39;-0.44;-0.90;-0.52;-0.78
889;-3.10;0.14;9.24;0.04;0.39;-0.44;-1.06;-0.67;-0.94
898;-3.15;0.09;9.08;0.04;0.39;-0.44;-1.51;-0.48;-0.94
907;-3.10;0.09;9.13;0.05;0.39;-0.43;-1.78;-0.19;-0.72
