Time(ms);AccX(m/s^2);AccY(m/s^2);AccZ(m/s^2);MagX(gauss);MagY(gauss);MagZ(gauss);GyroX(dps);GyroY(dps);GyroZ(dps)
32;-1.14;-9.79;-1.95;0.07;0.94;-0.09;0.21;-6.65;3.64
41;-1.15;-9.87;-1.99;0.07;0.94;-0.09;-0.91;-7.14;2.10
50;-1.12;-9.85;-1.81;0.07;0.94;-0.09;-2.31;-7.63;1.47
59;-1.23;-9.88;-1.66;0.07;0.94;-0.09;-3.15;-7.56;1.05
67;-1.26;-9.91;-1.41;0.07;0.94;-0.09;-3.85;-7.49;0.56
76;-1.22;-9.96;-1.26;0.07;0.94;-0.09;-3.29;-6.58;0.49
85;-1.26;-9.98;-1.11;0.07;0.94;-0.10;-3.08;-5.53;0.77
94;-1.28;-9.98;-1.18;0.07;0.94;-0.10;-2.59;-4.97;0.98
102;-1.16;-9.88;-1.07;0.07;0.94;-0.10;-3.22;-4.69;0.56
111;-1.13;-9.87;-1.14;0.07;0.94;-0.09;-3.50;-4.41;0.14
120;-1.13;-9.83;-0.95;0.07;0.94;-0.09;-3.08;-4.13;-0.14
129;-1.18;-9.76;-1.15;0.07;0.94;-0.09;-3.01;-3.92;-0.49
137;-1.19;-9.81;-1.23;0.07;0.94;-0.10;-2.94;-2.87;-0.91
146;-1.13;-9.80;-1.11;0.07;0.94;-0.10;-3.36;-2.24;-1.82
155;-1.06;-9.82;-1.30;0.07;0.94;-0.10;-3.36;-1.61;-1.82
164;-1.15;-9.96;-1.36;0.07;0.94;-0.09;-3.64;-1.12;-2.45
172;-1.23;-9.99;-1.38;0.07;0.94;-0.09;-2.73;-0.49;-1.96
181;-1.21;-10.09;-1.31;0.07;0.95;-0.09;-2.17;0.07;-2.03
190;-1.32;-10.04;-1.30;0.07;0.95;-0.09;-1.68;0.77;-1.47
199;-1.33;-10.01;-1.28;0.07;0.95;-0.09;-1.19;1.33;-0.98
208;-1.43;-9.96;-1.40;0.07;0.95;-0.08;-0.84;0.84;-0.35
216;-1.42;-9.92;-1.36;0.07;0.95;-0.08;-0.14;-0.21;0.28
225;-1.38;-9.96;-1.37;0.07;0.95;-0.08;17.71;-0.56;0.42
234;-1.40;-9.94;-1.24;0.07;0.94;-0.07;0.14;-1.33;0.14
242;-1.40;-9.87;-1.26;0.07;0.94;-0.07;-0.14;-1.12;-0.21
251;-1.30;-9.93;-1.04;0.07;0.94;-0.07;-0.63;-0.49;-0.14
260;-1.29;-9.91;-1.03;0.06;0.94;-0.09;-0.98;0.91;0.00
269;-1.31;-9.91;-0.96;0.06;0.94;-0.09;-0.07;1.40;0.07
278;-1.34;-9.93;-0.98;0.06;0.94;-0.09;0.56;2.17;0.07
286;-1.16;-9.88;-1.08;0.07;0.94;-0.08;1.12;2.52;0.07
295;-1.16;-9.86;-1.10;0.07;0.94;-0.08;1.61;2.94;0.56
304;-1.13;-9.90;-1.20;0.07;0.94;-0.08;1.47;2.87;0.49
312;-0.99;-9.93;-1.16;0.07;0.95;-0.09;1.26;2.52;0.28
321;-1.07;-9.93;-1.35;0.07;0.95;-0.09;1.26;1.68;0.21
330;-1.12;-9.99;-1.34;0.07;0.95;-0.09;0.49;1.33;-0.49
338;-1.16;-9.99;-1.34;0.07;0.94;-0.08;-0.77;1.05;-0.35
347;-1.17;-9.89;-1.29;0.07;0.94;-0.08;-1.33;1.19;-0.14
356;-1.17;-9.87;-1.32;0.07;0.94;-0.08;-1.12;1.12;0.35
365;-1.20;-9.88;-1.26;0.07;0.94;-0.09;-0.21;1.19;0.42
374;-1.29;-9.74;-1.28;0.07;0.94;-0.09;0.35;1.47;0.98
382;-1.18;-9.80;-1.17;0.07;0.94;-0.09;0.56;0.77;0.84
391;-1.27;-9.74;-1.18;0.06;0.95;-0.09;0.84;0.84;0.70
400;-1.21;-9.73;-1.21;0.06;0.95;-0.09;1.40;0.91;0.28
408;-1.21;-9.60;-1.21;0.06;0.95;-0.09;1.33;0.98;-0.49
417;-1.21;-9.69;-1.22;0.06;0.95;-0.08;0.77;0.91;-1.68
426;-1.20;-9.77;-1.32;0.06;0.95;-0.08;-0.14;0.35;-2.31
435;-1.28;-9.90;-1.36;0.06;0.95;-0.08;-0.21;0.21;-2.66
443;-1.21;-10.06;-1.35;0.07;0.94;-0.09;-0.63;-0.28;-2.59
452;-1.19;-10.09;-1.36;0.07;0.94;-0.09;-0.21;-0.42;-1.89
461;-1.18;-10.20;-1.26;0.07;0.94;-0.09;0.28;-0.28;-1.40
470;-1.25;-10.22;-1.26;0.06;0.95;-0.08;0.28;-0.14;-0.42
479;-1.28;-10.29;-1.21;0.06;0.95;-0.08;0.70;0.14;0.28
487;-1.21;-10.21;-1.19;0.06;0.95;-0.08;0.77;-0.21;0.63
496;-1.31;-10.22;-1.32;0.07;0.93;-0.08;1.40;-0.70;1.68
505;-1.37;-10.10;-1.09;0.07;0.93;-0.08;3.01;-1.12;1.89
514;-1.19;-10.00;-1.13;0.07;0.93;-0.08;3.99;0.77;2.38
523;-1.27;-9.91;-1.27;0.06;0.94;-0.09;2.87;0.91;2.24
531;-1.23;-9.93;-1.49;0.06;0.94;-0.09;1.40;0.98;1.26
540;-1.23;-9.99;-1.51;0.06;0.94;-0.08;0.77;0.70;0.84
549;-1.24;-9.99;-1.42;0.07;0.95;-0.08;0.56;-0.56;0.56
558;-1.28;-10.05;-1.41;0.07;0.95;-0.08;0.63;-0.91;0.91
566;-1.31;-10.08;-1.22;0.07;0.95;-0.10;-0.28;0.00;0.98
575;-1.21;-9.99;-1.26;0.07;0.95;-0.10;-0.28;0.28;1.82
584;-1.36;-9.96;-1.39;0.07;0.95;-0.10;0.07;1.05;2.52
593;-1.17;-10.04;-1.43;0.07;0.94;-0.09;1.33;0.42;2.73
601;-1.16;-9.90;-1.44;0.07;0.94;-0.09;2.03;0.35;2.94
610;-1.17;-9.97;-1.36;0.07;0.94;-0.09;1.54;-0.35;1.96
619;-1.24;-10.08;-1.20;0.07;0.95;-0.09;0.84;17.64;1.68
628;-1.20;-9.99;-1.40;0.07;0.95;-0.09;0.77;-0.42;2.10
636;-1.24;-10.01;-1.27;0.07;0.95;-0.09;0.49;-0.70;1.82
645;-1.28;-10.04;-1.26;0.06;0.94;-0.08;0.77;-0.63;2.31
654;-1.21;-10.01;-1.48;0.06;0.94;-0.08;0.70;-0.98;2.10
663;-1.16;-9.88;-1.43;0.06;0.94;-0.08;0.35;-1.26;1.96
672;-1.11;-9.81;-1.34;0.06;0.95;-0.08;-0.63;-0.42;2.10
680;-1.13;-9.81;-1.38;0.06;0.95;-0.08;-0.98;-0.49;2.10
689;-1.12;-9.83;-1.39;0.06;0.95;-0.08;-0.91;-0.70;1.68
698;-1.16;-9.85;-1.24;0.07;0.95;-0.08;-1.19;-0.63;1.54
707;-1.27;-9.83;-1.20;0.07;0.95;-0.08;-0.49;-0.49;1.54
716;-1.19;-9.81;-1.22;0.07;0.95;-0.08;-0.28;-0.56;1.68
724;-1.26;-9.72;-1.28;0.07;0.94;-0.08;0.14;-0.28;1.33
733;-1.19;-9.72;-1.35;0.07;0.94;-0.08;-0.14;-0.56;1.19
742;-1.08;-9.69;-1.36;0.07;0.94;-0.08;-0.28;-0.63;0.77
751;-1.16;-9.66;-1.29;0.07;0.94;-0.09;-0.70;-0.70;-0.07
759;-1.11;-9.72;-1.41;0.07;0.94;-0.09;-1.19;-0.35;-0.49
768;-1.22;-9.73;-1.46;0.07;0.94;-0.09;-1.12;-0.35;-0.28
777;-1.16;-9.73;-1.39;0.06;0.94;-0.08;-0.56;-0.63;-0.35
786;-1.16;-9.69;-1.42;0.06;0.94;-0.08;-0.98;-0.91;-0.63
794;-1.26;-9.67;-1.42;0.06;0.94;-0.08;-0.63;-0.56;-0.91
803;-1.26;-9.60;-1.28;0.06;0.95;-0.09;-0.98;-0.35;-1.12
812;-1.16;-9.66;-1.28;0.06;0.95;-0.09;-0.98;-0.42;-1.61
821;-1.16;-9.63;-1.22;0.06;0.95;-0.09;-1.19;-0.42;-2.24
830;-1.17;-9.76;-1.26;0.06;0.94;-0.08;-0.56;-0.49;-2.73
838;-1.18;-9.86;-1.49;0.06;0.94;-0.08;-0.42;-0.63;-2.45
847;-1.11;-9.87;-1.36;0.06;0.94;-0.08;-0.56;-0.70;-2.66
856;-1.10;-9.88;-1.34;0.07;0.96;-0.08;-1.33;-0.56;-2.80
865;-1.21;-9.91;-1.24;0.07;0.96;-0.08;-1.89;-0.49;-3.08
873;-1.26;-9.99;-1.22;0.07;0.96;-0.08;-2.17;-0.35;-3.71
882;-1.29;-10.00;-1.25;0.07;0.94;-0.08;-2.66;-0.56;-4.97
891;-1.11;-10.05;-1.39;0.07;0.94;-0.08;-3.22;-0.14;-3.99
900;-1.24;-10.16;-1.37;0.07;0.95;-0.08;-3.64;1.12;-3.22
908;-1.26;-10.09;-1.24;0.07;0.95;-0.08;-4.20;0.70;-3.57
917;-1.32;-10.16;-1.36;0.07;0.95;-0.08;-3.15;0.42;-2.66
926;-1.36;-10.09;-1.30;0.06;0.94;-0.09;-1.96;-0.35;-1.82
935;-1.35;-10.19;-1.25;0.06;0.94;-0.09;-0.63;-1.19;-1.33
943;-1.37;-10.13;-1.14;0.06;0.94;-0.09;0.35;-0.98;-0.70
952;-1.41;-10.02;-1.18;0.06;0.96;-0.08;-0.21;-0.98;-0.56
961;-1.33;-10.01;-1.21;0.06;0.96;-0.08;-0.49;-0.98;-1.12
970;-1.36;-10.04;-1.16;0.06;0.96;-0.08;-1.33;-0.63;-0.98
979;-1.43;-10.06;-1.16;0.05;0.95;-0.07;-1.19;-0.98;-1.40
987;-1.40;-10.06;-1.24;0.05;0.95;-0.07;-1.68;-0.42;-0.91
996;-1.33;-10.15;-1.17;0.05;0.95;-0.07;-1.68;0.07;-0.63
1005;-1.41;-10.13;-1.11;0.06;0.95;-0.10;-2.17;0.14;-0.56
1014;-1.39;-10.08;-1.16;0.06;0.95;-0.10;-2.24;0.28;-0.14
1022;-1.31;-10.12;-1.21;0.06;0.95;-0.10;-2.17;-0.07;0.42
1031;-1.30;-10.03;-1.17;0.06;0.95;-0.08;-1.26;-0.77;0.91
1040;-1.25;-9.94;-1.27;0.06;0.95;-0.08;-0.56;-0.70;1.40
1049;-1.21;-10.01;-1.15;0.06;0.95;-0.08;-0.42;-0.28;1.47
1058;-1.31;-9.89;-1.26;0.07;0.93;-0.08;-0.63;-0.21;0.77
1067;-1.34;-9.86;-1.28;0.07;0.93;-0.08;-0.91;0.49;0.70
1075;-1.14;-9.91;-1.14;0.07;0.93;-0.08;-0.77;0.56;0.56
1084;-1.22;-9.83;-1.16;0.06;0.95;-0.09;-0.70;0.56;0.21
1093;-1.22;-9.81;-1.29;0.06;0.95;-0.09;-0.70;0.77;0.28
1102;-1.32;-9.96;-1.26;0.06;0.95;-0.09;-0.84;0.56;0.14
1111;-1.39;-9.97;-1.29;0.07;0.94;-0.09;-0.91;0.56;0.49
1119;-1.39;-9.92;-1.16;0.07;0.94;-0.09;-0.49;0.49;0.63
1128;-1.36;-9.88;-1.31;0.07;0.94;-0.09;0.35;0.56;1.05
1137;-1.26;-9.87;-1.39;0.06;0.94;-0.09;0.00;0.28;0.98
1146;-1.20;-9.83;-1.30;0.06;0.94;-0.09;0.28;-0.07;0.91
1154;-1.22;-9.82;-1.28;0.06;0.94;-0.09;-0.63;0.00;0.42
1163;-1.24;-9.81;-1.26;0.07;0.93;-0.09;-0.98;0.14;0.14
1172;-1.25;-9.78;-1.13;0.07;0.93;-0.09;-1.47;0.35;0.21
1181;-1.27;-9.78;-1.21;0.07;0.93;-0.09;-0.21;0.84;-0.42
1189;-1.26;-9.86;-1.13;0.07;0.95;-0.08;-0.21;0.84;-0.77
1198;-1.26;-9.92;-1.19;0.07;0.95;-0.08;0.21;1.54;-0.07
1207;-1.23;-9.94;-1.28;0.07;0.95;-0.08;1.05;1.19;0.21
1216;-1.29;-9.97;-1.24;0.06;0.94;-0.08;1.05;1.19;0.14
1224;-1.11;-9.93;-1.33;0.06;0.94;-0.08;0.84;1.33;0.00
1233;-1.13;-9.83;-1.39;0.06;0.95;-0.08;0.49;1.05;-0.07
1242;-1.31;-9.86;-1.42;0.06;0.95;-0.08;-0.07;0.63;0.42
1251;-1.23;-9.85;-1.43;0.06;0.95;-0.08;-0.63;-0.21;-0.28
1260;-1.36;-9.89;-1.39;0.06;0.94;-0.10;-0.35;0.14;0.00
1268;-1.24;-9.84;-1.44;0.06;0.94;-0.10;0.07;-0.21;-0.28
1277;-1.17;-9.86;-1.49;0.06;0.94;-0.10;0.21;-0.07;-0.42
1286;-1.16;-9.80;-1.41;0.07;0.95;-0.08;-1.19;-0.21;-0.42
1295;-1.23;-9.87;-1.31;0.07;0.95;-0.08;-1.61;-0.63;-0.98
1304;-1.19;-9.96;-1.27;0.07;0.95;-0.08;-1.61;-0.21;-1.26
1313;-1.30;-9.92;-1.21;0.06;0.95;-0.09;-1.26;-0.21;-0.84
1322;-1.32;-9.97;-1.36;0.06;0.95;-0.09;-0.77;-0.07;-0.84
1330;-1.24;-9.91;-1.26;0.06;0.95;-0.09;0.21;-0.35;-0.49
1339;-1.18;-10.04;-1.18;0.07;0.95;-0.08;0.14;-0.77;-0.70
1348;-1.28;-9.95;-1.35;0.07;0.95;-0.08;0.21;-1.19;-0.63
1357;-1.20;-9.93;-1.37;0.07;0.95;-0.08;-0.49;-0.84;-1.05
1366;-1.28;-10.04;-1.29;0.06;0.94;-0.09;-1.19;-1.33;-1.05
1374;-1.39;-10.02;-1.29;0.06;0.94;-0.09;-1.61;-1.05;-1.05
1383;-1.31;-10.10;-1.24;0.06;0.94;-0.09;-0.91;-0.70;-0.77
1392;-1.33;-9.96;-1.18;0.05;0.94;-0.09;17.50;-0.21;-0.07
1401;-1.32;-10.04;-1.22;0.05;0.94;-0.09;0.14;-0.14;0.14
1410;-1.23;-10.06;-1.19;0.05;0.94;-0.09;0.42;-0.35;0.21
1418;-1.23;-10.03;-1.28;0.06;0.94;-0.09;0.14;-0.70;0.14
1427;-1.26;-10.00;-1.18;0.06;0.94;-0.09;-0.63;-0.91;-0.35
1436;-1.28;-9.97;-1.22;0.06;0.94;-0.09;-1.33;-0.49;-0.70
1445;-1.47;-9.99;-1.09;0.07;0.95;-0.08;-1.54;0.00;-0.42
1454;-1.44;-10.06;-1.13;0.07;0.95;-0.08;-0.63;0.56;-0.28
1462;-1.39;-9.93;-1.13;0.07;0.95;-0.08;0.28;0.84;0.63
1471;-1.41;-10.01;-1.15;0.06;0.94;-0.09;0.70;0.21;1.33
1480;-1.30;-9.90;-1.18;0.06;0.94;-0.09;1.82;-0.63;0.98
1489;-1.33;-9.88;-1.11;0.06;0.94;-0.09;2.38;-0.35;1.05
1498;-1.36;-9.96;-1.08;0.06;0.95;-0.08;1.19;0.21;0.56
1506;-1.29;-9.88;-1.06;0.06;0.95;-0.08;0.07;0.49;-0.56
1515;-1.39;-9.98;-1.12;0.06;0.95;-0.09;-0.49;1.54;-0.42
1524;-1.44;-9.92;-1.09;0.06;0.95;-0.09;-0.42;1.47;-0.42
1533;-1.38;-9.96;-1.34;0.06;0.95;-0.09;-0.35;0.56;-0.49
1542;-1.34;-9.91;-1.34;0.06;0.94;-0.08;-0.63;0.42;-0.28
1550;-1.43;-9.83;-1.30;0.06;0.94;-0.08;-1.61;-0.28;-0.63
1559;-1.39;-9.90;-1.22;0.06;0.94;-0.08;-1.05;0.00;-0.77
1568;-1.29;-9.89;-1.11;0.07;0.95;-0.09;-0.56;0.56;-0.28
1577;-1.35;-9.91;-1.27;0.07;0.95;-0.09;0.21;1.33;0.56
1586;-1.23;-9.84;-1.23;0.07;0.95;-0.09;0.98;1.54;0.84
1594;-1.33;-9.90;-1.41;0.07;0.94;-0.08;0.98;1.54;0.63
1603;-1.34;-9.78;-1.33;0.07;0.94;-0.08;1.33;1.40;0.49
1612;-1.26;-9.72;-1.34;0.07;0.94;-0.08;0.91;1.05;-0.35
1621;-1.22;-9.76;-1.49;0.07;0.95;-0.08;0.49;0.49;-0.70
1630;-1.14;-9.85;-1.48;0.07;0.95;-0.08;-0.49;0.35;-1.19
1638;-1.20;-9.81;-1.37;0.07;0.95;-0.08;-1.05;0.28;-1.33
1647;-1.21;-9.93;-1.38;0.06;0.94;-0.08;-0.77;0.00;-1.19
1656;-1.21;-9.98;-1.31;0.06;0.94;-0.08;-0.14;-0.07;-1.12
1665;-1.39;-9.90;-1.49;0.06;0.94;-0.08;0.07;0.63;-0.63
1674;-1.32;-9.93;-1.32;0.07;0.95;-0.09;0.42;0.70;-0.56
1682;-1.28;-9.86;-1.44;0.07;0.95;-0.09;0.63;0.70;0.35
1691;-1.23;-9.89;-1.49;0.07;0.95;-0.09;0.49;0.42;0.07
1700;-1.26;-9.96;-1.44;0.06;0.95;-0.09;0.56;0.35;-0.21
1709;-1.36;-9.81;-1.49;0.06;0.95;-0.09;-0.42;-0.07;-0.70
1717;-1.28;-9.86;-1.46;0.06;0.95;-0.09;-0.98;-0.28;-1.05
1726;-1.31;-9.96;-1.54;0.07;0.93;-0.08;-1.19;-1.12;-1.05
1735;-1.36;-10.01;-1.46;0.07;0.93;-0.08;-0.70;-0.91;-0.98
1744;-1.30;-9.96;-1.46;0.07;0.93;-0.08;0.91;-1.19;-0.49
1753;-1.28;-9.98;-1.50;0.06;0.95;-0.08;0.98;-1.33;-0.28
1761;-1.24;-9.97;-1.41;0.06;0.95;-0.08;1.05;-1.54;0.35
1770;-1.20;-9.97;-1.28;0.06;0.95;-0.08;0.00;-1.47;-0.07
1779;-1.18;-9.91;-1.26;0.07;0.94;-0.08;-1.26;-1.19;-0.63
1788;-1.34;-10.04;-1.15;0.07;0.94;-0.08;-2.52;-0.84;-1.47
1797;-1.31;-10.12;-1.07;0.07;0.94;-0.08;-2.45;-0.28;-1.47
1805;-1.37;-10.11;-1.21;0.06;0.94;-0.09;-3.01;0.56;-1.47
1814;-1.44;-10.02;-1.29;0.06;0.94;-0.09;-3.64;1.19;-0.91
1823;-1.51;-10.16;-1.41;0.06;0.95;-0.08;-3.22;1.19;-0.91
1832;-1.35;-9.94;-1.44;0.06;0.95;-0.08;-4.13;0.63;-0.98
1841;-1.23;-9.93;-1.46;0.06;0.95;-0.08;-4.34;0.35;-0.91
1850;-1.36;-9.99;-1.36;0.06;0.94;-0.09;-3.78;-1.12;-1.26
1858;-1.36;-9.91;-1.24;0.06;0.94;-0.09;-3.29;-1.33;-0.63
1867;-1.39;-10.01;-1.16;0.06;0.94;-0.09;-2.38;-1.54;-0.14
1876;-1.44;-10.10;-1.19;0.07;0.94;-0.10;-1.82;-0.98;0.14
1885;-1.46;-10.06;-1.10;0.07;0.94;-0.10;-1.05;-0.42;1.05
1893;-1.34;-9.98;-1.21;0.07;0.94;-0.10;-0.56;-0.28;0.98
1902;-1.29;-9.96;-1.21;0.06;0.95;-0.08;-0.21;0.28;1.19
1911;-1.31;-9.99;-1.22;0.06;0.95;-0.08;-0.42;-0.35;1.26
1920;-1.38;-9.81;-1.27;0.06;0.95;-0.08;-0.98;-0.70;0.70
1928;-1.30;-9.87;-1.35;0.05;0.94;-0.09;-1.96;-1.05;0.14
1937;-1.29;-9.78;-1.22;0.05;0.94;-0.09;-2.17;-1.19;-0.14
1946;-1.33;-9.90;-1.26;0.05;0.94;-0.09;-1.89;-1.33;-0.42
1955;-1.39;-9.84;-1.18;0.06;0.93;-0.09;-1.61;-0.98;-0.49
1964;-1.36;-9.93;-1.25;0.06;0.93;-0.09;-0.98;-0.98;0.00
1972;-1.44;-9.94;-1.13;0.06;0.93;-0.09;-0.28;-0.42;0.14
1981;-1.36;-9.95;-1.21;0.06;0.95;-0.09;0.28;0.28;0.49
1990;-1.31;-9.99;-1.28;0.06;0.95;-0.09;0.56;0.77;1.05
1999;-1.40;-9.96;-1.34;0.06;0.95;-0.09;0.49;0.28;0.84
2007;-1.46;-9.81;-1.46;0.07;0.95;-0.10;0.07;0.00;0.42
2016;-1.28;-9.89;-1.36;0.07;0.95;-0.10;-1.05;-0.91;0.07
2025;-1.21;-9.88;-1.41;0.07;0.95;-0.10;-1.68;-0.98;-0.49
2034;-1.36;-9.95;-1.27;0.06;0.95;-0.09;-1.96;-1.40;-0.35
2043;-1.35;-9.96;-1.28;0.06;0.95;-0.09;-1.47;-1.75;-0.07
2051;-1.34;-9.99;-1.15;0.06;0.95;-0.09;-0.21;-2.03;0.00
2060;-1.34;-10.06;-1.16;0.07;0.94;-0.08;0.21;-0.84;0.63
2069;-1.38;-9.95;-1.23;0.07;0.94;-0.08;0.91;-0.21;0.91
2078;-1.33;-9.86;-1.27;0.07;0.94;-0.08;0.14;-0.07;0.98
2087;-1.38;-9.86;-1.23;0.07;0.94;-0.08;-0.56;-0.07;0.77
2095;-1.31;-9.81;-1.27;0.07;0.94;-0.08;-0.70;-0.56;0.14
2104;-1.28;-9.88;-1.29;0.07;0.94;-0.08;-0.91;-0.56;-0.21
2113;-1.27;-9.87;-1.35;0.06;0.94;-0.09;-1.61;-0.49;-0.70
2122;-1.28;-9.87;-1.23;0.06;0.94;-0.09;-1.75;-0.84;-0.91
2130;-1.34;-10.01;-1.25;0.06;0.95;-0.09;-1.68;-1.12;-1.19
2139;-1.36;-9.99;-1.16;0.06;0.95;-0.09;-1.12;-0.63;-0.49
2148;-1.41;-10.09;-1.22;0.06;0.95;-0.09;-0.91;-0.70;-0.42
2157;-1.36;-10.04;-1.19;0.06;0.94;-0.10;-1.05;-0.42;0.07
2166;-1.36;-9.96;-1.26;0.06;0.94;-0.10;-1.26;0.00;0.56
2174;-1.28;-9.87;-1.20;0.06;0.94;-0.10;-0.84;0.14;0.84
2183;-1.30;-9.96;-1.11;0.06;0.95;-0.08;-1.26;0.21;0.70
2192;-1.34;-9.93;-1.24;0.06;0.95;-0.08;-0.91;-0.35;0.49
2201;-1.43;-9.87;-1.34;0.06;0.95;-0.08;-0.70;-0.21;0.35
2210;-1.39;-9.81;-1.26;0.06;0.95;-0.08;-0.84;-0.63;0.07
2219;-1.34;-9.93;-1.34;0.06;0.95;-0.08;-0.70;-0.91;-0.42
2227;-1.42;-9.86;-1.36;0.06;0.95;-0.08;-1.12;-1.33;-0.28
2236;-1.34;-9.96;-1.28;0.06;0.94;-0.10;-0.98;-1.40;-0.84
2245;-1.37;-9.94;-1.23;0.06;0.94;-0.10;-1.33;-1.40;-1.26
2254;-1.30;-10.06;-1.28;0.06;0.94;-0.10;-0.84;-1.19;-0.56
2263;-1.44;-10.16;-1.26;0.07;0.96;-0.08;-0.70;-0.77;-0.35
2271;-1.41;-10.13;-1.13;0.07;0.96;-0.08;0.00;-0.49;0.49
2280;-1.53;-10.16;-1.21;0.07;0.96;-0.08;-0.07;-0.35;1.05
2289;-1.36;-10.03;-1.30;0.07;0.95;-0.11;0.07;-0.21;1.40
2298;-1.34;-9.98;-1.26;0.07;0.95;-0.11;0.14;-0.56;1.47
2306;-1.36;-9.92;-1.37;0.07;0.95;-0.11;-0.70;-0.98;0.91
2315;-1.31;-9.92;-1.29;0.06;0.94;-0.07;-0.77;-1.33;0.77
2324;-1.28;-9.84;-1.18;0.06;0.94;-0.07;-0.28;-0.84;0.63
2333;-1.30;-9.83;-1.07;0.06;0.94;-0.07;-0.35;-0.63;0.28
2342;-1.34;-9.97;-1.12;0.06;0.94;-0.08;-0.35;-0.28;-0.07
2350;-1.31;-9.89;-1.17;0.06;0.94;-0.08;-0.84;0.00;0.28
2359;-1.38;-9.97;-1.18;0.06;0.94;-0.08;-1.12;-0.21;0.14
2368;-1.29;-9.95;-1.26;0.06;0.94;-0.08;-0.84;-0.35;0.49
2377;-1.41;-10.00;-1.14;0.06;0.94;-0.08;-0.84;-0.63;0.63
2386;-1.43;-9.93;-1.26;0.06;0.94;-0.08;-0.42;0.07;0.84
2394;-1.34;-9.99;-1.20;0.06;0.95;-0.08;0.49;17.85;1.54
2403;-1.31;-9.95;-1.51;0.06;0.95;-0.08;0.14;-0.14;1.19
2412;-1.26;-9.90;-1.35;0.06;0.95;-0.08;-0.07;-0.70;0.84
2421;-1.21;-9.88;-1.39;0.06;0.94;-0.07;-1.26;-1.26;0.35
2430;-1.16;-9.83;-1.32;0.06;0.94;-0.07;-2.17;-1.40;-0.07
2438;-1.34;-9.89;-1.33;0.07;0.94;-0.08;-2.87;-1.61;-0.28
2447;-1.29;-9.96;-1.11;0.07;0.94;-0.08;-2.59;-1.26;0.07
2456;-1.29;-9.87;-1.04;0.07;0.94;-0.08;-2.38;-0.84;0.63
2465;-1.23;-9.80;-1.04;0.07;0.95;-0.09;-1.05;-0.28;0.91
2474;-1.25;-9.96;-1.07;0.07;0.95;-0.09;-0.49;0.28;0.91
2482;-1.26;-9.73;-1.06;0.07;0.95;-0.09;-1.26;0.70;-0.21
2491;-1.23;-9.85;-1.28;0.06;0.94;-0.10;-2.73;0.98;-1.40
2500;-1.25;-9.92;-1.48;0.06;0.94;-0.10;-5.18;0.07;-1.96
2509;-1.32;-9.98;-1.39;0.06;0.94;-0.10;-6.58;-0.63;-2.31
2518;-1.29;-10.08;-1.41;0.06;0.95;-0.09;-7.28;-1.33;-2.38
2527;-1.40;-10.06;-1.13;0.06;0.95;-0.09;-7.56;-1.96;-1.89
2535;-1.37;-10.09;-1.03;0.06;0.95;-0.09;-6.51;-1.82;-1.19
2544;-1.34;-10.02;-0.93;0.05;0.94;-0.10;-5.04;-0.91;-0.42
2553;-1.46;-10.02;-0.90;0.05;0.94;-0.10;-2.94;0.07;0.56
2562;-1.57;-10.04;-1.06;0.05;0.94;-0.10;-1.89;0.42;0.84
2570;-1.51;-9.94;-0.97;0.07;0.95;-0.08;-0.35;0.63;0.98
2579;-1.40;-9.83;-1.09;0.07;0.95;-0.08;0.70;0.70;0.70
2588;-1.39;-9.82;-1.13;0.07;0.95;-0.08;1.19;0.07;0.84
2597;-1.26;-9.76;-1.28;0.07;0.94;-0.09;0.84;-0.63;0.00
2606;-1.24;-9.88;-1.40;0.07;0.94;-0.09;0.00;-0.98;-0.70
2614;-1.44;-9.87;-1.21;0.07;0.94;-0.09;-1.19;-1.68;-1.40
2623;-1.36;-9.92;-1.27;0.06;0.94;-0.09;-2.10;-1.47;-1.05
2632;-1.35;-10.14;-1.12;0.06;0.94;-0.09;-1.75;-1.26;-0.56
2641;-1.54;-10.02;-1.29;0.06;0.94;-0.09;-1.05;-1.05;0.07
2650;-1.36;-10.02;-1.08;0.06;0.95;-0.09;-0.28;-0.56;0.70
2658;-1.33;-9.95;-1.16;0.06;0.95;-0.09;0.63;0.00;1.19
2667;-1.34;-9.96;-1.21;0.06;0.95;-0.09;0.35;-0.28;0.98
2676;-1.35;-9.85;-1.15;0.07;0.94;-0.10;0.35;-0.07;0.91
2685;-1.31;-9.74;-1.27;0.07;0.94;-0.10;0.21;-0.42;0.42
2694;-1.28;-9.78;-1.22;0.07;0.94;-0.10;-0.56;-0.84;0.07
2702;-1.34;-9.81;-1.26;0.06;0.94;-0.10;-0.21;-1.05;-0.28
2711;-1.36;-9.81;-1.13;0.06;0.94;-0.10;0.42;-1.61;0.07
2720;-1.36;-9.84;-1.21;0.06;0.94;-0.09;0.91;-1.47;-0.28
2729;-1.23;-9.76;-1.27;0.07;0.94;-0.09;1.19;-1.40;-17.64
2737;-1.27;-9.76;-1.16;0.07;0.94;-0.09;1.12;-1.12;0.21
2746;-1.23;-9.73;-0.98;0.06;0.95;-0.09;0.49;-1.19;-0.35
2755;-1.27;-9.79;-1.11;0.06;0.95;-0.09;0.21;-0.56;-0.56
2764;-1.37;-9.83;-1.02;0.06;0.95;-0.09;-0.84;-0.35;-0.77
2772;-1.31;-9.82;-1.20;0.06;0.94;-0.09;-1.19;0.00;-0.98
2781;-1.44;-9.85;-1.11;0.06;0.94;-0.09;-1.05;0.28;-1.12
2790;-1.36;-9.89;-1.20;0.06;0.94;-0.09;-0.35;0.14;-0.84
2799;-1.33;-9.83;-1.23;0.06;0.94;-0.09;0.00;-0.14;-0.84
2808;-1.36;-9.84;-1.26;0.06;0.94;-0.09;-0.07;-1.19;-1.40
2816;-1.31;-9.95;-1.25;0.06;0.94;-0.09;-0.63;-1.33;-1.68
2825;-1.39;-9.93;-1.06;0.06;0.94;-0.10;-1.47;-1.54;-1.68
2834;-1.42;-9.93;-1.11;0.06;0.94;-0.10;-1.33;-1.47;-0.84
2843;-1.49;-10.01;-1.08;0.06;0.94;-0.10;-0.07;-1.19;-0.63
2852;-1.37;-9.96;-1.06;0.07;0.95;-0.09;0.07;-0.70;-0.84
2861;-1.39;-10.00;-1.01;0.07;0.95;-0.09;-0.49;17.85;-1.12
2869;-1.41;-9.90;-1.08;0.07;0.95;-0.09;-1.54;0.14;-1.61
2878;-1.46;-9.99;-1.06;0.06;0.94;-0.09;-2.03;0.35;-1.96
2887;-1.49;-10.13;-1.09;0.06;0.94;-0.09;-1.12;0.56;-1.61
2896;-1.43;-10.21;-1.08;0.06;0.94;-0.09;-0.28;0.35;-1.12
2905;-1.51;-10.14;-1.20;0.06;0.94;-0.09;0.49;0.14;-0.28
2914;-1.43;-10.13;-1.19;0.06;0.94;-0.09;0.42;-0.35;0.07
2922;-1.34;-10.09;-1.23;0.06;0.94;-0.09;-0.21;-0.91;0.07
2931;-1.39;-10.09;-1.17;0.07;0.95;-0.10;-1.26;-1.05;0.07
2940;-1.45;-10.03;-1.18;0.07;0.95;-0.10;-1.61;-1.40;-0.28
2949;-1.45;-10.03;-1.03;0.07;0.95;-0.10;-1.89;-0.63;-0.35
2958;-1.44;-10.09;-1.11;0.06;0.94;-0.09;-1.54;-0.35;0.21
2966;-1.39;-10.09;-1.00;0.06;0.94;-0.09;-0.98;0.14;0.70
2975;-1.42;-9.98;-1.18;0.06;0.94;-0.09;-0.14;0.28;0.56
2984;-1.30;-10.04;-1.24;0.06;0.94;-0.08;0.42;0.21;1.05
2993;-1.36;-9.96;-1.23;0.06;0.94;-0.08;-0.21;0.35;0.56
3003;-1.28;-9.95;-1.34;0.07;0.94;-0.08;-0.42;0.00;0.56
3011;-1.36;-9.97;-1.16;0.07;0.94;-0.08;-1.05;-0.28;0.07
3020;-1.41;-10.02;-1.16;0.07;0.94;-0.08;-2.17;-1.26;0.00
3029;-1.38;-10.09;-1.16;0.05;0.94;-0.10;-1.54;-0.77;0.42
3038;-1.51;-10.00;-1.13;0.05;0.94;-0.10;-0.98;-0.70;0.70
3047;-1.34;-9.98;-1.21;0.05;0.94;-0.10;-0.56;-0.84;1.12
3055;-1.41;-10.01;-1.18;0.06;0.94;-0.10;-0.28;-0.63;1.26
3064;-1.34;-9.94;-1.27;0.06;0.94;-0.10;-0.42;-0.56;1.26
3073;-1.31;-9.87;-1.30;0.06;0.94;-0.10;-0.91;-0.84;0.91
3082;-1.28;-9.76;-1.20;0.07;0.94;-0.06;-2.10;-0.49;0.21
3091;-1.23;-9.83;-1.15;0.07;0.94;-0.06;-2.94;-0.35;0.07
3099;-1.36;-9.97;-1.10;0.07;0.94;-0.06;-3.36;-0.98;-0.56
3108;-1.54;-9.93;-1.17;0.06;0.94;-0.09;-1.96;-0.56;0.00
3117;-1.44;-9.93;-1.04;0.06;0.94;-0.09;-0.77;0.14;0.56
3126;-1.27;-9.91;-1.14;0.06;0.94;-0.09;-0.28;0.00;0.77
3135;-1.30;-9.87;-1.23;0.06;0.94;-0.09;-0.14;-0.49;1.26
3143;-1.23;-9.95;-1.24;0.06;0.94;-0.09;-0.56;-0.28;0.77
3152;-1.35;-9.89;-1.13;0.06;0.94;-0.09;-1.26;-0.77;0.63
3161;-1.41;-9.85;-1.22;0.06;0.94;-0.08;-1.05;-1.33;0.35
3170;-1.39;-9.84;-1.20;0.06;0.94;-0.08;-0.98;-0.91;0.56
3178;-1.40;-9.86;-1.17;0.06;0.94;-0.08;-1.33;-0.42;0.14
3187;-1.38;-9.81;-1.38;0.06;0.94;-0.09;-1.05;-0.35;0.35
3196;-1.45;-9.94;-1.34;0.06;0.94;-0.09;-2.03;-1.12;-0.28
3205;-1.36;-9.81;-1.17;0.06;0.94;-0.09;-3.22;-1.33;-0.77
3213;-1.35;-9.88;-1.03;0.06;0.95;-0.10;-2.66;-1.33;-0.56
3222;-1.24;-9.88;-1.04;0.06;0.95;-0.10;-3.22;-0.49;-0.91
3231;-1.46;-10.00;-1.11;0.06;0.95;-0.10;-3.85;-0.49;-0.98
3240;-1.45;-10.07;-0.99;0.06;0.94;-0.09;-3.29;-1.33;-0.49
3249;-1.39;-10.01;-0.95;0.06;0.94;-0.09;-1.61;-1.40;-0.07
3258;-1.43;-9.96;-0.98;0.06;0.94;-0.09;-1.40;-1.05;0.21
3266;-1.41;-9.93;-1.09;0.06;0.95;-0.09;-0.77;-0.42;0.14
3275;-1.39;-9.96;-1.06;0.06;0.95;-0.09;-1.05;-0.42;0.00
3284;-1.41;-9.83;-1.04;0.06;0.95;-0.09;-2.03;-0.63;-0.28
3293;-1.36;-9.88;-1.14;0.06;0.95;-0.09;-1.75;-1.05;-0.56
3302;-1.30;-9.92;-1.09;0.06;0.95;-0.09;-1.75;-1.19;-0.70
3310;-1.35;-9.83;-1.05;0.06;0.94;-0.09;-2.52;-0.84;-0.84
3319;-1.34;-9.92;-0.87;0.06;0.94;-0.09;-3.01;-0.84;-1.26
3328;-1.39;-9.87;-0.98;0.06;0.94;-0.09;-3.71;-0.07;-1.19
3337;-1.40;-9.98;-1.06;0.06;0.95;-0.09;-3.57;-0.42;-1.12
3346;-1.46;-9.91;-0.97;0.06;0.95;-0.09;-2.94;0.14;-0.70
3354;-1.40;-9.91;-0.90;0.06;0.95;-0.09;-1.47;-0.28;-0.56
3363;-1.45;-9.93;-1.00;0.06;0.94;-0.09;0.35;-0.42;-0.35
3372;-1.44;-9.98;-0.95;0.06;0.94;-0.09;0.63;-0.14;-0.28
3381;-1.40;-9.86;-1.18;0.06;0.94;-0.09;0.28;-0.14;-0.56
3390;-1.47;-9.94;-1.22;0.07;0.94;-0.09;-0.35;0.07;-0.42
3398;-1.46;-9.93;-1.14;0.07;0.94;-0.09;-0.56;-0.49;-1.05
3407;-1.51;-9.96;-1.16;0.07;0.94;-0.09;-0.49;-0.91;-0.98
3416;-1.49;-10.09;-0.98;0.06;0.95;-0.11;0.00;-1.12;-0.42
3425;-1.42;-10.02;-1.12;0.06;0.95;-0.11;0.07;-0.91;-0.07
3434;-1.47;-10.04;-1.13;0.06;0.95;-0.11;-0.14;-1.47;0.70
3442;-1.44;-9.91;-1.03;0.06;0.95;-0.11;0.42;-0.84;0.91
3451;-1.51;-9.99;-1.03;0.06;0.95;-0.11;0.07;-0.42;0.84
3460;-1.48;-9.99;-1.09;0.06;0.95;-0.11;-0.42;-0.70;0.84
3469;-1.44;-9.90;-1.05;0.06;0.95;-0.10;-0.84;-0.42;0.98
3477;-1.41;-9.88;-1.08;0.06;0.95;-0.10;-0.98;-0.42;0.77
3486;-1.46;-9.88;-1.04;0.06;0.95;-0.10;-0.84;-0.21;0.56
3495;-1.31;-9.83;-1.10;0.05;0.95;-0.10;-0.98;-0.63;0.28
3504;-1.36;-9.85;-1.07;0.05;0.95;-0.10;-1.19;-1.05;0.07
3513;-1.33;-9.88;-1.12;0.05;0.95;-0.10;-0.91;-1.19;0.07
3521;-1.41;-9.90;-1.08;0.06;0.94;-0.10;-1.26;-0.84;-0.35
3530;-1.34;-9.98;-1.00;0.06;0.94;-0.10;-0.28;-0.28;0.21
3539;-1.25;-9.90;-1.04;0.06;0.94;-0.10;0.14;0.49;0.00
3548;-1.36;-9.91;-0.94;0.06;0.95;-0.09;0.21;0.42;0.35
3556;-1.34;-9.88;-1.15;0.06;0.95;-0.09;0.49;0.70;0.14
3565;-1.34;-9.75;-1.06;0.06;0.95;-0.09;1.05;-0.07;0.35
3574;-1.42;-9.85;-1.13;0.06;0.95;-0.08;0.98;-0.63;0.07
3583;-1.32;-9.90;-1.16;0.06;0.95;-0.08;0.42;-0.70;-0.35
3591;-1.32;-9.80;-1.16;0.06;0.95;-0.08;-0.42;-0.84;-0.84
3600;-1.42;-9.90;-1.12;0.06;0.94;-0.08;-1.19;-0.63;-1.12
3609;-1.41;-9.96;-1.13;0.06;0.94;-0.08;-0.70;-0.49;-0.84
3618;-1.36;-10.06;-1.13;0.07;0.95;-0.09;-0.84;-0.42;-0.49
3626;-1.42;-10.08;-1.07;0.07;0.95;-0.09;-1.05;-1.12;-0.28
3635;-1.53;-10.02;-1.06;0.07;0.95;-0.09;-1.05;-0.84;0.56
3644;-1.43;-10.04;-0.97;0.06;0.94;-0.11;-0.56;-0.56;0.56
3653;-1.32;-9.96;-1.09;0.06;0.94;-0.11;0.35;-0.70;1.19
3661;-1.42;-9.93;-0.99;0.06;0.94;-0.11;0.91;-0.07;1.12
3670;-1.28;-9.87;-1.18;0.06;0.94;-0.09;1.05;-0.91;0.77
3679;-1.30;-9.82;-1.21;0.06;0.94;-0.09;-0.07;-0.84;-0.07
3688;-1.36;-9.87;-1.14;0.06;0.94;-0.09;-1.12;-0.98;-0.63
3697;-1.41;-9.93;-1.18;0.06;0.94;-0.10;-1.96;-1.61;-0.91
3705;-1.50;-10.00;-1.03;0.06;0.94;-0.10;-1.68;-1.61;-0.91
3714;-1.49;-9.96;-1.02;0.06;0.94;-0.10;-1.05;-1.89;-0.84
3723;-1.54;-10.00;-1.03;0.06;0.94;-0.08;-1.12;-0.98;-0.28
3732;-1.50;-10.04;-0.97;0.06;0.94;-0.08;0.00;-0.49;-0.21
3741;-1.49;-9.93;-1.09;0.06;0.94;-0.08;0.28;-0.28;0.42
3749;-1.48;-9.95;-1.10;0.06;0.95;-0.09;0.77;-0.56;1.19
3758;-1.41;-9.91;-1.08;0.06;0.95;-0.09;0.98;-1.47;0.91
3767;-1.30;-9.83;-1.02;0.06;0.95;-0.09;1.12;-1.47;0.77
3776;-1.40;-9.79;-1.13;0.05;0.94;-0.09;0.70;-1.05;0.14
3784;-1.34;-9.83;-1.23;0.05;0.94;-0.09;-1.40;-1.19;-0.84
3793;-1.49;-9.87;-1.07;0.05;0.94;-0.09;-2.52;-1.68;-1.05
3802;-1.43;-9.93;-0.98;0.06;0.95;-0.08;-2.52;-1.54;-1.05
3811;-1.37;-9.91;-0.87;0.06;0.95;-0.08;-1.54;-1.54;-0.63
3820;-1.34;-9.98;-1.07;0.06;0.95;-0.08;-0.14;-0.77;-0.77
3829;-1.46;-9.85;-0.97;0.06;0.94;-0.10;-0.28;-0.21;-0.14
3837;-1.54;-10.02;-0.80;0.06;0.94;-0.10;-0.21;0.49;-0.28
3846;-1.44;-9.90;-0.94;0.06;0.94;-0.10;-0.49;1.19;0.21
3855;-1.49;-9.89;-1.08;0.06;0.95;-0.10;-0.49;1.05;0.28
3864;-1.36;-9.91;-1.11;0.06;0.95;-0.10;-0.28;0.63;0.07
3872;-1.52;-9.99;-1.18;0.06;0.95;-0.10;-0.21;-0.07;-0.42
3881;-1.46;-10.04;-1.08;0.06;0.94;-0.09;-0.91;-0.35;-0.98
3890;-1.49;-9.91;-1.00;0.06;0.94;-0.09;-0.70;-0.14;-0.63
3899;-1.50;-9.99;-1.06;0.06;0.94;-0.09;-1.05;-0.07;-0.56
3908;-1.50;-9.98;-1.19;0.05;0.94;-0.09;-1.05;0.00;0.28
3916;-1.41;-9.97;-1.18;0.05;0.94;-0.09;-0.70;-0.21;0.42
3925;-1.46;-9.98;-1.10;0.05;0.94;-0.10;-1.05;-0.63;0.70
3934;-1.32;-9.86;-1.13;0.06;0.94;-0.10;-0.98;-0.56;0.77
3943;-1.40;-9.83;-0.98;0.06;0.94;-0.10;-0.77;17.85;0.70
3951;-1.32;-9.80;-0.98;0.06;0.94;-0.10;-0.35;-0.35;0.28
3960;-1.49;-9.88;-0.91;0.06;0.94;-0.10;-0.35;0.28;0.21
3969;-1.47;-9.91;-0.90;0.06;0.94;-0.10;0.28;0.49;-0.21
3978;-1.39;-9.94;-1.09;0.06;0.95;-0.09;0.42;0.42;-0.35
3987;-1.54;-9.93;-1.03;0.06;0.95;-0.09;0.21;0.35;-0.21
3995;-1.51;-9.88;-1.06;0.06;0.95;-0.09;-0.21;-0.21;-0.42
4004;-1.27;-9.83;-1.00;0.06;0.94;-0.09;0.07;-0.35;0.00
4013;-1.31;-9.89;-1.07;0.06;0.94;-0.09;-0.35;-0.84;-0.28
4022;-1.39;-9.82;-1.16;0.06;0.94;-0.09;-1.40;-0.98;-1.05
4031;-1.39;-9.97;-1.06;0.06;0.94;-0.09;-1.40;-0.98;-1.40
4039;-1.44;-9.98;-0.98;0.06;0.94;-0.09;-1.26;-0.28;-0.84
4048;-1.44;-10.06;-0.96;0.06;0.94;-0.09;-0.77;0.07;-0.56
4057;-1.45;-10.01;-1.08;0.06;0.95;-0.08;-0.14;0.35;-0.35
4066;-1.44;-9.99;-1.20;0.06;0.95;-0.08;0.49;0.49;0.42
4074;-1.43;-9.94;-1.25;0.06;0.95;-0.08;0.07;0.42;0.42
4083;-1.35;-9.83;-1.16;0.06;0.94;-0.09;-0.07;-0.21;0.07
4092;-1.39;-9.77;-1.26;0.06;0.94;-0.09;-0.56;0.00;-0.14
4101;-1.41;-9.80;-1.20;0.06;0.94;-0.09;-1.40;-0.56;-0.28
4109;-1.46;-9.81;-1.08;0.06;0.94;-0.09;-1.47;-0.56;-0.28
4118;-1.58;-9.83;-1.03;0.06;0.94;-0.09;-0.42;-0.56;-0.84
4127;-1.41;-9.83;-1.10;0.06;0.94;-0.09;-0.07;-0.42;-0.56
4136;-1.32;-9.88;-1.06;0.06;0.94;-0.08;0.21;-0.35;-0.91
4145;-1.41;-9.96;-1.14;0.06;0.94;-0.08;-0.70;-0.49;-1.40
4153;-1.33;-10.04;-1.08;0.06;0.94;-0.08;-0.91;-0.63;-1.26
4162;-1.41;-10.04;-1.11;0.05;0.95;-0.09;-0.77;-0.49;-0.84
4171;-1.44;-10.07;-1.05;0.05;0.95;-0.09;-0.14;-0.42;-0.21
4180;-1.54;-10.09;-1.03;0.05;0.95;-0.09;-0.21;0.00;0.35
4189;-1.52;-10.06;-1.16;0.05;0.95;-0.09;0.07;0.21;0.98
4197;-1.36;-10.01;-1.06;0.05;0.95;-0.09;0.84;0.49;1.40
4206;-1.51;-9.93;-1.16;0.05;0.95;-0.09;0.56;0.07;1.33
4215;-1.47;-9.91;-1.26;0.06;0.95;-0.08;-0.14;-0.70;0.77
4224;-1.39;-9.89;-1.28;0.06;0.95;-0.08;-0.84;-1.19;0.42
4233;-1.39;-9.95;-1.08;0.06;0.95;-0.08;-1.12;-1.47;0.00
4242;-1.41;-9.91;-1.03;0.06;0.94;-0.07;-0.70;-1.61;0.21
4250;-1.44;-9.96;-1.13;0.06;0.94;-0.07;-0.56;-1.12;0.21
4259;-1.42;-9.87;-0.93;0.06;0.94;-0.08;-0.07;-1.26;0.56
4268;-1.41;-9.85;-1.05;0.06;0.94;-0.08;-0.07;-1.12;0.28
4277;-1.38;-9.91;-1.07;0.06;0.94;-0.08;-0.42;-1.05;0.00
4286;-1.39;-9.88;-1.06;0.05;0.94;-0.08;-0.70;-0.56;-0.28
4294;-1.38;-9.92;-1.07;0.05;0.94;-0.08;-1.05;-0.56;-0.35
4303;-1.41;-9.99;-1.05;0.05;0.94;-0.08;-0.28;-0.63;-0.98
4312;-1.47;-10.02;-1.21;0.06;0.94;-0.09;-0.91;-1.05;-0.28
4321;-1.56;-10.00;-1.11;0.06;0.94;-0.09;-0.56;-1.12;0.28
4329;-1.39;-9.99;-1.07;0.06;0.94;-0.09;-0.35;-1.12;0.63
4338;-1.49;-9.96;-1.11;0.06;0.94;-0.08;-0.84;-1.33;0.42
4347;-1.51;-9.93;-1.06;0.06;0.94;-0.08;-1.61;-1.33;0.56
4356;-1.45;-9.85;-1.03;0.06;0.94;-0.08;-1.68;-1.19;0.49
4364;-1.50;-9.93;-0.88;0.05;0.95;-0.08;-1.54;-0.91;0.49
4373;-1.53;-10.02;-0.95;0.05;0.95;-0.08;-1.12;-0.42;0.70
4382;-1.56;-9.97;-0.90;0.05;0.95;-0.08;-0.56;-0.42;0.56
4391;-1.55;-9.92;-0.81;0.05;0.94;-0.09;0.14;-0.14;0.77
4400;-1.46;-9.80;-1.06;0.05;0.94;-0.09;-0.07;0.14;0.35
4408;-1.41;-9.91;-1.07;0.05;0.94;-0.09;-0.42;0.28;0.56
4417;-1.42;-9.87;-1.02;0.05;0.95;-0.09;-1.33;-0.14;-0.35
4426;-1.41;-9.91;-0.89;0.05;0.95;-0.09;-1.54;-0.21;-0.35
4435;-1.59;-9.84;-1.03;0.05;0.95;-0.09;-1.19;-0.70;-0.35
4443;-1.41;-9.83;-1.08;0.05;0.93;-0.09;-0.77;-0.98;-0.35
4452;-1.45;-9.83;-1.11;0.05;0.93;-0.09;-0.14;-0.21;0.21
4461;-1.43;-9.78;-0.93;0.05;0.93;-0.09;0.49;0.35;0.28
4470;-1.43;-9.83;-1.09;0.05;0.95;-0.10;0.77;0.35;0.35
4479;-1.49;-9.80;-1.13;0.05;0.95;-0.10;0.70;0.28;-0.35
4488;-1.46;-9.89;-1.17;0.05;0.95;-0.10;0.42;-0.21;-0.28
4496;-1.50;-9.76;-1.28;0.06;0.94;-0.08;-0.14;-0.63;-0.63
4505;-1.34;-9.75;-1.28;0.06;0.94;-0.08;-0.77;-1.12;-0.98
4514;-1.39;-9.86;-1.06;0.06;0.94;-0.08;-0.98;-1.47;-1.19
4523;-1.36;-9.82;-1.11;0.06;0.94;-0.09;-1.12;-1.54;-0.98
4532;-1.52;-9.91;-1.13;0.06;0.94;-0.09;-1.05;-0.84;-1.54
4541;-1.43;-9.94;-1.11;0.06;0.94;-0.09;-0.98;-1.12;-1.19
4549;-1.41;-10.00;-1.06;0.06;0.95;-0.08;-0.70;-0.56;-0.84
4558;-1.44;-9.92;-1.11;0.06;0.95;-0.08;-0.56;-0.28;-1.12
4567;-1.28;-9.99;-1.14;0.06;0.95;-0.07;-1.54;-0.49;-1.26
4576;-1.44;-9.96;-1.11;0.06;0.95;-0.07;-1.75;-0.56;-1.40
4585;-1.40;-9.91;-1.13;0.06;0.95;-0.07;-2.24;-0.28;-1.33
4593;-1.46;-9.99;-1.01;0.07;0.94;-0.09;-2.10;-0.35;-1.61
4602;-1.46;-9.96;-1.08;0.07;0.94;-0.09;-3.01;0.28;-1.96
4611;-1.49;-9.87;-0.95;0.07;0.94;-0.09;-4.27;0.98;-2.45
4620;-1.55;-10.01;-1.03;0.04;0.95;-0.09;-6.86;1.40;-3.22
4628;-1.60;-10.03;-1.23;0.04;0.95;-0.09;-7.49;1.05;-3.08
4637;-1.46;-10.09;-1.21;0.04;0.95;-0.09;-5.11;-0.28;-2.17
4646;-1.57;-10.07;-1.04;0.06;0.94;-0.08;-2.24;-1.33;-1.19
4655;-1.57;-10.09;-0.93;0.06;0.94;-0.08;0.49;-2.17;-0.21
4664;-1.51;-10.09;-0.90;0.06;0.94;-0.08;-0.63;-1.26;-0.35
4672;-1.51;-10.03;-0.87;0.06;0.95;-0.09;-1.89;-0.21;-0.21
4681;-1.62;-10.04;-1.00;0.06;0.95;-0.09;-2.17;0.49;0.42
4690;-1.56;-10.02;-0.94;0.06;0.95;-0.09;-0.70;0.00;0.63
4699;-1.59;-9.93;-0.90;0.05;0.94;-0.10;1.19;-0.84;1.12
4708;-1.54;-10.03;-0.95;0.05;0.94;-0.10;2.03;-1.47;0.63
4716;-1.46;-9.86;-1.00;0.05;0.94;-0.10;1.54;-2.03;0.56
4725;-1.46;-9.81;-0.95;0.05;0.94;-0.08;0.84;-1.26;0.42
4734;-1.44;-9.96;-0.95;0.05;0.94;-0.08;-0.14;-0.98;0.07
4743;-1.44;-9.96;-0.93;0.05;0.94;-0.08;-0.63;-0.63;-0.35
4751;-1.51;-9.99;-1.04;0.05;0.95;-0.09;-0.28;-1.05;0.35
4760;-1.46;-10.03;-1.06;0.05;0.95;-0.09;0.28;-1.05;0.84
4769;-1.53;-10.00;-1.08;0.05;0.95;-0.09;0.77;-0.21;1.26
4778;-1.50;-9.99;-1.05;0.06;0.94;-0.09;0.77;-0.49;1.40
4787;-1.46;-9.93;-1.03;0.06;0.94;-0.09;0.84;0.07;1.68
4796;-1.46;-9.78;-1.14;0.06;0.94;-0.09;0.77;-0.28;1.54
4804;-1.43;-9.84;-1.10;0.05;0.94;-0.08;-0.14;-0.49;0.77
4813;-1.39;-9.89;-1.17;0.05;0.94;-0.08;-0.56;-1.12;0.35
4822;-1.49;-9.95;-1.06;0.05;0.94;-0.08;-0.56;-1.68;0.77
4831;-1.50;-10.00;-0.90;0.06;0.94;-0.09;-0.07;-1.82;0.70
4840;-1.54;-10.04;-1.09;0.06;0.94;-0.09;0.77;-2.73;1.68
4848;-1.50;-9.97;-1.03;0.06;0.94;-0.09;0.84;-2.10;0.70
4857;-1.51;-9.97;-1.07;0.06;0.94;-0.09;-0.42;-1.26;0.42
4866;-1.46;-9.87;-0.97;0.06;0.94;-0.09;-0.91;-1.19;0.70
4875;-1.45;-9.88;-1.02;0.05;0.94;-0.09;-1.19;-1.19;0.42
4884;-1.49;-9.86;-0.95;0.05;0.94;-0.09;-0.70;-1.40;0.77
4892;-1.49;-9.91;-0.99;0.05;0.94;-0.09;-0.35;-1.19;0.70
4901;-1.56;-9.90;-1.00;0.06;0.94;-0.09;-0.63;-1.12;0.56
4910;-1.51;-9.84;-1.00;0.06;0.94;-0.09;-0.77;-1.54;0.63
4919;-1.58;-9.93;-1.00;0.06;0.94;-0.09;-1.19;-1.33;-0.14
4928;-1.56;-9.94;-0.93;0.05;0.95;-0.09;-0.63;-0.77;0.07
4936;-1.44;-9.98;-0.98;0.05;0.95;-0.09;0.00;-1.33;0.35
4945;-1.37;-9.97;-0.95;0.05;0.95;-0.09;0.07;-0.91;0.35
4954;-1.50;-9.92;-0.92;0.06;0.94;-0.10;-0.07;-0.42;0.70
4963;-1.48;-9.91;-1.02;0.06;0.94;-0.10;-0.63;-0.28;0.56
4971;-1.44;-9.88;-0.94;0.06;0.94;-0.10;-0.63;-0.56;0.77
4980;-1.43;-9.84;-1.05;0.06;0.94;-0.08;0.70;-0.42;1.05
4989;-1.46;-9.83;-1.22;0.06;0.94;-0.08;1.05;-0.42;0.77
4998;-1.39;-9.80;-1.24;0.06;0.94;-0.08;-0.14;-1.12;0.42
5006;-1.44;-9.79;-1.18;0.05;0.95;-0.09;-0.98;-1.26;0.07
5015;-1.36;-9.94;-1.17;0.05;0.95;-0.09;-0.98;-1.54;-0.14
5024;-1.31;-9.96;-1.00;0.05;0.95;-0.09;-1.12;-1.54;-0.21
5033;-1.45;-10.02;-0.93;0.05;0.94;-0.10;-0.91;-1.26;-0.49
5041;-1.55;-9.95;-1.06;0.05;0.94;-0.10;-0.35;-0.63;-0.21
5050;-1.49;-9.93;-0.95;0.05;0.94;-0.10;-0.42;-0.42;0.07
5059;-1.45;-9.99;-0.98;0.05;0.95;-0.09;-0.07;-0.14;0.35
5068;-1.32;-9.97;-0.98;0.05;0.95;-0.09;0.28;-0.49;0.42
5076;-1.46;-9.89;-1.06;0.05;0.95;-0.09;0.21;-0.56;0.35
5085;-1.44;-9.86;-1.06;0.05;0.94;-0.08;0.42;-0.56;0.28
5094;-1.48;-9.91;-1.11;0.05;0.94;-0.08;0.77;-0.49;0.28
5103;-1.46;-9.87;-1.17;0.05;0.94;-0.08;0.42;-0.77;0.21
5112;-1.44;-9.93;-1.16;0.04;0.94;-0.07;-0.14;-0.63;-0.28
5120;-1.35;-9.99;-1.14;0.04;0.94;-0.07;-0.28;-1.05;-0.21
5129;-1.38;-10.01;-1.11;0.04;0.94;-0.07;-0.91;-1.26;-0.35
5138;-1.48;-9.96;-1.07;0.05;0.94;-0.08;-1.54;-0.98;-0.91
5147;-1.45;-10.02;-0.94;0.05;0.94;-0.08;-2.03;-0.49;-0.84
5156;-1.48;-9.96;-0.98;0.05;0.94;-0.08;-2.94;0.42;-0.84
5164;-1.51;-9.91;-1.10;0.05;0.94;-0.09;-2.17;0.84;-1.19
5173;-1.52;-9.87;-0.98;0.05;0.94;-0.09;-1.61;0.56;-0.42
5182;-1.51;-9.96;-1.08;0.06;0.94;-0.08;-1.54;-0.56;-0.35
5191;-1.50;-9.94;-0.99;0.06;0.94;-0.08;-0.91;-0.84;-0.63
5200;-1.44;-9.99;-0.99;0.06;0.94;-0.08;-1.26;-0.84;-0.63
5209;-1.51;-9.93;-1.04;0.05;0.94;-0.08;-1.54;-1.05;-0.63
5217;-1.55;-9.93;-1.09;0.05;0.94;-0.08;-1.82;-0.63;-0.98
5226;-1.44;-10.03;-0.98;0.05;0.94;-0.08;-2.38;-0.70;-0.84
5235;-1.51;-9.94;-1.04;0.06;0.94;-0.09;-2.31;-0.84;-1.19
5244;-1.45;-9.99;-1.01;0.06;0.94;-0.09;-2.87;-1.12;-1.26
5253;-1.56;-9.80;-0.97;0.06;0.94;-0.09;-3.22;-0.77;-1.19
5261;-1.53;-9.91;-0.97;0.06;0.94;-0.08;-3.15;-0.63;-0.91
5270;-1.54;-9.95;-0.98;0.06;0.94;-0.08;-3.29;-0.98;-0.84
5279;-1.59;-10.00;-0.84;0.06;0.94;-0.08;-2.94;-1.19;-0.49
5288;-1.56;-10.01;-0.84;0.06;0.93;-0.09;-2.45;-0.70;17.85
5297;-1.57;-9.97;-0.92;0.06;0.93;-0.09;-1.33;-0.49;0.84
5305;-1.47;-9.92;-0.86;0.06;0.93;-0.09;-0.56;-0.21;0.91
5314;-1.49;-9.88;-0.93;0.05;0.94;-0.10;-0.28;0.21;0.49
5323;-1.35;-9.83;-0.90;0.05;0.94;-0.10;-0.21;0.00;0.35
5332;-1.49;-9.84;-0.98;0.05;0.94;-0.10;-0.21;0.14;-0.14
5341;-1.44;-9.87;-0.99;0.05;0.94;-0.08;-0.77;-0.21;-0.21
5349;-1.56;-9.91;-1.04;0.05;0.94;-0.08;-1.33;-1.05;-0.42
5358;-1.50;-10.03;-1.03;0.05;0.94;-0.08;-0.70;-0.63;-0.49
5367;-1.53;-9.98;-1.03;0.04;0.94;-0.08;-1.26;-0.70;-0.42
5376;-1.48;-9.99;-1.00;0.04;0.94;-0.08;-1.05;-0.63;0.00
5385;-1.43;-9.89;-1.09;0.04;0.94;-0.08;-1.05;-0.84;-0.21
5393;-1.53;-9.85;-1.04;0.04;0.93;-0.09;-0.49;-0.70;-0.14
5402;-1.42;-9.93;-0.93;0.04;0.93;-0.09;-0.77;-0.49;-0.21
5411;-1.47;-9.88;-1.09;0.04;0.93;-0.09;-0.35;-0.28;-17.92
5420;-1.56;-9.94;-0.99;0.05;0.94;-0.09;-0.63;-0.56;-0.07
5429;-1.51;-9.96;-1.11;0.05;0.94;-0.09;-0.28;-0.35;-0.14
5438;-1.47;-10.06;-1.00;0.05;0.94;-0.09;-0.49;-0.84;-0.28
5446;-1.54;-10.02;-1.08;0.05;0.94;-0.09;-0.49;-0.84;0.21
5455;-1.49;-9.96;-1.09;0.05;0.94;-0.09;-0.42;-1.40;0.21
5464;-1.44;-9.97;-1.15;0.05;0.94;-0.09;-0.63;-1.26;0.56
5473;-1.47;-9.84;-0.99;0.05;0.93;-0.09;-0.77;-1.12;0.00
5482;-1.49;-9.87;-1.04;0.05;0.93;-0.09;-1.12;-1.33;-0.14
5490;-1.49;-9.81;-0.93;0.05;0.94;-0.09;-1.05;-1.40;-0.49
5499;-1.50;-9.96;-1.11;0.05;0.94;-0.09;-0.63;-1.40;-0.14
5508;-1.54;-9.82;-0.96;0.05;0.94;-0.09;0.07;-1.40;0.14
5517;-1.54;-9.83;-0.95;0.05;0.95;-0.09;0.28;-1.26;-0.14
5525;-1.48;-9.85;-1.00;0.05;0.95;-0.09;0.14;-1.33;0.00
5534;-1.49;-9.77;-0.94;0.05;0.95;-0.09;-0.84;-1.26;0.07
5543;-1.39;-9.87;-0.96;0.05;0.94;-0.08;-0.98;-1.54;-0.49
5552;-1.46;-9.87;-1.02;0.05;0.94;-0.08;-0.49;-1.82;-0.35
5561;-1.44;-9.84;-1.09;0.05;0.94;-0.08;-0.49;-1.26;-0.63
5570;-1.50;-9.82;-0.99;0.05;0.93;-0.09;-0.63;-1.05;-0.49
5578;-1.51;-9.84;-1.00;0.05;0.93;-0.09;-0.21;-0.91;-0.49
5587;-1.48;-9.95;-0.92;0.05;0.93;-0.09;0.07;-0.91;-0.63
5596;-1.44;-9.92;-0.97;0.07;0.94;-0.09;0.56;-1.19;-0.63
5605;-1.43;-9.99;-0.92;0.07;0.94;-0.09;0.21;-1.40;-0.77
5613;-1.67;-9.95;-1.05;0.07;0.94;-0.09;-0.63;-1.19;-1.19
5622;-1.48;-9.95;-0.98;0.06;0.94;-0.10;-0.98;-1.26;-1.54
5631;-1.61;-10.02;-0.87;0.06;0.94;-0.10;-0.84;-0.63;-0.56
5640;-1.59;-10.04;-0.99;0.06;0.94;-0.10;-0.98;-0.14;-0.63
5649;-1.48;-10.07;-1.15;0.05;0.94;-0.10;-0.14;-0.49;-0.35
5657;-1.48;-9.96;-0.96;0.05;0.94;-0.10;-0.14;-1.12;0.07
5666;-1.51;-9.86;-1.08;0.05;0.94;-0.10;-0.14;-1.19;-0.21
5675;-1.54;-9.96;-1.05;0.06;0.94;-0.10;-0.70;-1.47;-0.42
5684;-1.56;-10.02;-1.02;0.06;0.94;-0.10;0.00;-1.61;-0.28
5692;-1.54;-10.06;-1.13;0.06;0.94;-0.10;-0.21;-1.96;-0.42
5701;-1.54;-10.14;-0.96;0.05;0.94;-0.10;0.28;-2.03;0.14
5710;-1.55;-10.17;-1.01;0.05;0.94;-0.10;0.28;-1.54;0.77
5719;-1.55;-10.17;-1.11;0.05;0.94;-0.10;0.35;-1.61;1.54
5728;-1.71;-10.12;-1.06;0.05;0.94;-0.10;0.42;-1.26;2.03
5736;-1.49;-10.12;-1.04;0.05;0.94;-0.10;0.63;-1.40;2.73
5745;-1.55;-10.07;-1.08;0.05;0.94;-0.10;0.49;-1.75;2.31
5754;-1.41;-9.99;-1.06;0.06;0.95;-0.11;0.21;-1.89;2.03
5763;-1.51;-9.96;-1.10;0.06;0.95;-0.11;-0.84;-2.80;1.40
5772;-1.44;-9.99;-0.93;0.06;0.93;-0.10;-1.12;-2.66;0.91
5781;-1.54;-9.98;-0.86;0.06;0.93;-0.10;-0.84;-2.66;1.26
5789;-1.47;-9.99;-0.84;0.06;0.93;-0.10;-1.12;-2.24;1.40
5798;-1.47;-9.93;-1.00;0.06;0.94;-0.09;0.07;-1.82;1.75
5807;-1.46;-9.88;-0.91;0.06;0.94;-0.09;0.84;-1.68;1.89
5816;-1.48;-9.89;-1.08;0.06;0.94;-0.09;0.84;-1.82;1.61
5825;-1.44;-9.87;-1.06;0.07;0.94;-0.09;0.28;-1.75;1.61
5833;-1.46;-9.87;-1.02;0.07;0.94;-0.09;-0.98;-1.40;1.05
5842;-1.39;-9.87;-1.03;0.07;0.94;-0.09;-1.26;-1.19;0.91
5851;-1.48;-9.93;-1.00;0.06;0.94;-0.09;-1.12;-1.19;0.42
5860;-1.46;-9.96;-1.02;0.06;0.94;-0.09;-0.91;-1.33;0.84
5868;-1.52;-9.88;-0.98;0.06;0.94;-0.09;-1.40;-1.26;0.77
5877;-1.54;-9.96;-1.04;0.05;0.94;-0.09;-1.12;-1.12;0.98
5886;-1.49;-9.78;-0.96;0.05;0.94;-0.09;-0.98;-0.84;1.12
5895;-1.47;-9.78;-1.07;0.05;0.94;-0.09;-0.35;-0.56;0.91
5904;-1.46;-9.76;-1.08;0.06;0.94;-0.10;-0.35;-0.84;0.77
5912;-1.40;-9.76;-1.03;0.06;0.94;-0.10;-0.70;-1.19;0.63
5921;-1.57;-9.83;-1.02;0.06;0.94;-0.10;-1.19;-1.54;-0.14
5930;-1.39;-9.76;-0.93;0.07;0.95;-0.11;-1.12;-1.61;-0.35
5939;-1.45;-9.89;-0.95;0.07;0.95;-0.11;-1.33;-1.26;-0.28
5948;-1.63;-9.89;-0.91;0.07;0.95;-0.11;-1.26;-0.56;0.21
5956;-1.41;-9.95;-0.86;0.06;0.94;-0.09;-0.91;-0.14;0.07
5965;-1.57;-9.90;-0.92;0.06;0.94;-0.09;-1.12;0.00;0.56
5974;-1.49;-9.96;-0.92;0.06;0.94;-0.09;-0.70;-0.77;0.42
5983;-1.35;-10.00;-0.95;0.06;0.94;-0.08;-0.28;-0.56;0.70
5992;-1.47;-10.02;-0.99;0.06;0.94;-0.08;-0.07;-0.70;0.63
6000;-1.53;-10.06;-1.02;0.06;0.94;-0.08;-0.07;-0.63;0.42
6009;-1.48;-10.09;-1.01;0.05;0.93;-0.10;0.42;-0.70;0.98
6018;-1.48;-9.99;-1.06;0.05;0.93;-0.10;-0.35;-0.77;0.63
6027;-1.47;-9.99;-1.11;0.05;0.93;-0.10;-1.05;-1.54;0.70
6036;-1.39;-9.89;-1.03;0.06;0.94;-0.09;-1.40;-1.61;17.85
6044;-1.44;-9.95;-1.02;0.06;0.94;-0.09;-2.31;-1.82;-0.56
6053;-1.46;-9.96;-0.92;0.06;0.94;-0.09;-2.52;-1.82;-0.28
6062;-1.53;-10.00;-0.99;0.06;0.94;-0.10;-1.54;-1.40;-0.07
6071;-1.58;-10.09;-0.87;0.06;0.94;-0.10;-0.42;-1.54;0.49
6079;-1.56;-10.09;-1.03;0.06;0.94;-0.10;1.12;-0.98;1.26
6088;-1.51;-10.18;-1.08;0.06;0.94;-0.10;2.10;-1.05;1.40
6097;-1.44;-10.14;-1.18;0.06;0.94;-0.10;1.40;-1.12;1.68
6106;-1.49;-10.13;-1.18;0.06;0.94;-0.09;0.63;-1.54;1.33
6115;-1.41;-10.14;-1.28;0.06;0.94;-0.09;-0.91;-1.96;1.40
6123;-1.50;-10.09;-1.15;0.06;0.94;-0.09;-1.75;-2.24;1.12
6132;-1.49;-10.06;-1.14;0.05;0.94;-0.09;-2.45;-1.96;1.26
6141;-1.43;-10.07;-1.10;0.05;0.94;-0.09;-2.10;-2.10;1.68
6150;-1.49;-10.04;-1.03;0.05;0.94;-0.09;-2.94;-2.38;1.68
6159;-1.50;-9.99;-1.01;0.05;0.94;-0.09;-1.89;-1.96;1.89
6167;-1.44;-9.95;-1.06;0.05;0.94;-0.09;-1.54;-1.68;2.24
6176;-1.39;-9.96;-0.95;0.05;0.94;-0.09;-1.40;-1.89;2.59
6185;-1.40;-9.92;-1.06;0.06;0.95;-0.09;-1.26;-1.96;2.87
6194;-1.46;-9.76;-0.99;0.06;0.95;-0.09;-1.68;-1.61;2.38
6203;-1.41;-9.76;-0.99;0.06;0.95;-0.09;-1.12;-2.24;2.24
6211;-1.43;-9.78;-1.03;0.06;0.94;-0.09;-1.12;-2.17;2.10
6220;-1.39;-9.73;-0.85;0.06;0.94;-0.09;-0.77;-2.45;1.75
6229;-1.37;-9.76;-0.92;0.06;0.94;-0.09;-1.19;-2.38;1.12
6238;-1.40;-9.67;-0.90;0.06;0.94;-0.09;-1.19;-2.03;1.12
6247;-1.41;-9.67;-0.92;0.06;0.94;-0.09;-1.82;-1.82;0.77
6255;-1.39;-9.64;-0.80;0.06;0.94;-0.09;-1.54;-1.82;0.00
6264;-1.40;-9.73;-0.78;0.06;0.93;-0.09;-0.91;-1.40;0.35
6273;-1.51;-9.76;-0.83;0.06;0.93;-0.09;-0.84;-0.70;0.00
6282;-1.55;-9.76;-0.84;0.06;0.93;-0.09;-0.84;-0.07;0.07
6291;-1.41;-9.81;-0.89;0.06;0.94;-0.09;-0.28;0.00;0.14
6299;-1.44;-9.88;-0.99;0.06;0.94;-0.09;17.78;0.00;0.42
6308;-1.40;-9.84;-0.99;0.06;0.94;-0.09;-0.56;-0.21;0.14
6317;-1.46;-9.78;-1.03;0.06;0.94;-0.10;-0.56;-0.56;0.07
6326;-1.46;-9.81;-0.95;0.06;0.94;-0.10;-0.14;-0.84;-0.35
6335;-1.36;-9.86;-0.89;0.06;0.94;-0.10;-0.63;-0.56;-0.35
6343;-1.43;-9.90;-0.93;0.06;0.94;-0.08;-0.91;-0.70;-0.70
6352;-1.47;-9.99;-1.03;0.06;0.94;-0.08;-0.91;-0.42;-0.77
6361;-1.39;-9.92;-0.94;0.06;0.94;-0.08;-0.49;-0.21;-0.91
6370;-1.36;-10.11;-0.94;0.06;0.94;-0.08;-0.14;-0.70;-0.42
6379;-1.46;-10.04;-0.87;0.06;0.94;-0.08;0.00;-0.42;-0.14
6387;-1.37;-10.10;-0.98;0.06;0.94;-0.08;-0.63;-0.70;-0.42
6396;-1.36;-10.06;-1.04;0.05;0.94;-0.08;-0.49;-0.56;0.35
6405;-1.42;-10.11;-1.00;0.05;0.94;-0.08;-0.28;-0.35;0.63
6414;-1.38;-10.00;-0.98;0.06;0.94;-0.09;-0.56;-1.12;0.56
6423;-1.48;-10.01;-1.06;0.06;0.94;-0.09;-0.84;-1.33;0.28
6431;-1.51;-9.96;-0.98;0.06;0.94;-0.09;-1.05;-1.40;0.28
6440;-1.56;-10.04;-1.20;0.06;0.94;-0.09;-0.35;-1.61;0.98
6449;-1.40;-9.96;-0.98;0.06;0.94;-0.09;1.19;-1.82;1.47
6458;-1.39;-9.93;-0.98;0.06;0.94;-0.09;1.75;-1.61;1.19
6466;-1.28;-9.97;-0.93;0.06;0.93;-0.09;0.00;-0.56;0.63
6475;-1.38;-9.99;-1.08;0.06;0.93;-0.09;-1.82;-0.28;0.49
6484;-1.39;-9.99;-1.00;0.06;0.93;-0.09;-1.68;-0.28;0.42
6493;-1.43;-9.99;-1.05;0.05;0.94;-0.10;-0.70;-0.84;0.63
6502;-1.31;-10.06;-0.92;0.05;0.94;-0.10;-0.91;-1.19;0.98
6510;-1.46;-10.02;-1.06;0.05;0.94;-0.10;-0.77;-0.49;1.12
6519;-1.41;-9.97;-0.95;0.05;0.94;-0.09;-1.26;-0.63;0.21
6528;-1.40;-10.02;-1.03;0.05;0.94;-0.09;-1.40;-0.49;0.70
6537;-1.39;-9.92;-1.02;0.05;0.94;-0.09;-1.26;-0.42;0.84
6546;-1.39;-9.91;-1.08;0.06;0.93;-0.09;-0.77;-0.84;0.63
6555;-1.51;-9.96;-1.13;0.06;0.93;-0.09;-0.91;-0.91;0.42
6563;-1.38;-9.91;-1.03;0.06;0.93;-0.09;-1.12;-1.12;0.56
6572;-1.42;-9.94;-0.93;0.05;0.93;-0.09;-1.54;-1.05;0.56
6581;-1.43;-9.89;-0.98;0.05;0.93;-0.09;-1.33;-0.56;1.05
6590;-1.40;-9.89;-0.98;0.05;0.93;-0.09;-0.77;-0.49;0.63
6598;-1.46;-9.89;-1.01;0.06;0.94;-0.09;-0.14;-0.49;0.77
6607;-1.46;-9.83;-0.96;0.06;0.94;-0.09;-0.21;-0.42;0.91
6616;-1.34;-9.89;-1.08;0.06;0.94;-0.09;-0.84;-0.49;0.70
6625;-1.38;-9.88;-0.93;0.06;0.95;-0.09;-0.77;-0.35;0.56
6634;-1.41;-9.92;-1.08;0.06;0.95;-0.09;-0.63;-0.91;0.28
6642;-1.37;-9.98;-1.00;0.06;0.95;-0.09;-0.63;-0.91;0.21
6651;-1.39;-9.87;-1.03;0.06;0.95;-0.09;-0.21;-0.91;0.63
6660;-1.47;-9.84;-0.91;0.06;0.95;-0.09;-0.98;-0.28;0.91
6669;-1.50;-9.91;-0.95;0.06;0.95;-0.09;-0.84;-0.28;0.42
6678;-1.41;-9.81;-1.02;0.06;0.94;-0.09;-0.56;-0.07;0.63
6686;-1.39;-9.86;-1.02;0.06;0.94;-0.09;0.21;-0.07;0.56
6695;-1.46;-9.83;-0.92;0.06;0.94;-0.09;-0.14;-0.21;0.49
6704;-1.31;-9.90;-1.00;0.06;0.94;-0.09;-0.07;-1.12;0.35
6713;-1.45;-9.96;-0.95;0.06;0.94;-0.09;-0.56;-0.84;0.14
6721;-1.41;-9.88;-0.92;0.06;0.94;-0.10;-0.98;-0.91;0.28
6730;-1.34;-9.91;-0.98;0.06;0.94;-0.10;-1.54;-0.70;0.28
6739;-1.35;-9.93;-0.96;0.06;0.94;-0.10;-1.47;-0.49;0.63
6748;-1.35;-9.91;-0.95;0.06;0.95;-0.10;-1.12;-0.14;0.91
6757;-1.40;-9.99;-0.98;0.06;0.95;-0.10;-0.42;-0.07;0.98
6766;-1.43;-9.84;-1.05;0.06;0.95;-0.10;0.07;0.28;0.77
6774;-1.28;-9.85;-0.95;0.06;0.95;-0.09;0.07;-0.28;0.70
6783;-1.37;-9.91;-1.16;0.06;0.95;-0.09;0.21;-0.35;0.70
6792;-1.31;-9.95;-1.03;0.06;0.95;-0.09;-0.35;-0.42;0.28
6801;-1.42;-9.94;-1.02;0.06;0.94;-0.09;-0.70;-0.70;0.07
6809;-1.50;-9.93;-0.99;0.06;0.94;-0.09;-0.49;-1.05;0.00
6818;-1.48;-9.99;-0.95;0.06;0.94;-0.09;-1.19;-0.35;0.00
6827;-1.42;-9.88;-1.11;0.06;0.94;-0.08;-1.12;0.14;0.63
6836;-1.41;-9.83;-1.06;0.06;0.94;-0.08;-0.70;0.07;-0.07
6845;-1.41;-9.86;-1.18;0.06;0.94;-0.08;-0.98;0.21;0.14
6853;-1.43;-9.85;-1.10;0.06;0.94;-0.10;-0.70;-0.77;-0.28
6862;-1.38;-9.90;-1.05;0.06;0.94;-0.10;-0.77;-1.05;-0.77
6871;-1.43;-9.86;-0.93;0.06;0.94;-0.10;-0.70;-0.63;-0.63
6880;-1.46;-10.04;-0.93;0.06;0.94;-0.09;-0.91;-0.84;-0.98
6888;-1.36;-10.04;-1.02;0.06;0.94;-0.09;-0.84;-0.35;-0.28
6897;-1.44;-10.05;-0.93;0.06;0.94;-0.09;-0.35;-0.77;-0.21
6906;-1.41;-10.12;-0.93;0.06;0.94;-0.10;-0.84;-1.26;0.28
6915;-1.49;-10.11;-0.85;0.06;0.94;-0.10;-0.28;-1.12;0.63
6923;-1.51;-9.94;-0.85;0.06;0.94;-0.10;-0.98;-0.98;0.35
6932;-1.44;-10.04;-0.90;0.06;0.94;-0.08;-1.33;-0.28;0.77
6941;-1.42;-9.82;-0.91;0.06;0.94;-0.08;-1.47;-0.42;0.70
6950;-1.30;-9.88;-0.98;0.06;0.94;-0.08;-0.84;-0.70;0.07
6958;-1.41;-9.83;-0.98;0.06;0.94;-0.09;-0.63;-0.63;0.00
6967;-1.35;-9.85;-0.82;0.06;0.94;-0.09;-0.28;-0.63;-0.07
6976;-1.35;-9.93;-0.86;0.06;0.94;-0.09;-0.84;-0.56;-0.28
6985;-1.42;-9.98;-0.82;0.06;0.94;-0.10;-0.84;-0.07;-0.84
6994;-1.46;-10.01;-1.00;0.06;0.94;-0.10;-0.77;0.42;-0.91
7002;-1.53;-9.96;-0.88;0.06;0.94;-0.10;0.00;0.56;0.00
7011;-1.54;-10.00;-0.95;0.05;0.94;-0.09;0.84;-0.14;0.63
7020;-1.50;-9.93;-1.13;0.05;0.94;-0.09;0.84;-0.91;0.49
7029;-1.41;-9.89;-0.98;0.05;0.94;-0.10;0.07;-0.63;0.14
7037;-1.43;-9.92;-1.12;0.06;0.95;-0.10;-0.84;-0.77;-0.28
7046;-1.36;-10.05;-1.08;0.06;0.95;-0.10;-1.26;-0.84;-0.63
7055;-1.44;-9.95;-0.95;0.05;0.94;-0.10;-1.19;-0.77;-0.42
7064;-1.43;-9.97;-1.00;0.05;0.94;-0.10;-0.77;-1.19;0.07
7073;-1.44;-9.92;-1.00;0.05;0.94;-0.10;-0.42;-0.70;0.21
7081;-1.44;-9.92;-0.97;0.05;0.94;-0.11;-0.28;-0.56;0.70
7090;-1.41;-9.99;-0.95;0.05;0.94;-0.11;-1.05;-0.56;0.49
7099;-1.55;-9.96;-0.90;0.05;0.94;-0.11;-1.05;-0.42;0.28
7108;-1.43;-9.95;-0.96;0.05;0.94;-0.11;-0.35;-0.42;-0.21
7117;-1.43;-9.98;-0.92;0.05;0.94;-0.11;-0.07;-0.63;-0.42
7125;-1.43;-9.93;-1.08;0.05;0.94;-0.11;0.00;-0.21;-0.14
7134;-1.34;-9.90;-1.01;0.06;0.94;-0.08;-0.21;-0.56;0.35
7143;-1.37;-9.93;-1.07;0.06;0.94;-0.08;-0.35;-0.84;0.42
7152;-1.36;-9.95;-0.98;0.06;0.94;-0.08;-0.63;-0.91;0.77
7160;-1.34;-9.96;-1.06;0.06;0.94;-0.09;-0.77;-1.54;0.91
7169;-1.38;-9.91;-0.97;0.06;0.94;-0.09;-1.47;-1.26;0.84
7178;-1.34;-9.93;-0.89;0.06;0.94;-0.09;-0.84;-0.84;0.56
7187;-1.42;-9.97;-0.95;0.05;0.94;-0.08;-0.56;-0.42;0.56
7196;-1.39;-9.86;-0.82;0.05;0.94;-0.08;-0.14;-0.21;0.49
7204;-1.46;-9.93;-0.91;0.05;0.94;-0.08;0.07;-0.42;-0.07
7213;-1.38;-9.82;-0.98;0.06;0.94;-0.09;0.28;-0.28;0.07
7222;-1.44;-10.04;-1.03;0.06;0.94;-0.09;0.42;-0.14;0.35
7231;-1.37;-9.98;-1.01;0.06;0.94;-0.09;0.07;-0.91;0.49
7240;-1.50;-9.94;-1.07;0.05;0.94;-0.10;0.07;-1.26;0.14
7249;-1.38;-9.99;-1.05;0.05;0.94;-0.10;-1.12;-1.61;0.42
7257;-1.44;-9.98;-1.01;0.05;0.94;-0.10;-1.54;-1.19;0.21
7266;-1.35;-9.99;-0.93;0.05;0.95;-0.11;-1.75;-0.84;-0.21
7275;-1.48;-9.99;-0.99;0.05;0.95;-0.11;-1.26;-0.63;-0.21
7284;-1.47;-9.99;-0.79;0.05;0.95;-0.11;-0.56;-0.56;0.56
7293;-1.56;-10.00;-0.88;0.06;0.94;-0.10;0.21;-0.28;0.21
7301;-1.43;-9.99;-1.01;0.06;0.94;-0.10;0.35;-0.28;1.19
7310;-1.43;-9.97;-0.93;0.06;0.94;-0.10;0.42;-0.21;0.91
7319;-1.35;-9.88;-0.95;0.05;0.94;-0.09;-0.35;-0.91;0.56
7328;-1.46;-9.93;-0.97;0.05;0.94;-0.09;-0.91;-1.05;0.21
7337;-1.41;-9.96;-0.96;0.06;0.93;-0.10;-1.26;-1.75;0.21
7346;-1.45;-9.94;-0.88;0.06;0.93;-0.10;-0.63;-1.33;0.63
7354;-1.46;-9.94;-0.92;0.06;0.93;-0.10;-0.49;-1.40;0.77
7363;-1.46;-9.92;-0.97;0.06;0.95;-0.11;-0.21;-0.91;0.63
7372;-1.47;-9.85;-0.93;0.06;0.95;-0.11;-0.42;-0.70;0.35
7381;-1.41;-9.89;-0.95;0.06;0.95;-0.11;-0.49;-0.84;0.42
7390;-1.39;-9.91;-0.91;0.05;0.94;-0.09;-0.49;-0.70;17.85
7398;-1.42;-10.00;-0.98;0.05;0.94;-0.09;-0.70;-0.49;0.07
7407;-1.46;-10.01;-0.90;0.05;0.94;-0.09;-1.05;-0.56;0.49
7416;-1.51;-9.95;-0.94;0.05;0.94;-0.11;-0.98;-0.35;0.70
7425;-1.46;-9.96;-0.95;0.05;0.94;-0.11;-0.63;-0.35;1.12
7434;-1.43;-9.99;-0.90;0.05;0.94;-0.11;17.78;-0.70;0.77
7442;-1.39;-9.91;-0.87;0.05;0.94;-0.09;-0.77;-0.77;0.42
7451;-1.41;-9.94;-1.00;0.05;0.94;-0.09;-0.98;-0.70;0.42
7460;-1.32;-9.87;-0.83;0.05;0.94;-0.09;-1.19;-0.56;0.21
7469;-1.38;-9.93;-0.95;0.05;0.94;-0.10;-0.91;-0.21;-0.21
7478;-1.39;-9.95;-0.81;0.05;0.94;-0.10;-0.56;-0.07;-0.14
7486;-1.48;-9.91;-0.90;0.05;0.94;-0.10;-0.70;0.14;-0.07
7495;-1.39;-9.93;-0.88;0.05;0.94;-0.09;0.00;0.35;0.21
7504;-1.37;-10.02;-1.03;0.05;0.94;-0.09;0.07;0.28;-0.28
7513;-1.37;-9.93;-1.19;0.05;0.94;-0.09;-0.14;-0.07;-0.07
7522;-1.38;-9.91;-1.04;0.06;0.93;-0.09;0.07;-0.49;-0.28
7530;-1.42;-10.00;-1.18;0.06;0.93;-0.09;-0.35;-0.98;-0.49
7539;-1.32;-9.96;-0.95;0.06;0.93;-0.09;-0.98;-1.33;-0.49
7548;-1.32;-9.88;-0.95;0.06;0.94;-0.09;-0.91;-0.91;-0.42
7557;-1.41;-10.01;-0.95;0.06;0.94;-0.09;-1.26;-0.63;-0.21
7566;-1.50;-9.99;-1.04;0.06;0.94;-0.09;-1.54;-1.12;-0.63
7574;-1.48;-10.04;-0.99;0.06;0.94;-0.10;-1.19;-0.77;-0.63
7583;-1.41;-9.94;-0.87;0.06;0.94;-0.10;-0.91;-0.35;-0.21
7592;-1.39;-9.90;-0.97;0.06;0.94;-0.10;-0.56;-0.35;-0.14
7601;-1.46;-9.96;-0.97;0.05;0.94;-0.09;0.00;-0.07;0.07
7610;-1.36;-9.90;-0.91;0.05;0.94;-0.09;-0.28;-0.49;0.07
7619;-1.40;-9.91;-1.03;0.05;0.94;-0.09;-0.14;0.28;0.35
7627;-1.44;-9.93;-0.95;0.06;0.94;-0.09;-0.35;-0.28;0.14
7636;-1.48;-9.91;-1.11;0.06;0.94;-0.09;-0.49;-0.21;-0.14
7645;-1.48;-9.92;-1.03;0.06;0.94;-0.09;-0.35;-0.56;-0.35
7654;-1.41;-9.92;-1.00;0.06;0.94;-0.09;-0.63;-1.05;-0.28
7662;-1.44;-9.99;-0.90;0.06;0.94;-0.09;-0.84;-1.05;-0.35
7671;-1.38;-10.01;-0.95;0.05;0.95;-0.09;-0.63;-1.05;-0.14
7680;-1.36;-9.96;-0.86;0.05;0.95;-0.09;-1.12;-0.77;-0.07
7689;-1.30;-9.88;-0.85;0.05;0.95;-0.09;-1.61;-0.91;-0.14
7698;-1.44;-9.92;-0.89;0.06;0.94;-0.10;-1.47;-0.84;-0.07
7707;-1.51;-9.96;-0.76;0.06;0.94;-0.10;-1.47;-0.28;-0.21
7716;-1.43;-9.96;-0.81;0.06;0.94;-0.10;-0.21;0.07;0.14
7724;-1.35;-9.89;-0.97;0.04;0.93;-0.10;0.84;0.35;0.35
7733;-1.36;-9.99;-0.96;0.04;0.93;-0.10;0.77;0.14;0.14
7742;-1.30;-10.01;-1.03;0.04;0.93;-0.10;0.00;-0.35;0.07
7751;-1.42;-9.94;-1.14;0.05;0.95;-0.09;-0.63;-0.49;-0.07
7759;-1.44;-9.89;-0.98;0.05;0.95;-0.09;-1.19;-0.56;-0.42
7768;-1.46;-9.87;-1.06;0.05;0.95;-0.09;-1.26;-0.63;-0.21
7777;-1.45;-9.92;-1.16;0.06;0.93;-0.10;-1.12;-0.56;-0.56
7786;-1.52;-9.79;-1.00;0.06;0.93;-0.10;-1.26;-0.14;-0.42
7795;-1.35;-9.92;-1.08;0.06;0.93;-0.10;-0.84;-0.35;-0.56
7803;-1.44;-9.96;-1.00;0.06;0.94;-0.09;-1.19;-0.56;-0.42
7812;-1.36;-9.99;-1.00;0.06;0.94;-0.09;-1.26;-0.63;-0.98
7821;-1.46;-9.95;-0.95;0.06;0.94;-0.09;-1.26;-0.70;-0.42
7830;-1.36;-10.14;-0.90;0.04;0.94;-0.10;-1.05;-1.05;-0.42
7839;-1.44;-9.96;-0.83;0.04;0.94;-0.10;-0.91;-1.19;-0.14
7847;-1.37;-10.02;-0.85;0.04;0.94;-0.10;-0.42;-1.12;0.70
7856;-1.39;-10.03;-0.84;0.05;0.94;-0.09;0.07;-0.42;0.56
7865;-1.50;-9.93;-0.89;0.05;0.94;-0.09;-0.56;-0.07;0.49
7874;-1.41;-10.02;-0.95;0.05;0.94;-0.09;-0.70;0.07;0.70
7883;-1.46;-10.06;-0.91;0.06;0.94;-0.09;-0.84;-0.42;0.42
7891;-1.46;-9.96;-0.98;0.06;0.94;-0.09;-0.91;-0.42;0.63
7900;-1.36;-9.93;-0.90;0.06;0.94;-0.09;-0.91;-0.77;0.28
7909;-1.42;-9.95;-0.92;0.05;0.94;-0.11;-0.70;-0.63;0.49
7918;-1.42;-9.82;-0.91;0.05;0.94;-0.11;-0.98;-0.91;-0.07
7927;-1.29;-9.88;-1.00;0.05;0.94;-0.09;-0.70;-0.56;0.07
7936;-1.43;-9.96;-0.90;0.05;0.94;-0.09;-1.05;-0.77;-0.14
7944;-1.41;-9.90;-0.90;0.05;0.94;-0.09;-1.40;-0.42;-0.49
7953;-1.44;-9.94;-0.88;0.05;0.94;-0.10;-1.89;-0.77;-0.49
7962;-1.49;-9.93;-0.84;0.05;0.94;-0.10;-1.26;-0.35;0.07
7971;-1.54;-10.00;-0.78;0.05;0.94;-0.10;-0.84;0.07;0.21
7979;-1.50;-9.91;-1.04;0.05;0.94;-0.09;-0.07;0.28;0.00
7988;-1.39;-9.81;-1.11;0.05;0.94;-0.09;-0.56;0.00;0.42
7997;-1.38;-9.87;-1.11;0.05;0.94;-0.09;-0.84;-0.49;-0.28
8006;-1.38;-10.01;-1.00;0.06;0.94;-0.09;-1.26;-1.12;-0.35
8015;-1.48;-9.97;-1.10;0.06;0.94;-0.09;-1.33;-1.33;-0.35
8024;-1.47;-9.99;-0.80;0.06;0.94;-0.09;-0.91;-1.33;-0.21
8032;-1.44;-10.05;-0.94;0.05;0.95;-0.10;-1.12;-0.84;0.21
8041;-1.45;-10.11;-0.88;0.05;0.95;-0.10;-1.05;-0.77;0.70
8050;-1.46;-10.06;-0.91;0.05;0.95;-0.10;-0.91;-0.63;0.84
8059;-1.44;-9.98;-0.93;0.06;0.95;-0.09;-0.98;-0.77;0.91
8067;-1.36;-9.77;-0.93;0.06;0.95;-0.09;-1.33;-0.56;0.35
8076;-1.48;-9.86;-0.85;0.06;0.95;-0.09;-1.40;-0.42;0.42
8085;-1.41;-9.87;-0.92;0.05;0.95;-0.10;-0.91;-0.56;0.21
8094;-1.36;-9.92;-0.98;0.05;0.95;-0.10;-0.77;-0.49;0.42
8102;-1.46;-9.88;-0.93;0.05;0.95;-0.10;-1.05;-0.77;-0.21
8111;-1.43;-9.84;-0.89;0.05;0.94;-0.10;-1.40;-0.42;-0.49
8120;-1.41;-9.86;-0.80;0.05;0.94;-0.10;-1.96;-0.63;-0.63
8129;-1.49;-9.97;-0.85;0.05;0.94;-0.10;-1.61;-0.70;-0.35
8138;-1.52;-10.04;-0.78;0.04;0.96;-0.09;-1.12;-0.70;-0.35
8146;-1.45;-9.89;-0.78;0.04;0.96;-0.09;-0.63;-0.49;-0.07
8155;-1.55;-9.95;-0.81;0.04;0.96;-0.09;-0.28;-0.28;0.00
8164;-1.50;-10.00;-0.91;0.06;0.94;-0.09;-0.14;0.49;0.49
8173;-1.49;-10.02;-0.90;0.06;0.94;-0.09;0.70;0.49;0.42
8182;-1.54;-9.92;-0.84;0.06;0.94;-0.09;0.49;0.42;0.77
8190;-1.30;-9.98;-1.10;0.06;0.95;-0.10;-0.21;0.56;0.35
8199;-1.37;-9.96;-1.10;0.06;0.95;-0.10;-1.26;-0.35;0.07
8208;-1.43;-9.94;-0.91;0.06;0.95;-0.10;-2.24;-0.35;-0.21
8217;-1.48;-9.89;-0.86;0.05;0.94;-0.10;-2.52;-0.49;0.00
8226;-1.38;-9.97;-0.82;0.05;0.94;-0.10;-2.17;-0.42;0.14
8234;-1.47;-9.97;-0.83;0.05;0.94;-0.10;-1.12;-0.49;0.42
8243;-1.41;-9.81;-0.71;0.05;0.94;-0.10;0.07;0.21;0.56
8252;-1.38;-9.86;-0.85;0.05;0.94;-0.10;0.42;0.56;1.12
8261;-1.49;-9.86;-0.98;0.05;0.94;-0.09;0.28;0.56;0.70
8269;-1.41;-9.88;-0.95;0.05;0.94;-0.09;0.42;0.35;0.21
8278;-1.31;-9.87;-0.93;0.05;0.94;-0.09;-0.14;0.49;-0.35
8287;-1.37;-9.96;-1.00;0.05;0.94;-0.10;-1.19;0.28;-0.49
8296;-1.54;-9.93;-0.84;0.05;0.94;-0.10;-2.03;-17.92;-0.98
8305;-1.52;-9.96;-0.86;0.05;0.94;-0.10;-2.24;-0.35;-0.77
8314;-1.49;-9.95;-0.80;0.05;0.94;-0.10;-1.89;0.00;-0.42
8322;-1.54;-10.04;-0.85;0.05;0.94;-0.10;-0.77;0.56;0.21
8331;-1.46;-10.12;-1.00;0.05;0.94;-0.10;0.28;0.28;1.05
8340;-1.40;-10.06;-0.98;0.06;0.95;-0.09;0.70;0.00;1.05
8349;-1.36;-10.02;-1.06;0.06;0.95;-0.09;1.12;-0.42;1.47
8357;-1.41;-10.01;-1.01;0.06;0.95;-0.09;0.49;-0.56;0.63
8366;-1.40;-10.06;-1.06;0.05;0.94;-0.09;-0.42;-0.77;0.42
8375;-1.46;-9.91;-1.08;0.05;0.94;-0.09;-1.61;-1.19;0.42
8384;-1.42;-9.93;-0.98;0.05;0.94;-0.09;-1.82;-1.33;0.56
8393;-1.37;-10.03;-0.93;0.05;0.95;-0.10;-1.89;-1.19;0.21
8401;-1.33;-9.95;-0.83;0.05;0.95;-0.10;-1.40;-0.91;1.05
8410;-1.38;-9.91;-0.77;0.05;0.95;-0.10;-1.26;-0.42;1.47
8419;-1.33;-9.88;-0.82;0.05;0.95;-0.10;-0.77;0.07;0.70
8428;-1.35;-9.81;-0.77;0.05;0.95;-0.10;-0.91;0.28;0.91
8436;-1.35;-9.92;-0.88;0.05;0.95;-0.10;-0.42;0.42;0.84
8445;-1.39;-9.93;-1.00;0.05;0.94;-0.09;-0.28;-0.14;0.77
8454;-1.48;-9.99;-1.00;0.05;0.94;-0.09;-0.21;-0.14;0.00
8463;-1.44;-9.91;-1.01;0.05;0.94;-0.09;-0.91;-0.35;0.35
8472;-1.35;-9.99;-1.06;0.06;0.95;-0.09;-1.33;-0.56;0.21
8480;-1.41;-10.04;-0.98;0.06;0.95;-0.09;-1.54;-0.70;0.28
8489;-1.43;-9.99;-0.99;0.06;0.95;-0.09;-1.89;-0.98;0.42
8498;-1.43;-9.97;-0.89;0.04;0.94;-0.09;-0.98;-0.84;0.77
8507;-1.46;-10.01;-0.80;0.04;0.94;-0.09;-1.12;-0.49;0.42
8515;-1.44;-10.00;-1.03;0.04;0.94;-0.09;-1.12;-0.49;0.56
8524;-1.54;-9.96;-0.99;0.05;0.95;-0.09;-1.26;-0.49;0.63
8533;-1.48;-9.93;-0.93;0.05;0.95;-0.09;-1.26;-0.49;0.63
8542;-1.41;-10.01;-0.83;0.05;0.95;-0.10;-0.98;-0.28;1.19
8551;-1.39;-9.83;-0.90;0.05;0.96;-0.10;-0.77;-0.63;0.84
8559;-1.44;-9.80;-0.93;0.05;0.96;-0.10;-1.26;-0.14;0.91
8568;-1.40;-9.81;-0.90;0.05;0.94;-0.09;-1.89;-0.42;-0.07
8577;-1.54;-9.72;-0.83;0.05;0.94;-0.09;-1.89;-0.84;0.00
8586;-1.46;-9.81;-0.72;0.05;0.94;-0.09;-1.89;-0.70;-0.07
8595;-1.50;-9.73;-0.68;0.06;0.95;-0.11;-0.98;-0.49;-0.07
8604;-1.43;-9.73;-0.75;0.06;0.95;-0.11;-0.63;-0.21;0.07
8612;-1.46;-9.78;-0.78;0.06;0.95;-0.11;0.21;-0.21;0.07
8621;-1.49;-9.85;-0.93;0.06;0.94;-0.08;-0.07;-0.07;0.07
8630;-1.42;-9.77;-0.84;0.06;0.94;-0.08;-0.28;0.07;-0.28
8639;-1.34;-9.81;-1.03;0.06;0.94;-0.08;-0.56;0.56;-0.56
8648;-1.35;-9.81;-1.06;0.05;0.94;-0.09;-0.70;0.28;-0.70
8656;-1.35;-9.88;-0.87;0.05;0.94;-0.09;-0.63;-0.21;-1.19
8665;-1.36;-9.87;-0.85;0.05;0.94;-0.09;-1.26;-1.33;-2.03
8674;-1.38;-9.99;-0.88;0.06;0.94;-0.09;-1.47;-1.26;-1.96
8683;-1.43;-10.06;-0.85;0.06;0.94;-0.09;-0.77;-1.12;-1.26
8692;-1.36;-10.05;-0.84;0.06;0.94;-0.09;-0.21;-0.91;-0.63
8700;-1.39;-10.02;-0.88;0.06;0.94;-0.11;0.14;-0.42;-0.35
8709;-1.34;-10.03;-0.86;0.06;0.94;-0.11;-0.42;-0.28;-0.14
8718;-1.39;-9.91;-1.04;0.06;0.94;-0.11;-0.98;0.00;-0.07
8727;-1.42;-9.86;-0.88;0.06;0.93;-0.09;-1.05;0.00;-0.42
8735;-1.40;-9.91;-0.99;0.06;0.93;-0.09;-1.12;-0.42;-1.05
8744;-1.48;-9.99;-0.99;0.06;0.93;-0.09;-0.84;-0.77;-1.12
8753;-1.49;-9.88;-0.92;0.05;0.94;-0.08;-0.56;-1.12;-1.26
8762;-1.54;-9.96;-0.82;0.05;0.94;-0.08;-0.35;-0.84;-1.26
8771;-1.46;-10.09;-1.03;0.05;0.94;-0.08;-0.77;-0.91;-0.70
8779;-1.44;-10.04;-0.88;0.05;0.93;-0.10;-0.91;-0.98;-0.70
8788;-1.36;-10.03;-0.91;0.05;0.93;-0.10;-1.05;-1.12;-0.77
8797;-1.43;-10.19;-0.78;0.05;0.93;-0.10;-0.98;-1.19;-0.28
8806;-1.44;-10.16;-0.73;0.05;0.94;-0.10;-1.33;-1.12;-0.42
8815;-1.51;-10.06;-0.76;0.05;0.94;-0.10;-1.05;-0.84;-0.21
8824;-1.46;-10.19;-0.73;0.05;0.94;-0.10;-0.56;0.21;0.49
8832;-1.58;-10.11;-0.85;0.05;0.94;-0.08;0.07;0.42;0.84
8841;-1.54;-10.12;-0.82;0.05;0.94;-0.08;0.63;0.56;1.19
8850;-1.39;-10.04;-0.92;0.05;0.94;-0.09;0.42;0.28;1.54
8859;-1.42;-9.98;-0.97;0.05;0.94;-0.09;0.00;-0.14;1.40
8867;-1.43;-9.95;-1.05;0.05;0.94;-0.09;-0.98;-1.19;0.91
8876;-1.36;-9.98;-1.03;0.05;0.94;-0.09;-1.75;-1.26;0.91
8885;-1.41;-9.93;-0.80;0.05;0.94;-0.09;-2.10;-1.54;0.14
8894;-1.40;-9.91;-0.72;0.05;0.94;-0.09;-1.89;-1.26;0.28
8903;-1.44;-9.83;-0.73;0.06;0.94;-0.09;-1.40;-1.12;0.28
8911;-1.56;-9.93;-0.89;0.06;0.94;-0.09;-1.05;-0.35;0.63
8920;-1.42;-9.91;-0.88;0.06;0.94;-0.09;-0.77;0.21;0.56
8929;-1.42;-9.80;-0.93;0.05;0.94;-0.09;0.00;-0.35;0.28
8938;-1.32;-9.86;-1.02;0.05;0.94;-0.09;-0.63;-0.63;0.00
8946;-1.49;-9.83;-0.89;0.05;0.94;-0.09;-1.54;-1.26;-0.56
8955;-1.41;-9.95;-0.96;0.06;0.93;-0.10;-1.47;-1.19;-0.84
8964;-1.44;-9.96;-0.88;0.06;0.93;-0.10;-2.03;-1.19;-0.56
8973;-1.45;-10.03;-0.88;0.06;0.93;-0.10;-2.59;-1.33;-0.42
8981;-1.54;-9.99;-0.80;0.06;0.94;-0.10;-2.10;-1.82;-0.14
8990;-1.49;-10.04;-0.80;0.06;0.94;-0.10;-1.47;-1.68;0.00
8999;-1.56;-10.09;-0.77;0.06;0.94;-0.10;-1.12;-1.54;0.91
9008;-1.54;-10.09;-0.52;0.05;0.94;-0.10;-0.14;-0.98;1.26
9017;-1.53;-9.81;-0.62;0.05;0.94;-0.10;-0.28;-0.21;1.54
9025;-1.51;-9.79;-0.58;0.05;0.94;-0.10;-0.28;0.28;1.05
9034;-1.43;-9.88;-0.60;0.05;0.93;-0.09;0.07;0.84;0.91
9043;-1.44;-9.73;-0.67;0.05;0.93;-0.09;0.14;0.70;0.28
9052;-1.49;-9.71;-0.68;0.05;0.93;-0.09;0.42;1.05;0.56
9060;-1.41;-9.87;-0.78;0.05;0.93;-0.10;0.42;0.49;-0.35
9069;-1.48;-9.90;-0.77;0.05;0.93;-0.10;0.14;0.63;-0.77
9078;-1.40;-9.89;-0.80;0.05;0.93;-0.10;0.21;0.42;-0.70
9087;-1.42;-9.91;-0.80;0.05;0.95;-0.11;-0.49;1.19;-0.35
9095;-1.40;-9.93;-0.73;0.05;0.95;-0.11;-0.21;1.26;-0.42
9104;-1.43;-9.95;-0.88;0.05;0.95;-0.11;-0.63;1.33;-0.56
9113;-1.41;-9.94;-0.80;0.06;0.93;-0.09;-1.05;2.38;-0.49
9122;-1.41;-9.91;-0.75;0.06;0.93;-0.09;-1.40;2.59;-0.42
9131;-1.43;-9.84;-1.03;0.06;0.93;-0.09;-1.68;2.66;-0.49
9140;-1.41;-9.78;-1.10;0.05;0.93;-0.09;-1.40;1.96;-0.84
9148;-1.42;-9.85;-1.18;0.05;0.93;-0.09;-1.12;0.98;-1.19
9157;-1.36;-9.88;-1.03;0.05;0.93;-0.09;-1.82;0.77;-0.91
9166;-1.30;-9.86;-1.18;0.06;0.94;-0.08;-1.96;0.14;-0.91
9175;-1.34;-9.94;-1.09;0.06;0.94;-0.08;-2.17;-0.07;-1.12
9184;-1.46;-9.95;-0.98;0.05;0.93;-0.09;-2.52;-0.42;-1.61
9192;-1.32;-9.93;-0.95;0.05;0.93;-0.09;-3.29;0.21;-1.68
9201;-1.41;-9.92;-0.80;0.05;0.93;-0.09;-3.36;0.21;-1.26
9210;-1.41;-9.93;-0.73;0.04;0.94;-0.09;-3.50;0.28;-1.68
9219;-1.44;-9.90;-0.98;0.04;0.94;-0.09;-3.15;0.28;-1.61
9228;-1.45;-9.95;-0.92;0.04;0.94;-0.09;-2.31;-0.07;-1.47
9236;-1.49;-10.09;-0.93;0.06;0.94;-0.10;-1.26;-0.28;-1.19
9245;-1.55;-10.06;-0.99;0.06;0.94;-0.10;-0.91;-0.70;-1.05
9254;-1.50;-10.00;-1.00;0.06;0.94;-0.10;-1.33;-0.49;-0.56
9263;-1.42;-10.00;-0.92;0.05;0.93;-0.09;-0.91;-0.49;-0.49
9272;-1.47;-10.05;-0.99;0.05;0.93;-0.09;-1.54;-1.26;-0.77
9281;-1.56;-10.01;-0.89;0.05;0.93;-0.09;-1.68;-1.68;-0.35
9289;-1.52;-9.99;-0.88;0.06;0.94;-0.10;-2.38;-1.75;-0.56
9298;-1.47;-9.99;-0.78;0.06;0.94;-0.10;-1.82;-1.12;-0.63
9307;-1.52;-10.02;-0.70;0.06;0.94;-0.10;-2.10;-1.05;-0.35
9316;-1.64;-10.00;-0.72;0.05;0.94;-0.09;-1.61;-0.56;-0.28
9325;-1.59;-10.02;-0.79;0.05;0.94;-0.09;-1.54;-0.84;0.00
9333;-1.54;-9.90;-0.74;0.05;0.94;-0.09;-1.26;-0.56;0.49
9342;-1.46;-9.98;-0.73;0.06;0.94;-0.10;-1.47;-0.42;0.49
9351;-1.50;-9.87;-0.82;0.06;0.94;-0.10;-1.19;0.07;0.28
9360;-1.57;-9.95;-0.78;0.06;0.94;-0.10;-1.05;-0.70;0.56
9368;-1.59;-9.91;-0.83;0.05;0.94;-0.10;-0.84;-0.63;0.00
9377;-1.48;-9.94;-0.73;0.05;0.94;-0.10;-1.05;-0.98;0.07
9386;-1.54;-9.98;-0.90;0.05;0.94;-0.10;-0.70;-1.61;0.42
9395;-1.46;-9.96;-0.74;0.06;0.93;-0.10;-0.63;-1.47;0.35
9404;-1.54;-9.93;-0.77;0.06;0.93;-0.10;0.49;-1.75;0.98
9413;-1.46;-9.94;-0.76;0.06;0.93;-0.10;0.28;-1.61;0.35
9421;-1.44;-9.81;-0.78;0.06;0.94;-0.10;-0.77;-1.40;0.00
9430;-1.51;-9.93;-0.81;0.06;0.94;-0.10;-1.40;-1.19;-0.14
9439;-1.48;-9.94;-0.82;0.06;0.94;-0.10;-1.26;-1.05;-0.42
9448;-1.50;-10.09;-0.79;0.05;0.94;-0.09;-0.84;-0.91;-0.21
9456;-1.51;-10.00;-0.72;0.05;0.94;-0.09;-0.14;-0.91;0.00
9465;-1.53;-10.02;-0.80;0.05;0.94;-0.09;17.64;-0.84;0.07
9474;-1.48;-9.98;-0.83;0.05;0.94;-0.09;0.28;-0.56;0.42
9483;-1.45;-10.00;-0.87;0.05;0.94;-0.09;0.42;-0.56;0.63
9492;-1.45;-9.89;-0.86;0.05;0.94;-0.10;-0.56;-1.26;0.63
9500;-1.39;-9.86;-0.79;0.05;0.94;-0.10;-0.42;-1.61;0.42
9509;-1.49;-9.91;-0.82;0.05;0.94;-0.10;-0.98;-1.47;0.49
9518;-1.48;-9.90;-0.65;0.05;0.93;-0.10;-1.40;-1.12;0.07
9527;-1.46;-10.00;-0.63;0.05;0.93;-0.10;-1.19;-0.35;0.49
9536;-1.55;-9.99;-0.68;0.05;0.93;-0.10;-0.70;-0.07;0.14
9544;-1.47;-9.93;-0.62;0.05;0.93;-0.10;-0.35;-0.14;-0.07
9553;-1.51;-9.93;-0.69;0.05;0.93;-0.10;0.28;0.28;0.56
9562;-1.54;-9.90;-0.80;0.05;0.93;-0.10;-0.07;-0.49;0.56
9571;-1.52;-9.95;-0.74;0.06;0.93;-0.09;0.98;-0.91;0.84
9579;-1.46;-9.90;-0.68;0.06;0.93;-0.09;0.49;-0.42;0.77
9588;-1.43;-9.92;-0.69;0.06;0.93;-0.09;0.00;0.00;0.70
9597;-1.49;-9.89;-0.72;0.06;0.94;-0.10;-0.14;0.49;0.77
9606;-1.51;-9.92;-0.79;0.06;0.94;-0.10;-1.05;0.21;0.77
9614;-1.55;-9.92;-0.90;0.06;0.94;-0.10;-0.35;0.28;0.56
9623;-1.61;-9.88;-0.92;0.06;0.93;-0.10;0.91;0.49;0.84
9632;-1.56;-9.83;-0.93;0.06;0.93;-0.10;1.33;0.28;0.84
9641;-1.50;-9.74;-0.97;0.06;0.93;-0.10;1.05;0.56;1.05
9650;-1.46;-9.83;-0.95;0.06;0.95;-0.10;1.19;-0.42;0.98
9658;-1.35;-9.80;-0.83;0.06;0.95;-0.10;0.98;-1.33;0.84
9667;-1.26;-9.81;-0.79;0.06;0.95;-0.10;1.54;-0.56;0.35
9676;-1.49;-9.82;-0.77;0.05;0.94;-0.10;0.77;-0.28;-0.28
9685;-1.44;-9.93;-0.88;0.05;0.94;-0.10;-0.35;-0.35;-0.84
9693;-1.44;-9.93;-0.88;0.05;0.94;-0.10;-0.49;0.14;-0.84
9702;-1.48;-9.99;-0.92;0.05;0.95;-0.10;0.00;-0.14;-0.70
9711;-1.48;-9.95;-1.02;0.05;0.95;-0.10;0.28;-0.49;0.14
9720;-1.51;-10.06;-1.02;0.05;0.95;-0.10;0.49;-0.63;0.28
9729;-1.41;-10.04;-0.90;0.06;0.94;-0.10;0.21;-0.63;0.35
9737;-1.46;-9.99;-0.86;0.06;0.94;-0.10;-0.70;-0.63;0.07
9746;-1.45;-10.04;-0.93;0.06;0.94;-0.10;-0.63;-1.19;0.21
9755;-1.39;-9.98;-0.87;0.06;0.94;-0.10;-0.91;-1.47;0.00
9764;-1.35;-10.02;-1.00;0.06;0.94;-0.10;-0.77;-0.91;0.14
9772;-1.46;-9.96;-0.73;0.06;0.94;-0.10;-0.21;-1.05;0.21
9781;-1.44;-9.95;-0.78;0.05;0.94;-0.09;-0.49;-0.28;-0.35
9790;-1.59;-9.97;-0.93;0.05;0.94;-0.09;-0.49;-0.35;0.07
9799;-1.44;-9.96;-0.92;0.05;0.94;-0.09;-0.28;-0.63;0.14
9808;-1.55;-10.03;-0.83;0.05;0.94;-0.09;-0.42;-0.91;0.28
9816;-1.42;-9.90;-0.78;0.05;0.94;-0.09;0.07;-0.91;0.07
9825;-1.50;-10.00;-0.88;0.06;0.94;-0.10;-0.49;-1.33;0.07
9834;-1.46;-9.99;-0.81;0.06;0.94;-0.10;-0.98;-1.19;-0.14
9843;-1.51;-9.93;-0.88;0.06;0.94;-0.10;-0.77;-1.26;-0.35
9852;-1.55;-9.97;-0.90;0.06;0.94;-0.10;-1.61;-1.12;-0.35
9860;-1.59;-10.06;-0.83;0.06;0.94;-0.10;-0.63;-1.33;0.14
9869;-1.42;-10.03;-0.78;0.06;0.94;-0.10;-0.77;-0.77;0.28
9878;-1.45;-9.96;-0.86;0.05;0.95;-0.09;-0.35;-1.05;0.77
9887;-1.44;-10.01;-0.80;0.05;0.95;-0.09;-0.63;-1.19;0.70
9896;-1.49;-9.89;-0.78;0.05;0.95;-0.09;-0.84;-0.70;0.63
9904;-1.44;-9.95;-0.65;0.06;0.94;-0.09;-1.19;-0.84;0.35
9913;-1.44;-9.97;-0.80;0.06;0.94;-0.09;-1.05;-0.14;0.56
9922;-1.55;-9.90;-0.76;0.06;0.94;-0.09;-0.42;0.07;0.35
9931;-1.53;-9.97;-0.68;0.05;0.94;-0.11;0.07;0.42;0.63
9940;-1.45;-9.95;-0.75;0.05;0.94;-0.11;0.91;0.49;0.84
9948;-1.51;-9.90;-0.80;0.05;0.94;-0.11;0.91;-0.35;0.63
9957;-1.42;-9.81;-0.89;0.06;0.94;-0.10;-0.35;-0.42;0.42
9966;-1.43;-9.84;-0.85;0.06;0.94;-0.10;-1.19;-1.12;-0.14
9975;-1.32;-9.83;-0.80;0.06;0.94;-0.10;-1.40;-0.84;-0.49
9983;-1.49;-9.82;-0.82;0.05;0.94;-0.10;-1.89;-0.84;-0.56
9992;-1.53;-9.91;-0.93;0.05;0.94;-0.10;-1.26;-0.63;-0.42
10001;-1.43;-9.88;-0.76;0.05;0.94;-0.10;-0.70;-0.42;-0.49
10010;-1.53;-9.94;-0.65;0.06;0.94;-0.11;0.14;-0.07;-0.21
10019;-1.45;-9.88;-0.72;0.06;0.94;-0.11;0.70;0.77;-0.14
10027;-1.46;-9.96;-0.88;0.06;0.94;-0.11;0.84;0.98;0.14
10036;-1.46;-9.91;-1.02;0.05;0.95;-0.10;0.63;0.70;0.35
10045;-1.49;-9.78;-1.06;0.05;0.95;-0.10;0.07;0.07;0.21
10054;-1.44;-9.83;-0.95;0.05;0.95;-0.10;-0.35;-0.56;0.14
10062;-1.39;-9.83;-0.97;0.06;0.94;-0.11;-0.98;-0.70;-0.42
10071;-1.44;-9.83;-0.99;0.06;0.94;-0.11;-0.77;-1.75;-1.26
10080;-1.46;-9.85;-0.97;0.06;0.94;-0.11;-1.05;-1.05;-0.98
10089;-1.50;-9.96;-0.94;0.05;0.94;-0.10;-0.98;-1.40;-1.54
10098;-1.46;-9.99;-0.94;0.05;0.94;-0.10;-0.56;-1.40;-0.91
10106;-1.46;-9.99;-0.93;0.05;0.94;-0.10;-0.42;-1.12;-0.77
10115;-1.56;-9.96;-0.83;0.06;0.94;-0.10;-0.21;-0.70;-0.07
10124;-1.42;-9.93;-0.79;0.06;0.94;-0.10;-0.28;-0.91;-0.49
10133;-1.48;-10.01;-0.80;0.05;0.94;-0.10;-0.14;-0.21;-0.28
10142;-1.51;-9.91;-0.80;0.05;0.94;-0.10;-1.19;-0.42;-0.56
10150;-1.46;-10.00;-0.78;0.05;0.94;-0.10;-0.56;-0.21;-0.70
10159;-1.52;-9.84;-0.80;0.05;0.94;-0.09;-0.98;-0.35;-0.28
10168;-1.51;-9.93;-0.72;0.05;0.94;-0.09;-0.42;-0.21;-0.42
10177;-1.59;-9.95;-0.88;0.05;0.94;-0.09;0.21;-0.28;-0.35
10186;-1.51;-9.91;-0.80;0.05;0.93;-0.09;0.63;-0.14;-0.77
10194;-1.44;-9.90;-0.80;0.05;0.93;-0.09;0.28;-0.42;-0.84
10203;-1.53;-9.96;-0.93;0.05;0.93;-0.09;-0.21;-1.12;-0.56
10212;-1.49;-9.98;-0.67;0.06;0.95;-0.10;-0.42;-1.19;-0.63
10221;-1.62;-9.99;-0.64;0.06;0.95;-0.10;0.14;-0.63;-0.84
10230;-1.48;-10.05;-0.73;0.06;0.95;-0.10;-0.70;0.00;-0.42
10238;-1.54;-10.10;-0.80;0.05;0.93;-0.09;-0.56;0.35;-0.35
10247;-1.61;-10.07;-0.70;0.05;0.93;-0.09;0.07;0.28;-0.28
10256;-1.56;-9.99;-0.75;0.05;0.93;-0.09;0.70;0.70;0.21
10265;-1.49;-10.05;-0.83;0.04;0.94;-0.10;0.91;0.63;0.07
10274;-1.49;-10.00;-0.95;0.04;0.94;-0.10;0.70;0.14;-0.07
10282;-1.49;-10.03;-0.78;0.04;0.94;-0.10;0.42;-0.49;-0.07
10291;-1.51;-9.96;-0.91;0.05;0.93;-0.10;0.28;-0.63;-0.56
10300;-1.53;-10.04;-0.87;0.05;0.93;-0.10;-0.14;-0.84;-0.77
10309;-1.52;-10.06;-0.96;0.05;0.93;-0.10;-1.12;-0.35;-0.21
10318;-1.60;-10.11;-0.74;0.05;0.94;-0.10;-1.19;-0.21;-0.56
10326;-1.54;-10.14;-0.95;0.05;0.94;-0.10;-0.56;-0.21;-0.14
10335;-1.55;-10.11;-0.83;0.05;0.94;-0.10;-0.28;0.07;0.77
10344;-1.54;-10.10;-0.87;0.05;0.94;-0.10;-0.56;0.63;0.91
10353;-1.53;-10.02;-0.91;0.05;0.94;-0.10;-0.35;0.14;1.26
10362;-1.51;-9.94;-0.83;0.05;0.94;-0.10;-0.35;0.28;1.61
10370;-1.47;-9.90;-1.00;0.05;0.93;-0.09;0.14;0.56;1.05
10379;-1.51;-9.97;-1.09;0.05;0.93;-0.09;0.14;0.28;0.77
10388;-1.49;-9.91;-0.90;0.05;0.93;-0.09;-0.42;-0.49;0.63
10397;-1.53;-9.94;-0.93;0.05;0.94;-0.12;-0.91;-0.84;0.28
10406;-1.41;-9.93;-0.94;0.05;0.94;-0.12;-0.91;-0.63;0.35
10414;-1.53;-9.89;-0.88;0.05;0.94;-0.12;-0.91;-0.49;0.28
10423;-1.52;-9.98;-0.98;0.06;0.94;-0.10;-1.12;-0.63;0.56
10432;-1.38;-9.89;-0.85;0.06;0.94;-0.10;-0.63;-0.77;1.05
10441;-1.48;-9.83;-0.93;0.05;0.94;-0.11;-0.21;-0.84;0.98
10450;-1.40;-9.81;-0.93;0.05;0.94;-0.11;-0.49;-1.33;0.21
10459;-1.58;-9.95;-0.95;0.05;0.94;-0.11;-0.70;-1.75;0.35
10467;-1.46;-9.93;-0.89;0.06;0.95;-0.10;-1.12;-1.54;-0.21
10476;-1.41;-9.88;-0.83;0.06;0.95;-0.10;-1.54;-1.26;0.28
10485;-1.42;-9.94;-0.83;0.06;0.95;-0.10;-0.91;-0.91;0.91
10494;-1.46;-9.93;-0.88;0.05;0.95;-0.10;-0.21;-1.05;1.05
10503;-1.45;-9.82;-0.88;0.05;0.95;-0.10;-0.42;-1.26;1.19
10511;-1.49;-9.76;-0.91;0.05;0.95;-0.10;-0.49;-1.12;0.77
10520;-1.61;-9.74;-0.98;0.05;0.94;-0.09;-0.98;-0.63;0.56
10529;-1.43;-9.77;-0.75;0.05;0.94;-0.09;-1.19;-0.77;-0.28
10538;-1.59;-9.80;-0.96;0.05;0.94;-0.09;-0.91;-1.19;-0.14
10546;-1.53;-9.83;-0.98;0.05;0.94;-0.10;-0.28;-1.47;-0.14
10555;-1.47;-9.88;-0.93;0.05;0.94;-0.10;0.07;-1.61;-0.07
10564;-1.47;-9.91;-0.86;0.05;0.94;-0.10;-0.35;-1.68;-0.14
10573;-1.49;-9.83;-0.76;0.06;0.93;-0.10;-0.84;-1.68;-0.42
10582;-1.42;-9.84;-0.84;0.06;0.93;-0.10;-0.70;-1.40;-0.63
10591;-1.51;-9.98;-0.79;0.06;0.93;-0.10;-0.91;-1.26;-0.91
10599;-1.62;-10.00;-0.65;0.05;0.95;-0.09;-1.54;-1.40;-0.98
10608;-1.55;-10.04;-0.52;0.05;0.95;-0.09;-0.14;-1.40;-0.91
10617;-1.49;-10.16;-0.71;0.05;0.95;-0.09;0.21;-0.63;-0.14
10626;-1.55;-10.05;-0.73;0.05;0.93;-0.10;0.63;-0.14;0.14
10635;-1.51;-10.16;-0.85;0.05;0.93;-0.10;0.91;-0.56;0.56
10643;-1.49;-9.99;-0.92;0.05;0.93;-0.10;0.35;-0.56;1.19
10652;-1.46;-9.92;-0.90;0.05;0.93;-0.10;-0.28;-0.56;1.05
10661;-1.47;-9.96;-0.85;0.05;0.93;-0.10;-0.77;-0.91;0.98
10670;-1.44;-9.94;-0.79;0.05;0.93;-0.10;-0.91;-0.91;0.77
10678;-1.56;-9.91;-0.77;0.05;0.93;-0.09;-1.47;-0.84;0.28
10687;-1.59;-9.96;-0.80;0.05;0.93;-0.09;-0.77;0.00;0.63
10696;-1.54;-9.93;-0.80;0.05;0.93;-0.09;-0.28;-0.42;0.49
10705;-1.46;-9.99;-0.80;0.06;0.94;-0.09;0.28;-0.28;0.77
10714;-1.56;-9.90;-0.95;0.06;0.94;-0.09;-0.14;-0.42;0.77
10722;-1.55;-9.88;-0.93;0.06;0.94;-0.09;-0.14;-0.56;0.49
10731;-1.46;-9.89;-0.90;0.05;0.94;-0.09;-0.91;-0.49;0.42
10740;-1.56;-9.86;-0.86;0.05;0.94;-0.09;-1.26;-0.84;0.07
10749;-1.53;-9.84;-0.93;0.06;0.94;-0.09;-0.98;-0.49;0.56
10757;-1.44;-9.86;-0.88;0.06;0.94;-0.09;0.00;-0.84;0.63
10766;-1.46;-10.04;-0.84;0.06;0.94;-0.09;0.35;-0.49;0.56
10775;-1.49;-9.91;-0.80;0.06;0.94;-0.10;-0.07;-0.63;0.21
10784;-1.51;-9.97;-0.93;0.06;0.94;-0.10;-1.12;-0.63;0.77
10793;-1.46;-10.01;-0.93;0.06;0.94;-0.10;-1.33;-0.70;0.77
10801;-1.39;-9.92;-0.92;0.05;0.94;-0.08;-0.91;-0.35;0.70
10810;-1.59;-9.78;-0.88;0.05;0.94;-0.08;-0.70;-0.35;0.84
10819;-1.60;-9.81;-0.92;0.05;0.94;-0.08;-0.28;-0.14;0.56
10828;-1.46;-9.82;-0.88;0.05;0.94;-0.10;0.70;0.00;0.49
10837;-1.41;-9.73;-0.93;0.05;0.94;-0.10;0.56;-0.07;-0.07
10845;-1.41;-9.78;-0.93;0.05;0.94;-0.10;-0.14;0.00;-0.14
10854;-1.46;-9.88;-0.86;0.05;0.94;-0.10;-1.19;-0.70;-0.49
10863;-1.49;-9.81;-0.93;0.05;0.94;-0.10;-0.98;-1.54;-0.49
10872;-1.50;-9.84;-0.94;0.05;0.94;-0.10;-1.05;-1.54;-0.84
10880;-1.53;-9.88;-0.86;0.05;0.94;-0.09;-0.49;-1.40;-0.63
10889;-1.47;-9.81;-0.95;0.05;0.94;-0.09;-0.84;-1.12;-0.98
10898;-1.44;-9.81;-0.84;0.05;0.94;-0.09;-0.98;-1.12;-1.40
10907;-1.44;-9.83;-0.85;0.05;0.94;-0.10;-0.28;-0.70;-0.91
10916;-1.49;-9.96;-0.88;0.05;0.94;-0.10;0.07;-0.49;-0.70
10924;-1.56;-9.93;-0.89;0.05;0.94;-0.10;0.56;-0.49;-0.91
10933;-1.49;-9.93;-0.95;0.05;0.95;-0.09;0.28;-0.35;-1.19
10942;-1.51;-9.96;-1.05;0.05;0.95;-0.09;0.35;-0.28;-0.63
10951;-1.53;-9.95;-0.95;0.05;0.95;-0.09;-0.14;-0.28;-0.84
10960;-1.56;-10.01;-0.89;0.05;0.94;-0.10;-0.35;-0.63;-0.70
10968;-1.62;-10.01;-1.08;0.05;0.94;-0.10;-0.14;-1.40;-1.05
10977;-1.48;-9.88;-0.83;0.05;0.94;-0.10;-0.63;-1.61;-1.26
10986;-1.51;-10.02;-0.90;0.05;0.94;-0.11;-0.49;-1.68;-1.54
10995;-1.41;-10.01;-0.83;0.05;0.94;-0.11;-1.12;-1.40;-1.47
11003;-1.50;-10.11;-0.71;0.05;0.94;-0.11;-1.26;-1.40;-1.47
11012;-1.59;-10.12;-0.85;0.05;0.94;-0.09;-0.91;-1.12;-0.56
11021;-1.57;-10.16;-0.80;0.05;0.94;-0.09;-0.28;-0.84;-0.28
11030;-1.59;-10.07;-0.82;0.05;0.94;-0.09;-0.21;-0.56;0.00
11039;-1.54;-10.09;-0.75;0.05;0.95;-0.09;0.35;-0.28;-0.07
11047;-1.56;-9.99;-0.85;0.05;0.95;-0.09;0.63;-0.49;0.49
11056;-1.51;-9.99;-0.90;0.05;0.95;-0.09;0.63;-0.28;0.56
11065;-1.56;-9.99;-0.90;0.05;0.95;-0.09;0.70;-0.35;0.42
11074;-1.62;-9.96;-0.94;0.05;0.95;-0.09;-0.07;-0.28;0.49
11083;-1.51;-10.02;-0.93;0.06;0.94;-0.10;-0.77;-1.05;-0.35
11091;-1.51;-10.03;-0.90;0.06;0.94;-0.10;-0.91;-1.26;-0.21
11100;-1.57;-10.13;-0.83;0.06;0.94;-0.10;-1.33;-1.19;-0.07
11109;-1.67;-10.11;-0.80;0.05;0.95;-0.10;-1.12;-1.26;0.28
11118;-1.66;-10.07;-0.80;0.05;0.95;-0.10;-0.35;-0.91;0.49
11127;-1.61;-10.05;-0.83;0.05;0.95;-0.10;0.00;0.00;1.05
11135;-1.55;-9.99;-0.78;0.05;0.95;-0.09;0.00;0.21;1.40
11144;-1.59;-9.97;-0.83;0.05;0.95;-0.09;0.35;0.56;1.68
11153;-1.54;-9.92;-0.80;0.05;0.95;-0.09;-0.21;0.28;1.12
11162;-1.47;-9.93;-0.96;0.04;0.95;-0.09;-0.14;0.49;1.19
11171;-1.51;-9.90;-0.87;0.04;0.95;-0.09;-0.70;-0.21;0.77
11179;-1.48;-9.93;-0.96;0.04;0.95;-0.09;-1.12;-0.84;0.70
11188;-1.59;-9.95;-0.93;0.05;0.94;-0.08;-0.91;-1.05;0.77
11197;-1.50;-9.99;-0.80;0.05;0.94;-0.08;-0.70;-0.49;1.12
11206;-1.54;-9.93;-0.94;0.05;0.94;-0.08;-0.91;-0.28;1.68
11215;-1.50;-9.87;-1.00;0.06;0.95;-0.09;-0.98;-0.14;1.61
11223;-1.51;-9.85;-1.00;0.06;0.95;-0.09;-0.49;-0.42;0.91
11232;-1.52;-9.78;-0.95;0.06;0.95;-0.09;-0.42;-0.63;0.77
11241;-1.47;-9.82;-0.88;0.06;0.94;-0.10;-0.56;-1.19;0.56
11250;-1.41;-9.80;-0.85;0.06;0.94;-0.10;-0.56;-1.26;0.21
11259;-1.46;-9.88;-0.95;0.06;0.94;-0.10;-0.70;-0.49;-0.07
11267;-1.45;-9.85;-0.87;0.05;0.95;-0.09;-0.77;-0.63;-0.14
11276;-1.51;-9.96;-0.97;0.05;0.95;-0.09;-0.35;-0.77;0.07
11285;-1.46;-9.95;-0.86;0.05;0.95;-0.09;-0.42;-1.05;0.63
11294;-1.53;-9.92;-1.03;0.05;0.95;-0.09;-0.42;-0.91;0.77
11303;-1.54;-9.85;-0.88;0.05;0.95;-0.09;-0.63;-1.12;0.49
11311;-1.51;-9.84;-1.00;0.05;0.95;-0.09;-1.05;-1.33;0.35
11320;-1.41;-9.86;-0.95;0.05;0.95;-0.10;-0.84;-1.61;0.63
11329;-1.44;-9.88;-0.95;0.05;0.95;-0.10;-1.05;-1.33;0.07
11338;-1.45;-9.95;-0.94;0.05;0.95;-0.10;-0.91;-1.19;-0.21
11346;-1.41;-9.97;-0.73;0.05;0.94;-0.10;-0.07;-1.19;0.56
11355;-1.50;-9.91;-0.75;0.05;0.94;-0.10;0.00;-0.21;0.35
11364;-1.50;-9.91;-0.85;0.05;0.94;-0.09;0.14;-0.42;0.21
11373;-1.56;-9.87;-0.99;0.05;0.95;-0.09;-0.49;-0.77;0.00
11382;-1.62;-9.90;-0.93;0.05;0.95;-0.09;-0.98;-0.70;-0.28
11391;-1.53;-9.91;-0.75;0.06;0.94;-0.09;-0.42;-1.05;0.00
11399;-1.59;-9.95;-0.97;0.06;0.94;-0.09;-0.14;-1.33;0.07
11408;-1.45;-10.04;-0.88;0.06;0.94;-0.09;0.14;-1.40;0.28
11417;-1.52;-10.08;-0.90;0.05;0.95;-0.09;-0.21;-1.47;-0.14
11426;-1.59;-10.00;-0.88;0.05;0.95;-0.09;-0.84;-1.61;0.49
11435;-1.50;-9.91;-0.85;0.05;0.95;-0.09;-0.63;-0.70;0.63
11444;-1.51;-9.94;-0.78;0.05;0.94;-0.10;-0.70;-0.63;0.77
11452;-1.51;-9.83;-0.87;0.05;0.94;-0.10;-17.92;-0.21;0.63
11461;-1.51;-9.79;-0.94;0.05;0.94;-0.10;-0.07;-0.35;0.56
11470;-1.49;-9.80;-0.86;0.06;0.95;-0.08;-0.35;-0.70;-0.14
11479;-1.54;-9.80;-0.99;0.06;0.95;-0.08;-0.77;-1.33;-0.63
11488;-1.44;-9.78;-1.00;0.06;0.95;-0.08;-1.26;-1.47;-0.70
11496;-1.49;-9.90;-0.93;0.06;0.95;-0.10;-0.98;-1.75;-0.70
11505;-1.49;-9.86;-0.88;0.06;0.95;-0.10;-0.70;-2.17;-0.70
11514;-1.44;-9.97;-0.69;0.06;0.95;-0.10;-0.91;-1.68;-0.84
11523;-1.54;-10.16;-0.73;0.06;0.94;-0.09;-0.84;-1.33;-0.28
11532;-1.55;-10.15;-0.77;0.06;0.94;-0.09;-0.91;-1.19;-0.14
11540;-1.65;-10.09;-0.67;0.06;0.94;-0.09;-0.56;-0.70;0.49
11549;-1.62;-10.05;-0.90;0.06;0.95;-0.10;-0.35;-0.63;0.77
11558;-1.56;-9.93;-0.80;0.06;0.95;-0.10;0.56;-0.07;0.63
11567;-1.51;-9.93;-0.87;0.06;0.95;-0.10;0.35;-17.85;1.12
11576;-1.51;-9.93;-0.93;0.04;0.95;-0.10;0.21;-0.28;0.84
11584;-1.47;-9.90;-0.91;0.04;0.95;-0.10;0.14;-0.28;0.28
11593;-1.57;-9.89;-0.81;0.04;0.95;-0.10;-0.14;-0.84;0.07
11602;-1.54;-9.96;-0.83;0.05;0.95;-0.09;-0.42;-1.54;-0.14
11611;-1.43;-9.97;-0.87;0.05;0.95;-0.09;-0.14;-0.91;0.07
11620;-1.51;-9.96;-0.78;0.05;0.95;-0.09;-0.56;-1.26;0.35
11628;-1.53;-10.01;-0.75;0.06;0.94;-0.09;-0.14;-0.91;0.35
11637;-1.59;-9.95;-0.90;0.06;0.94;-0.09;-0.70;-0.84;0.35
11646;-1.46;-9.95;-0.88;0.06;0.94;-0.09;-1.19;-0.70;0.49
11655;-1.47;-9.86;-0.82;0.05;0.95;-0.10;-0.49;-0.63;0.28
11664;-1.51;-9.91;-0.88;0.05;0.95;-0.10;-0.14;-0.63;0.42
11672;-1.51;-9.88;-0.85;0.05;0.95;-0.08;0.63;-0.42;0.35
11681;-1.46;-9.96;-0.94;0.05;0.95;-0.08;0.35;-0.98;0.35
11690;-1.56;-10.02;-0.88;0.05;0.95;-0.08;0.28;-0.14;-0.07
11699;-1.58;-10.02;-0.86;0.05;0.95;-0.10;-0.28;-0.49;0.21
11708;-1.57;-10.08;-0.88;0.05;0.95;-0.10;-0.70;-0.91;0.28
11716;-1.59;-10.06;-0.99;0.05;0.95;-0.10;-0.70;-0.77;0.63
11725;-1.57;-10.01;-0.95;0.05;0.94;-0.08;-0.21;-1.05;0.63
11734;-1.53;-9.98;-0.80;0.05;0.94;-0.08;-0.77;-0.84;1.12
11743;-1.60;-9.97;-0.90;0.05;0.94;-0.08;-1.05;-1.40;0.77
11752;-1.59;-9.95;-0.89;0.05;0.94;-0.09;-0.84;-1.26;1.05
11761;-1.50;-9.83;-0.79;0.05;0.94;-0.09;-0.14;-1.19;1.19
11769;-1.47;-9.87;-0.85;0.05;0.94;-0.09;0.56;-0.56;0.77
11778;-1.51;-9.88;-0.92;0.06;0.94;-0.10;0.91;-1.26;0.91
11787;-1.54;-9.82;-0.95;0.06;0.94;-0.10;0.35;-0.49;0.42
11796;-1.51;-9.84;-0.86;0.06;0.94;-0.10;-0.28;-1.05;0.07
11805;-1.46;-9.88;-0.97;0.05;0.94;-0.10;-0.42;-0.98;0.35
11813;-1.37;-9.94;-0.93;0.05;0.94;-0.10;0.07;-1.19;0.49
11822;-1.58;-9.98;-0.84;0.05;0.94;-0.10;-0.14;-1.47;0.21
11831;-1.46;-9.91;-0.89;0.05;0.95;-0.09;-0.63;-0.91;0.21
11840;-1.50;-9.91;-0.89;0.05;0.95;-0.09;-0.63;-0.77;0.28
11849;-1.63;-9.96;-0.90;0.05;0.95;-0.09;0.14;-0.35;0.98
11857;-1.55;-9.86;-0.85;0.05;0.95;-0.09;1.05;-0.21;0.84
11866;-1.59;-9.93;-0.95;0.05;0.95;-0.09;1.26;-0.42;1.12
11875;-1.38;-9.92;-1.03;0.05;0.95;-0.09;0.98;-0.70;0.98
11884;-1.41;-9.86;-1.04;0.06;0.94;-0.09;0.98;-1.33;0.98
11892;-1.39;-9.78;-1.02;0.06;0.94;-0.09;0.35;-1.89;0.49
11901;-1.49;-9.77;-0.95;0.06;0.94;-0.09;-0.14;-2.24;-0.42
11910;-1.54;-9.82;-0.73;0.06;0.95;-0.09;-1.05;-2.17;-0.42
11919;-1.56;-9.98;-0.84;0.06;0.95;-0.09;-0.77;-1.61;-0.42
11928;-1.49;-10.04;-0.83;0.06;0.95;-0.09;-1.05;-0.91;17.85
11937;-1.54;-10.09;-0.85;0.06;0.95;-0.09;-0.21;0.00;0.35
11945;-1.60;-10.09;-0.88;0.06;0.95;-0.09;0.35;-0.42;0.77
11954;-1.47;-9.89;-0.85;0.06;0.95;-0.08;0.21;-0.70;0.56
11963;-1.50;-9.95;-0.88;0.06;0.94;-0.08;0.14;-1.05;0.21
11972;-1.47;-9.93;-0.85;0.06;0.94;-0.08;-0.56;-1.05;0.35
11981;-1.49;-9.88;-0.90;0.06;0.95;-0.08;-0.42;-1.40;0.00
11989;-1.62;-10.01;-0.85;0.06;0.95;-0.08;-0.42;-1.05;0.14
11998;-1.62;-9.96;-0.86;0.06;0.95;-0.08;0.07;-1.19;0.28
12007;-1.54;-9.93;-0.97;0.06;0.94;-0.09;0.35;-1.12;0.42
12016;-1.52;-9.97;-1.03;0.06;0.94;-0.09;0.35;-0.98;0.77
12025;-1.44;-10.00;-0.98;0.06;0.94;-0.09;-0.07;-1.47;0.21
12033;-1.47;-10.02;-0.93;0.06;0.95;-0.09;-1.19;-1.19;0.14
12042;-1.54;-9.96;-0.96;0.06;0.95;-0.09;-1.61;-0.77;0.28
12051;-1.62;-9.99;-0.78;0.06;0.95;-0.09;-1.89;-0.70;0.49
12060;-1.50;-9.93;-0.78;0.05;0.94;-0.08;-1.82;-0.63;0.98
12068;-1.63;-10.09;-0.75;0.05;0.94;-0.08;-0.35;0.00;1.12
12077;-1.62;-9.99;-0.85;0.05;0.94;-0.08;0.07;-0.07;1.19
12086;-1.51;-9.95;-0.88;0.07;0.95;-0.10;0.42;-0.28;1.54
12095;-1.46;-9.94;-0.91;0.07;0.95;-0.10;0.77;-0.14;1.33
12104;-1.51;-9.86;-1.03;0.07;0.95;-0.10;0.56;-0.42;1.26
12112;-1.51;-9.82;-1.06;0.06;0.94;-0.09;-0.07;-0.84;1.19
12121;-1.51;-9.84;-0.91;0.06;0.94;-0.09;-0.98;-0.35;0.84
12130;-1.41;-9.85;-0.95;0.06;0.94;-0.09;-1.12;-0.56;0.42
12139;-1.44;-9.78;-0.87;0.05;0.95;-0.08;-1.33;-0.91;0.63
12148;-1.45;-9.80;-0.94;0.05;0.95;-0.08;-1.05;-0.49;0.35
12156;-1.42;-9.75;-0.95;0.05;0.95;-0.08;-0.49;-0.63;0.56
12165;-1.42;-9.78;-0.94;0.05;0.95;-0.09;-0.28;-0.28;0.35
12174;-1.49;-9.81;-1.03;0.05;0.95;-0.09;-0.07;-0.56;0.42
12183;-1.49;-9.84;-0.95;0.05;0.95;-0.09;-0.14;-0.49;0.49
12192;-1.41;-9.87;-0.88;0.06;0.94;-0.09;0.00;-0.14;0.14
12200;-1.47;-9.89;-1.02;0.06;0.94;-0.09;-0.84;-0.07;0.56
12209;-1.53;-9.96;-0.96;0.06;0.94;-0.09;-0.35;0.00;0.07
12218;-1.55;-9.91;-0.85;0.05;0.95;-0.10;-0.07;-0.07;-0.07
12227;-1.52;-9.91;-0.96;0.05;0.95;-0.10;0.77;-0.63;0.28
12236;-1.51;-9.92;-1.00;0.05;0.95;-0.10;0.42;-0.49;-0.35
12244;-1.49;-9.86;-0.95;0.05;0.95;-0.08;0.49;-0.56;-0.35
12253;-1.46;-9.96;-0.99;0.05;0.95;-0.08;-0.42;-0.63;-0.21
12262;-1.49;-9.96;-1.04;0.05;0.95;-0.09;-0.56;-0.84;-0.28
12271;-1.55;-9.94;-1.01;0.05;0.95;-0.09;-0.35;-0.84;0.07
12280;-1.44;-9.93;-0.83;0.05;0.95;-0.09;-0.35;-0.49;0.56
12288;-1.55;-9.99;-0.84;0.05;0.95;-0.09;-0.28;-0.35;0.42
12297;-1.48;-9.99;-0.98;0.05;0.95;-0.09;-0.63;-0.14;0.49
12306;-1.54;-9.93;-0.80;0.05;0.95;-0.09;-0.28;-0.63;0.49
12315;-1.57;-9.95;-0.86;0.05;0.95;-0.09;-0.21;-0.14;0.14
12324;-1.45;-10.01;-0.88;0.05;0.95;-0.09;-0.07;-0.63;0.07
12332;-1.50;-10.01;-0.95;0.05;0.95;-0.09;-0.14;-0.70;0.56
12341;-1.56;-9.97;-0.93;0.06;0.95;-0.09;-0.07;-0.28;0.70
12350;-1.46;-9.93;-0.93;0.06;0.95;-0.09;-0.49;-0.49;0.63
12359;-1.45;-9.80;-1.03;0.06;0.95;-0.09;-0.84;-1.12;0.49
12368;-1.47;-9.91;-0.91;0.06;0.95;-0.09;-1.47;-1.33;-0.28
12377;-1.48;-9.97;-0.93;0.06;0.95;-0.09;-1.54;-1.12;-0.14
12385;-1.49;-9.99;-0.96;0.06;0.95;-0.09;-1.26;-1.47;0.07
12394;-1.43;-10.05;-0.85;0.05;0.95;-0.09;-0.56;-1.12;-0.14
12403;-1.49;-10.05;-0.82;0.05;0.95;-0.09;-0.35;-0.56;0.56
12412;-1.64;-10.09;-0.89;0.05;0.95;-0.09;0.00;0.07;1.05
12421;-1.54;-9.95;-0.87;0.05;0.95;-0.08;-0.21;0.63;1.19
12429;-1.49;-9.78;-0.94;0.05;0.95;-0.08;-0.21;1.12;1.47
12438;-1.41;-9.78;-1.03;0.05;0.95;-0.08;-0.07;0.56;0.91
12447;-1.51;-9.70;-1.21;0.05;0.95;-0.08;0.00;0.00;0.56
12456;-1.55;-9.76;-1.21;0.05;0.95;-0.08;-0.84;-0.84;-0.07
12465;-1.43;-9.81;-1.07;0.05;0.95;-0.08;-0.98;-1.96;-0.84
12473;-1.44;-9.88;-0.95;0.05;0.95;-0.09;-1.40;-2.10;-0.91
12482;-1.53;-9.98;-0.90;0.05;0.95;-0.09;-1.54;-2.24;-1.19
12491;-1.44;-9.99;-0.81;0.05;0.95;-0.09;-1.40;-1.61;-0.91
12500;-1.45;-9.90;-0.80;0.05;0.95;-0.09;0.00;-0.77;-0.21
12509;-1.54;-9.99;-0.83;0.05;0.95;-0.09;0.07;-0.28;0.14
12518;-1.46;-9.82;-0.81;0.05;0.95;-0.09;0.14;0.07;0.35
12526;-1.41;-9.78;-0.85;0.06;0.95;-0.09;0.14;0.00;0.14
12535;-1.51;-9.85;-0.82;0.06;0.95;-0.09;-0.63;0.14;-0.49
12544;-1.53;-9.88;-0.95;0.06;0.95;-0.09;-0.14;-0.14;-0.35
12553;-1.49;-9.86;-0.94;0.05;0.94;-0.09;0.07;-0.49;-0.42
12561;-1.50;-9.97;-0.87;0.05;0.94;-0.09;0.07;-0.28;-0.49
12570;-1.46;-10.06;-0.96;0.05;0.95;-0.09;0.14;-0.49;-0.42
12579;-1.49;-10.01;-0.92;0.05;0.95;-0.09;0.14;-0.63;0.07
12588;-1.49;-9.98;-0.92;0.05;0.95;-0.09;-0.07;-0.70;0.07
12596;-1.35;-9.93;-0.85;0.05;0.95;-0.09;-0.49;-0.49;-0.14
12605;-1.45;-9.90;-0.95;0.05;0.95;-0.09;-0.63;-0.35;-0.07
12614;-1.52;-10.01;-0.96;0.05;0.95;-0.09;-0.84;-0.35;-0.21
12623;-1.49;-9.88;-0.98;0.05;0.94;-0.09;-0.70;0.00;-0.28
12632;-1.64;-9.93;-0.95;0.05;0.94;-0.09;-0.07;0.35;17.71
12641;-1.55;-9.99;-1.03;0.05;0.94;-0.09;0.49;0.14;0.42
12649;-1.32;-9.90;-1.01;0.04;0.95;-0.10;0.00;0.00;-0.63
12658;-1.48;-10.04;-0.95;0.04;0.95;-0.10;0.00;-0.35;-0.21
12667;-1.41;-9.93;-0.93;0.04;0.95;-0.10;-0.35;-0.07;-0.28
12676;-1.44;-10.07;-0.94;0.05;0.94;-0.10;-0.63;-0.70;-0.28
12685;-1.51;-9.99;-0.87;0.05;0.94;-0.10;-0.63;-0.70;-0.35
12693;-1.51;-10.04;-0.91;0.05;0.94;-0.10;-0.98;-0.98;0.21
12702;-1.60;-10.05;-0.96;0.05;0.95;-0.09;-0.70;-1.05;-0.14
12711;-1.46;-10.04;-0.75;0.05;0.95;-0.09;-1.05;-0.91;0.28
12720;-1.50;-10.00;-0.71;0.05;0.95;-0.09;-0.70;-0.14;0.84
12729;-1.60;-10.04;-0.77;0.05;0.95;-0.07;-0.28;0.28;0.84
12738;-1.53;-10.04;-0.79;0.05;0.95;-0.07;0.28;0.70;1.12
12746;-1.57;-9.99;-0.95;0.05;0.95;-0.07;0.35;1.47;1.40
12755;-1.52;-9.99;-0.90;0.05;0.94;-0.08;0.42;1.12;1.82
12764;-1.45;-9.91;-1.08;0.05;0.94;-0.08;0.28;0.56;1.75
12773;-1.45;-9.89;-1.13;0.05;0.94;-0.08;-0.56;-0.21;1.33
12782;-1.46;-9.88;-1.01;0.06;0.95;-0.10;-1.54;-0.49;0.84
12790;-1.49;-9.91;-1.12;0.06;0.95;-0.10;-1.82;-1.26;0.77
12799;-1.48;-9.88;-0.86;0.06;0.95;-0.10;-2.10;-1.19;0.42
12808;-1.51;-9.98;-0.80;0.05;0.95;-0.10;-1.40;-1.33;0.91
12817;-1.52;-9.92;-0.76;0.05;0.95;-0.10;-0.63;-0.77;0.56
12826;-1.55;-10.01;-0.84;0.05;0.95;-0.10;-0.28;0.00;1.33
12834;-1.43;-9.95;-0.96;0.05;0.95;-0.08;0.00;0.35;1.47
12843;-1.49;-9.81;-0.96;0.05;0.95;-0.08;-0.14;0.21;1.54
12852;-1.40;-9.77;-0.92;0.05;0.95;-0.10;-0.21;0.28;1.40
12861;-1.55;-9.78;-1.01;0.05;0.95;-0.10;0.00;-0.14;1.19
12870;-1.42;-9.79;-1.03;0.05;0.95;-0.10;-0.63;-0.70;0.35
12878;-1.46;-9.81;-0.92;0.05;0.95;-0.09;-0.35;-0.42;0.63
12887;-1.36;-9.93;-0.93;0.05;0.95;-0.09;-0.56;-0.35;0.56
12896;-1.44;-9.88;-1.11;0.05;0.95;-0.09;0.00;-0.91;0.56
12905;-1.44;-9.88;-1.14;0.04;0.94;-0.09;0.56;-1.05;0.42
12913;-1.44;-9.88;-0.95;0.04;0.94;-0.09;-0.21;-1.19;0.56
12922;-1.28;-9.91;-1.02;0.04;0.94;-0.09;-0.84;-1.61;-0.14
12931;-1.26;-9.86;-0.93;0.04;0.96;-0.09;-1.33;-1.40;-0.35
12940;-1.36;-9.91;-1.03;0.04;0.96;-0.09;-1.82;-1.33;-0.63
12949;-1.47;-9.96;-0.88;0.04;0.96;-0.09;-2.10;-0.77;-0.42
12957;-1.42;-9.93;-0.95;0.05;0.94;-0.10;-0.42;-0.84;-0.28
12966;-1.46;-9.96;-0.80;0.05;0.94;-0.10;-0.21;-1.19;-0.07
12975;-1.51;-9.92;-1.00;0.05;0.94;-0.10;-0.14;-1.12;0.35
12984;-1.46;-9.98;-0.90;0.04;0.95;-0.09;-0.07;-1.33;-0.07
12993;-1.44;-10.03;-1.08;0.04;0.95;-0.09;-1.05;-0.70;0.07
13001;-1.54;-9.96;-1.03;0.04;0.95;-0.09;-1.26;-0.84;-17.92
13010;-1.51;-9.99;-0.97;0.05;0.94;-0.10;-1.05;-0.70;0.21
13019;-1.49;-9.93;-0.98;0.05;0.94;-0.10;-0.77;-0.98;0.63
13028;-1.53;-9.93;-0.99;0.05;0.94;-0.10;-0.63;-0.70;0.21
13037;-1.52;-9.84;-1.06;0.04;0.95;-0.09;-0.63;-0.91;0.00
13045;-1.46;-9.93;-0.96;0.04;0.95;-0.09;-0.91;-1.12;0.14
13054;-1.45;-9.91;-1.05;0.04;0.95;-0.09;-1.40;-1.89;0.21
13063;-1.46;-9.96;-0.81;0.04;0.95;-0.09;-2.10;-1.54;-0.07
13072;-1.51;-9.88;-0.90;0.04;0.95;-0.09;-2.03;-1.54;-0.35
13081;-1.44;-9.96;-0.75;0.04;0.95;-0.09;-1.68;-1.19;-0.35
13089;-1.59;-9.99;-0.85;0.05;0.95;-0.09;-1.12;-0.98;0.14
13098;-1.64;-9.99;-0.88;0.05;0.95;-0.09;-0.98;-0.56;0.21
13107;-1.59;-9.99;-0.92;0.05;0.95;-0.09;-0.70;-0.14;0.49
13116;-1.45;-10.07;-0.90;0.05;0.95;-0.09;-0.84;0.21;0.56
13125;-1.51;-9.94;-0.93;0.05;0.95;-0.09;-0.77;-0.07;0.42
13134;-1.45;-9.91;-0.86;0.05;0.95;-0.09;-1.47;-0.28;0.21
13142;-1.53;-9.93;-0.94;0.05;0.94;-0.09;-1.75;-0.91;-0.14
13151;-1.57;-9.91;-0.89;0.05;0.94;-0.09;-1.96;-1.26;-0.28
13160;-1.59;-9.96;-0.80;0.04;0.95;-0.08;-1.47;-0.98;0.07
13169;-1.41;-10.04;-0.81;0.04;0.95;-0.08;-1.33;-0.98;0.21
13178;-1.61;-9.97;-1.00;0.04;0.95;-0.08;-1.05;-0.84;0.21
13187;-1.41;-10.01;-0.88;0.05;0.95;-0.09;-0.63;-0.63;0.84
13195;-1.41;-9.97;-0.96;0.05;0.95;-0.09;-0.28;-0.35;0.70
13204;-1.44;-9.94;-0.97;0.05;0.95;-0.09;-1.54;-0.77;0.35
13213;-1.43;-9.96;-0.85;0.05;0.95;-0.10;-2.03;-0.84;0.63
13222;-1.44;-9.95;-0.90;0.05;0.95;-0.10;-2.03;-0.98;0.14
13231;-1.58;-9.89;-0.75;0.05;0.95;-0.10;-1.61;-0.91;0.63
13239;-1.51;-9.95;-0.78;0.05;0.95;-0.09;-0.91;-0.21;0.56
13248;-1.56;-9.99;-0.91;0.05;0.95;-0.09;-0.35;-0.07;0.63
13257;-1.41;-9.96;-0.85;0.05;0.95;-0.09;-0.14;-0.21;0.84
13266;-1.44;-9.88;-0.88;0.06;0.94;-0.09;-0.07;0.07;0.63
13275;-1.46;-9.81;-0.87;0.06;0.94;-0.09;-0.98;-0.14;0.49
13283;-1.58;-9.91;-0.98;0.06;0.94;-0.09;-1.54;-0.70;0.07
13292;-1.54;-9.89;-0.90;0.05;0.95;-0.09;-1.75;-1.19;0.07
13301;-1.44;-9.96;-0.92;0.05;0.95;-0.09;-1.54;-1.12;0.00
13310;-1.58;-10.01;-0.80;0.05;0.95;-0.09;-1.05;-1.19;0.49
13319;-1.41;-9.99;-0.87;0.05;0.95;-0.09;-1.05;-0.70;0.56
13328;-1.41;-10.02;-0.83;0.05;0.95;-0.09;-0.84;-0.56;0.84
13336;-1.54;-9.91;-0.80;0.05;0.95;-0.09;-1.12;-0.35;0.77
13345;-1.41;-9.78;-0.78;0.05;0.95;-0.09;-0.98;-0.07;0.56
13354;-1.39;-9.73;-0.93;0.05;0.95;-0.09;-0.77;-0.21;0.42
13363;-1.41;-9.76;-0.90;0.05;0.95;-0.09;-1.12;-0.14;-0.49
13372;-1.42;-9.73;-0.80;0.05;0.94;-0.09;-1.19;-0.91;-0.70
13380;-1.46;-9.91;-0.78;0.05;0.94;-0.09;-1.05;-0.98;-1.05
13389;-1.53;-9.99;-0.80;0.05;0.94;-0.09;-1.05;-0.84;-0.77
13398;-1.59;-10.10;-0.83;0.05;0.95;-0.09;-0.63;-0.70;-0.35
13407;-1.56;-10.15;-0.83;0.05;0.95;-0.09;-0.63;-0.63;-0.14
13415;-1.46;-10.08;-0.86;0.05;0.95;-0.09;-0.49;0.14;0.77
13424;-1.59;-10.00;-0.98;0.05;0.95;-0.08;-0.21;0.42;1.19
13433;-1.45;-9.88;-1.07;0.05;0.95;-0.08;-0.28;0.21;1.26
13442;-1.41;-9.86;-1.10;0.05;0.95;-0.09;-0.49;0.49;0.98
13451;-1.36;-9.89;-1.16;0.05;0.95;-0.09;-1.12;-0.21;0.63
13459;-1.44;-9.86;-1.08;0.05;0.95;-0.09;-1.26;-1.40;-0.14
13468;-1.48;-9.91;-1.08;0.05;0.94;-0.10;-1.75;-1.68;-0.21
13477;-1.52;-10.00;-0.95;0.05;0.94;-0.10;-1.61;-1.40;-0.14
13486;-1.49;-10.11;-0.79;0.05;0.94;-0.10;-1.12;-1.40;0.21
13495;-1.59;-9.99;-0.85;0.05;0.95;-0.09;17.78;-0.84;0.63
13504;-1.56;-9.99;-0.87;0.05;0.95;-0.09;0.14;-0.56;1.19
13512;-1.39;-9.91;-0.85;0.05;0.95;-0.09;-0.21;-0.42;1.19
13521;-1.48;-9.85;-0.85;0.04;0.95;-0.09;-0.35;-0.28;0.91
13530;-1.34;-9.77;-0.89;0.04;0.95;-0.09;-1.19;-0.63;0.63
13539;-1.38;-9.86;-0.90;0.04;0.95;-0.09;-0.98;-1.19;0.14
13548;-1.36;-9.83;-0.95;0.06;0.95;-0.10;-0.28;-1.40;0.07
13556;-1.54;-9.98;-0.93;0.06;0.95;-0.10;-0.14;-0.98;0.42
13565;-1.51;-9.99;-0.93;0.06;0.95;-0.10;-0.42;-1.19;0.14
13574;-1.47;-10.00;-0.95;0.06;0.95;-0.10;-0.21;-0.63;0.35
13583;-1.39;-10.01;-0.89;0.06;0.95;-0.10;-1.26;-0.49;0.07
13592;-1.44;-9.95;-0.93;0.06;0.95;-0.10;-1.33;-0.42;0.49
13601;-1.56;-9.88;-1.03;0.05;0.95;-0.09;-1.82;-0.56;0.56
13609;-1.57;-9.84;-0.83;0.05;0.95;-0.09;-1.26;-0.49;0.35
13618;-1.52;-9.83;-0.96;0.05;0.95;-0.09;-0.77;-0.77;0.28
13627;-1.43;-9.80;-0.93;0.06;0.94;-0.09;-0.14;-0.84;0.07
13636;-1.48;-9.93;-0.94;0.06;0.94;-0.09;-0.21;-1.05;-0.14
13644;-1.56;-9.94;-0.93;0.06;0.94;-0.09;0.00;-1.05;-0.91
13653;-1.54;-10.00;-0.89;0.06;0.95;-0.09;-0.63;-1.12;-0.35
13662;-1.49;-10.04;-0.85;0.06;0.95;-0.09;-1.05;-1.05;-0.07
13671;-1.46;-9.97;-0.96;0.06;0.95;-0.09;-0.42;-0.77;0.07
13680;-1.43;-9.96;-0.82;0.05;0.94;-0.09;-1.19;-0.98;-0.21
13689;-1.49;-9.89;-0.91;0.05;0.94;-0.09;-1.33;-0.70;-0.14
13698;-1.46;-9.91;-0.87;0.05;0.94;-0.09;-1.47;-0.42;-0.07
13706;-1.47;-9.97;-0.83;0.05;0.95;-0.10;-1.54;-0.91;-0.21
13715;-1.51;-10.02;-0.95;0.05;0.95;-0.10;-1.33;-0.14;0.00
13724;-1.51;-10.01;-0.80;0.05;0.95;-0.08;-0.91;-0.42;0.14
13733;-1.54;-10.04;-1.03;0.05;0.95;-0.08;-0.28;-0.63;0.35
13741;-1.39;-9.96;-0.87;0.05;0.95;-0.08;-0.21;-0.63;0.63
13750;-1.49;-10.02;-0.98;0.05;0.95;-0.09;-0.14;-1.26;0.56
13759;-1.39;-9.91;-0.90;0.05;0.95;-0.09;-0.98;-1.54;0.42
13768;-1.44;-9.87;-0.99;0.05;0.95;-0.09;-1.26;-1.75;0.21
13777;-1.44;-9.83;-0.85;0.06;0.95;-0.10;-1.40;-1.82;-0.49
13786;-1.43;-9.83;-0.77;0.06;0.95;-0.10;-1.05;-1.40;-0.14
13794;-1.61;-9.87;-0.95;0.06;0.95;-0.10;-1.05;-1.47;-0.28
13803;-1.56;-9.99;-0.83;0.05;0.95;-0.09;-0.49;-0.91;-0.21
13812;-1.42;-10.01;-0.80;0.05;0.95;-0.09;0.56;-0.63;0.28
13821;-1.48;-9.91;-0.95;0.05;0.95;-0.09;0.63;0.35;0.70
13830;-1.41;-9.87;-1.03;0.06;0.97;-0.09;0.14;-0.07;0.70
13838;-1.52;-9.92;-1.04;0.06;0.97;-0.09;0.28;-0.56;0.70
13847;-1.56;-9.83;-1.01;0.06;0.97;-0.09;-0.84;-1.12;0.56
13856;-1.49;-9.82;-0.95;0.06;0.94;-0.10;-0.63;-1.40;0.07
13865;-1.39;-9.81;-0.90;0.06;0.94;-0.10;-0.70;-1.61;-0.21
13874;-1.50;-9.89;-0.90;0.06;0.94;-0.10;-0.77;-1.61;-0.28
13883;-1.49;-9.80;-0.91;0.05;0.95;-0.10;-0.49;-1.54;-0.56
13891;-1.47;-9.88;-0.85;0.05;0.95;-0.10;-0.91;-1.40;-0.56
13900;-1.54;-9.81;-0.88;0.05;0.95;-0.10;-0.56;-1.61;-0.42
13909;-1.41;-9.88;-0.78;0.05;0.95;-0.08;0.07;-1.61;-0.14
13918;-1.45;-9.71;-0.88;0.05;0.95;-0.08;0.21;-1.40;-0.28
13927;-1.44;-9.83;-0.75;0.05;0.95;-0.08;0.07;-1.05;-0.49
13935;-1.41;-9.88;-0.82;0.05;0.94;-0.09;0.07;-0.98;-0.42
13944;-1.42;-9.78;-0.64;0.05;0.94;-0.09;0.07;-0.98;-0.91
13953;-1.50;-9.87;-0.83;0.05;0.94;-0.09;0.14;-1.05;-1.26
13962;-1.50;-9.93;-0.81;0.05;0.94;-0.10;-0.35;-0.28;-1.26
13971;-1.56;-9.96;-0.77;0.05;0.94;-0.10;-0.21;-0.21;-0.98
13980;-1.54;-9.99;-0.84;0.05;0.94;-0.10;-0.21;-0.49;-1.19
13988;-1.51;-10.11;-0.95;0.05;0.95;-0.08;-0.21;-0.84;-1.47
13997;-1.59;-9.98;-1.04;0.05;0.95;-0.08;-0.21;-0.77;-1.19
14006;-1.51;-10.04;-0.80;0.05;0.95;-0.08;-0.14;-0.70;-1.12
14015;-1.57;-10.01;-0.92;0.05;0.94;-0.09;-0.56;-0.63;-0.91
14024;-1.54;-10.06;-0.85;0.05;0.94;-0.09;-0.77;-0.63;-1.05
14032;-1.51;-10.04;-0.85;0.05;0.95;-0.09;0.07;-0.77;-0.70
14041;-1.59;-10.03;-0.79;0.05;0.95;-0.09;0.21;-0.28;-0.63
14050;-1.50;-10.05;-0.85;0.05;0.95;-0.09;0.00;-0.35;-0.49
14059;-1.61;-10.07;-0.85;0.05;0.96;-0.08;-0.56;0.00;-0.28
14068;-1.54;-9.99;-0.71;0.05;0.96;-0.08;-0.91;0.35;-0.56
14076;-1.55;-9.99;-0.98;0.05;0.96;-0.08;-0.35;-0.07;-0.42
14085;-1.49;-10.04;-0.90;0.05;0.94;-0.08;-0.28;-0.35;-0.28
14094;-1.44;-10.03;-0.85;0.05;0.94;-0.08;-0.42;-0.49;-0.28
14103;-1.49;-9.95;-0.89;0.05;0.94;-0.08;-0.28;-0.07;-0.35
14112;-1.58;-9.92;-0.88;0.05;0.95;-0.09;0.00;-0.42;-0.42
14120;-1.46;-10.04;-0.95;0.05;0.95;-0.09;-17.92;-0.07;-0.28
14129;-1.55;-10.01;-1.00;0.05;0.95;-0.09;0.00;0.14;-0.21
14138;-1.56;-10.01;-0.92;0.06;0.94;-0.08;-0.07;-0.35;0.00
14146;-1.49;-10.06;-0.96;0.06;0.94;-0.08;0.35;0.21;0.35
14155;-1.62;-9.98;-0.93;0.06;0.94;-0.08;0.70;0.49;0.35
14164;-1.51;-10.00;-0.93;0.04;0.94;-0.10;0.14;-0.07;0.84
14173;-1.54;-10.10;-1.00;0.04;0.94;-0.10;0.14;-0.35;0.70
14182;-1.43;-9.94;-1.17;0.04;0.94;-0.10;-0.70;-0.42;0.42
14190;-1.44;-10.01;-0.92;0.05;0.95;-0.08;-1.61;-1.26;0.42
14199;-1.44;-10.04;-0.80;0.05;0.95;-0.08;-1.61;-1.61;0.21
14208;-1.53;-10.04;-0.88;0.05;0.95;-0.08;-1.19;-1.05;0.35
14217;-1.55;-10.03;-0.75;0.05;0.94;-0.09;-0.28;-0.35;1.05
14226;-1.51;-10.06;-0.90;0.05;0.94;-0.09;-0.07;-0.07;1.26
14234;-1.59;-9.99;-0.85;0.05;0.94;-0.09;0.00;0.28;0.98
14243;-1.52;-9.99;-0.85;0.05;0.95;-0.09;0.28;0.70;1.40
14252;-1.48;-9.98;-0.92;0.05;0.95;-0.09;-0.35;0.63;1.19
14261;-1.46;-9.89;-0.99;0.05;0.95;-0.09;-0.91;0.14;0.77
14270;-1.38;-9.91;-0.98;0.05;0.95;-0.08;-1.33;-0.49;0.84
14278;-1.47;-9.86;-0.95;0.05;0.95;-0.08;-2.17;-1.05;-0.07
14287;-1.46;-9.90;-0.91;0.05;0.95;-0.08;-2.24;-1.68;-0.28
14296;-1.49;-10.05;-0.75;0.06;0.94;-0.09;-1.89;-1.54;0.35
14305;-1.48;-10.02;-0.74;0.06;0.94;-0.09;-0.63;-0.84;1.47
14314;-1.45;-10.00;-0.87;0.06;0.94;-0.09;-0.21;-0.07;1.61
14323;-1.39;-9.88;-0.94;0.05;0.95;-0.09;-0.28;0.28;1.47
14331;-1.40;-9.91;-0.85;0.05;0.95;-0.09;-0.70;0.56;1.68
14340;-1.51;-9.91;-0.89;0.04;0.94;-0.10;-0.77;0.77;1.26
14349;-1.55;-9.84;-1.02;0.04;0.94;-0.10;-0.42;0.84;1.47
14358;-1.48;-9.78;-0.98;0.04;0.94;-0.10;0.00;0.56;0.98
14367;-1.53;-9.83;-1.13;0.05;0.94;-0.09;-0.35;-0.35;0.49
14375;-1.52;-9.90;-1.08;0.05;0.94;-0.09;-0.07;-1.05;0.21
14384;-1.38;-9.90;-1.00;0.05;0.94;-0.09;-0.91;-1.47;0.56
14393;-1.35;-9.87;-0.87;0.05;0.94;-0.08;-1.26;-2.10;0.00
14402;-1.42;-9.94;-0.83;0.05;0.94;-0.08;-1.82;-1.54;0.00
14411;-1.50;-9.93;-0.84;0.05;0.94;-0.08;-1.68;-1.05;0.42
14420;-1.49;-9.91;-0.86;0.06;0.96;-0.08;-1.40;-0.28;0.70
14428;-1.56;-9.88;-0.81;0.06;0.96;-0.08;-0.49;-0.14;1.05
14437;-1.51;-9.99;-0.93;0.06;0.96;-0.08;0.42;0.49;1.33
14446;-1.49;-9.81;-0.88;0.06;0.95;-0.09;0.28;0.49;1.12
14455;-1.38;-9.85;-0.87;0.06;0.95;-0.09;-0.14;0.07;1.05
14464;-1.39;-9.83;-0.98;0.06;0.95;-0.09;-0.63;-0.56;0.56
14472;-1.48;-9.91;-1.00;0.05;0.94;-0.11;-1.05;-0.56;0.21
14481;-1.39;-10.00;-0.79;0.05;0.94;-0.11;-1.26;-0.91;-0.21
14490;-1.51;-10.04;-0.88;0.05;0.94;-0.11;-1.40;-0.70;-0.35
14499;-1.55;-10.02;-0.78;0.05;0.94;-0.09;-1.12;-0.56;0.00
14508;-1.49;-9.96;-0.89;0.05;0.94;-0.09;-0.84;-0.56;0.07
14517;-1.44;-9.93;-0.95;0.05;0.94;-0.09;-0.70;-0.84;-0.07
14525;-1.47;-9.91;-0.90;0.05;0.93;-0.09;-0.70;-0.63;0.21
14534;-1.41;-9.98;-0.98;0.05;0.93;-0.09;-0.98;-0.77;0.14
14543;-1.37;-9.94;-0.94;0.05;0.93;-0.09;-1.05;-0.84;-0.07
14552;-1.49;-9.99;-0.79;0.05;0.95;-0.09;-1.82;-1.33;0.07
14560;-1.54;-9.94;-0.88;0.05;0.95;-0.09;-1.82;-1.33;-0.14
14569;-1.47;-10.05;-0.81;0.05;0.95;-0.09;-1.40;-0.91;0.07
14578;-1.54;-9.99;-0.87;0.06;0.93;-0.08;-0.84;-0.70;0.21
14587;-1.56;-9.99;-0.97;0.06;0.93;-0.08;-0.42;-0.70;0.56
14596;-1.46;-9.93;-0.93;0.06;0.93;-0.08;-0.14;-0.63;0.56
14604;-1.52;-9.99;-1.00;0.05;0.96;-0.08;-0.42;-0.63;0.98
14613;-1.47;-9.96;-1.01;0.05;0.96;-0.08;-0.70;-0.70;0.63
14622;-1.41;-9.98;-1.09;0.05;0.96;-0.09;-0.70;-1.12;0.84
14631;-1.49;-9.90;-1.04;0.05;0.96;-0.09;-1.33;-1.75;0.56
14640;-1.49;-9.91;-0.94;0.05;0.96;-0.09;-1.68;-1.68;0.14
14648;-1.42;-9.83;-0.75;0.05;0.95;-0.09;-1.33;-1.19;0.21
14657;-1.49;-9.85;-0.77;0.05;0.95;-0.09;-1.40;-1.05;0.00
14666;-1.47;-9.84;-0.69;0.05;0.95;-0.09;-0.56;-0.63;0.49
14675;-1.45;-9.81;-0.78;0.05;0.95;-0.08;0.00;-0.42;0.63
14684;-1.45;-9.82;-0.95;0.05;0.95;-0.08;0.70;-0.21;0.28
14692;-1.41;-9.88;-0.81;0.05;0.95;-0.08;0.28;0.14;0.14
14701;-1.48;-9.88;-0.92;0.05;0.94;-0.10;0.49;0.35;0.14
14710;-1.51;-9.90;-0.87;0.05;0.94;-0.10;-0.14;0.00;0.49
14719;-1.45;-9.96;-0.87;0.05;0.94;-0.10;-0.42;-0.63;0.21
14728;-1.39;-10.01;-0.93;0.06;0.94;-0.10;-0.49;-0.70;0.35
14736;-1.47;-9.86;-0.92;0.06;0.94;-0.10;-1.05;-1.33;0.49
14745;-1.47;-9.83;-0.81;0.06;0.94;-0.10;-0.63;-0.98;0.28
14754;-1.50;-9.77;-0.92;0.05;0.94;-0.09;-0.07;-0.56;0.63
14763;-1.50;-9.86;-0.75;0.05;0.94;-0.09;-0.28;-0.70;-0.14
14771;-1.47;-9.95;-0.82;0.05;0.94;-0.09;0.21;-0.07;-0.28
14780;-1.54;-9.98;-0.83;0.05;0.95;-0.09;0.07;-0.14;-0.63
14789;-1.48;-10.01;-0.85;0.05;0.95;-0.09;0.00;-0.49;-0.49
14798;-1.41;-10.09;-0.96;0.05;0.95;-0.09;-0.35;-0.77;0.00
14807;-1.49;-10.01;-0.88;0.05;0.94;-0.09;-0.56;-0.56;-0.07
14815;-1.61;-10.00;-1.03;0.05;0.94;-0.09;-0.56;0.00;0.21
14824;-1.48;-9.96;-0.93;0.05;0.94;-0.09;-0.98;-0.56;0.63
14833;-1.50;-9.91;-1.02;0.05;0.95;-0.09;-0.28;-0.49;0.77
14842;-1.35;-9.88;-0.98;0.05;0.95;-0.09;-0.07;-0.49;0.63
14851;-1.38;-9.90;-0.88;0.05;0.95;-0.09;0.49;-0.63;0.56
14860;-1.52;-9.88;-1.03;0.05;0.94;-0.09;0.21;-1.26;0.35
14868;-1.52;-9.98;-0.85;0.05;0.94;-0.09;-0.84;-1.05;-0.14
14877;-1.42;-9.93;-0.90;0.05;0.94;-0.09;-0.84;-0.42;-0.07
14886;-1.59;-10.05;-0.83;0.05;0.94;-0.09;-0.84;-0.84;0.00
14895;-1.51;-10.09;-0.80;0.05;0.94;-0.09;-0.63;-0.63;0.28
14904;-1.52;-9.85;-0.83;0.05;0.94;-0.09;-0.35;-0.21;0.14
14912;-1.48;-9.85;-0.92;0.06;0.94;-0.07;-0.77;-0.14;0.21
14921;-1.51;-9.86;-0.95;0.06;0.94;-0.07;-0.77;-0.49;0.07
14930;-1.43;-9.88;-0.80;0.05;0.96;-0.09;-0.63;-0.14;0.07
14939;-1.39;-9.96;-0.90;0.05;0.96;-0.09;-0.35;-0.28;0.14
14948;-1.40;-9.94;-0.87;0.05;0.96;-0.09;0.07;-0.77;0.07
14956;-1.51;-10.01;-0.92;0.06;0.94;-0.09;0.49;-1.33;-0.21
14965;-1.48;-9.93;-1.11;0.06;0.94;-0.09;-0.28;-0.98;-0.14
14974;-1.42;-9.91;-0.83;0.06;0.94;-0.09;-0.63;-1.12;0.00
14983;-1.44;-9.94;-0.98;0.05;0.94;-0.08;-0.98;-1.26;-0.14
14992;-1.41;-9.95;-0.95;0.05;0.94;-0.08;-0.77;-1.05;-0.28
15000;-1.34;-9.97;-0.89;0.05;0.94;-0.08;-0.35;-0.77;-0.35
complete
