Time(ms);AccX(m/s^2);AccY(m/s^2);AccZ(m/s^2);MagX(gauss);MagY(gauss);MagZ(gauss);GyroX(dps);GyroY(dps);GyroZ(dps)
33;-0.45;-0.63;9.58;-0.15;0.70;-0.43;-2.80;-4.41;0.98
42;-0.41;-0.64;9.52;-0.15;0.70;-0.43;-2.59;-4.83;0.14
50;-0.37;-0.61;9.50;-0.15;0.70;-0.43;-3.08;-4.62;0.21
59;-0.34;-0.57;9.44;-0.14;0.69;-0.43;-2.73;-4.76;0.00
68;-0.36;-0.59;9.46;-0.14;0.69;-0.43;-2.24;-4.48;0.07
76;-0.41;-0.57;9.55;-0.14;0.69;-0.43;-2.59;-4.48;0.07
85;-0.38;-0.60;9.65;-0.14;0.69;-0.44;-2.73;-4.34;-17.71
94;-0.45;-0.62;9.56;-0.14;0.69;-0.44;-2.38;-3.85;-0.35
103;-0.44;-0.60;9.58;-0.14;0.69;-0.44;-2.24;-3.50;-0.49
111;-0.35;-0.62;9.53;-0.14;0.69;-0.44;-2.66;-3.29;-0.35
120;-0.47;-0.56;9.43;-0.14;0.69;-0.44;-2.10;-3.01;-0.63
129;-0.45;-0.59;9.53;-0.14;0.69;-0.44;-1.82;-2.94;-0.56
138;-0.42;-0.59;9.50;-0.15;0.70;-0.44;-1.54;-2.31;-0.70
146;-0.40;-0.55;9.48;-0.15;0.70;-0.44;-1.89;-2.03;-0.98
155;-0.39;-0.64;9.58;-0.15;0.70;-0.44;-1.47;-1.96;-0.98
164;-0.40;-0.55;9.72;-0.14;0.69;-0.43;-0.98;-1.26;-1.26
173;-0.44;-0.65;9.57;-0.14;0.69;-0.43;-0.42;-0.70;-0.77
181;-0.48;-0.62;9.51;-0.14;0.69;-0.43;-0.42;-0.28;-0.98
190;-0.48;-0.60;9.64;-0.15;0.69;-0.45;-0.28;0.07;-0.91
199;-0.47;-0.55;9.57;-0.15;0.69;-0.45;0.42;0.63;-0.84
207;-0.44;-0.61;9.52;-0.15;0.69;-0.44;0.28;0.07;-1.19
216;-0.41;-0.59;9.56;-0.14;0.69;-0.44;0.00;0.42;-1.12
225;-0.45;-0.65;9.58;-0.14;0.69;-0.44;0.63;0.77;-1.05
234;-0.37;-0.56;9.49;-0.15;0.69;-0.44;0.35;0.91;-0.84
242;-0.41;-0.64;9.57;-0.15;0.69;-0.44;0.42;0.84;-0.63
251;-0.46;-0.62;9.60;-0.15;0.69;-0.44;0.98;1.12;-0.28
260;-0.39;-0.60;9.50;-0.15;0.69;-0.44;0.91;1.05;-0.21
269;-0.43;-0.59;9.59;-0.15;0.69;-0.44;0.77;0.91;-0.42
277;-0.44;-0.58;9.50;-0.15;0.69;-0.44;0.98;1.19;-0.28
286;-0.37;-0.62;9.54;-0.13;0.68;-0.43;0.63;1.19;-0.49
295;-0.34;-0.61;9.57;-0.13;0.68;-0.43;0.84;1.40;-0.35
304;-0.38;-0.61;9.62;-0.13;0.68;-0.43;0.49;1.19;-0.35
312;-0.55;-0.55;9.58;-0.15;0.69;-0.44;0.77;1.12;-0.21
321;-0.36;-0.55;9.55;-0.15;0.69;-0.44;0.77;0.98;-0.63
330;-0.42;-0.58;9.56;-0.15;0.69;-0.44;0.63;1.19;-0.63
339;-0.39;-0.64;9.59;-0.14;0.69;-0.42;0.63;0.91;-0.42
347;-0.45;-0.68;9.66;-0.14;0.69;-0.42;0.35;0.91;-0.63
356;-0.37;-0.65;9.59;-0.14;0.69;-0.42;0.84;0.70;-0.28
365;-0.40;-0.67;9.63;-0.15;0.70;-0.43;0.14;0.49;-0.63
374;-0.41;-0.60;9.60;-0.15;0.70;-0.43;0.56;0.35;-0.21
382;-0.43;-0.59;9.51;-0.15;0.70;-0.43;0.84;0.21;-0.14
391;-0.49;-0.61;9.56;-0.14;0.69;-0.44;0.42;0.21;0.00
400;-0.44;-0.65;9.56;-0.14;0.69;-0.44;0.63;0.07;0.00
409;-0.42;-0.55;9.45;-0.14;0.69;-0.44;0.42;0.56;0.07
417;-0.45;-0.58;9.56;-0.15;0.69;-0.44;0.14;-0.21;-0.07
426;-0.37;-0.58;9.50;-0.15;0.69;-0.44;0.00;-0.63;-0.35
435;-0.32;-0.65;9.58;-0.15;0.69;-0.44;-0.49;-0.77;-0.42
444;-0.42;-0.72;9.52;-0.15;0.69;-0.44;-0.07;-0.91;-0.21
452;-0.37;-0.62;9.48;-0.15;0.69;-0.44;-0.56;-0.14;-0.35
461;-0.34;-0.54;9.55;-0.15;0.69;-0.44;0.00;-0.63;-0.42
470;-0.49;-0.65;9.56;-0.14;0.69;-0.44;0.00;-0.56;-0.28
478;-0.44;-0.59;9.51;-0.14;0.69;-0.44;0.07;-0.28;-0.21
487;-0.45;-0.58;9.63;-0.14;0.69;-0.44;-0.14;-0.49;-0.56
496;-0.42;-0.65;9.66;-0.14;0.69;-0.43;0.00;-0.63;-0.42
505;-0.40;-0.62;9.54;-0.14;0.69;-0.43;-0.14;-0.49;-0.63
513;-0.42;-0.55;9.66;-0.14;0.69;-0.43;-0.28;-0.28;0.07
522;-0.50;-0.62;9.53;-0.14;0.69;-0.43;0.14;-0.49;-0.49
531;-0.42;-0.62;9.59;-0.14;0.69;-0.43;-0.42;-0.35;-0.42
540;-0.43;-0.60;9.56;-0.14;0.69;-0.43;-0.14;-0.28;-0.42
548;-0.44;-0.70;9.63;-0.13;0.70;-0.44;0.21;-0.56;-0.28
557;-0.52;-0.52;9.66;-0.13;0.70;-0.44;0.14;-0.42;-0.14
566;-0.39;-0.62;9.62;-0.13;0.70;-0.44;-0.07;-0.70;-0.21
574;-0.47;-0.68;9.61;-0.15;0.69;-0.45;-0.28;-0.21;-0.35
583;-0.39;-0.62;9.48;-0.15;0.69;-0.45;0.00;-0.70;-0.28
592;-0.42;-0.67;9.62;-0.15;0.69;-0.43;0.14;-0.21;-0.28
600;-0.40;-0.61;9.57;-0.13;0.69;-0.43;0.28;-0.63;-0.35
609;-0.39;-0.60;9.43;-0.13;0.69;-0.43;-17.85;-0.42;-0.21
618;-0.43;-0.57;9.54;-0.14;0.69;-0.44;0.21;-0.21;-0.28
627;-0.47;-0.65;9.63;-0.14;0.69;-0.44;-0.07;-0.35;-0.28
635;-0.52;-0.57;9.64;-0.14;0.69;-0.44;-0.56;-0.28;-0.14
644;-0.34;-0.59;9.49;-0.14;0.68;-0.42;0.28;-0.28;0.21
653;-0.48;-0.53;9.50;-0.14;0.68;-0.42;-0.28;-0.14;-0.28
662;-0.45;-0.55;9.43;-0.14;0.68;-0.42;-0.07;-0.35;-0.42
670;-0.41;-0.63;9.48;-0.14;0.69;-0.43;-0.28;-0.14;17.85
679;-0.39;-0.65;9.61;-0.14;0.69;-0.43;-0.35;-0.42;-0.21
688;-0.39;-0.61;9.52;-0.14;0.69;-0.43;-0.28;-0.63;-0.35
697;-0.36;-0.65;9.51;-0.15;0.69;-0.46;-0.28;-0.63;-0.28
705;-0.50;-0.50;9.50;-0.15;0.69;-0.46;-0.21;-0.21;0.14
714;-0.52;-0.60;9.58;-0.15;0.69;-0.46;-0.14;-0.49;-0.35
723;-0.48;-0.65;9.54;-0.13;0.69;-0.43;0.00;-0.35;-0.42
732;-0.44;-0.55;9.50;-0.13;0.69;-0.43;-0.14;-0.56;-0.28
740;-0.41;-0.56;9.62;-0.13;0.69;-0.43;-0.28;-0.42;-0.14
749;-0.39;-0.52;9.45;-0.14;0.69;-0.44;-0.14;-0.07;-0.14
758;-0.42;-0.61;9.57;-0.14;0.69;-0.44;-0.35;-0.56;-0.14
767;-0.38;-0.61;9.56;-0.14;0.69;-0.44;-0.07;-0.63;-0.49
775;-0.40;-0.57;9.48;-0.14;0.70;-0.43;-0.07;-0.56;-0.35
784;-0.43;-0.60;9.57;-0.14;0.70;-0.43;-0.28;-0.49;-0.35
793;-0.44;-0.60;9.62;-0.14;0.70;-0.43;0.21;-0.63;-0.56
802;-0.40;-0.56;9.53;-0.14;0.70;-0.44;-0.14;-0.42;-0.49
810;-0.42;-0.57;9.58;-0.14;0.70;-0.44;-0.21;-0.56;-0.49
819;-0.44;-0.66;9.48;-0.14;0.70;-0.44;-0.14;-0.35;-0.07
828;-0.43;-0.67;9.43;-0.14;0.70;-0.43;-0.14;-0.63;-0.28
837;-0.44;-0.52;9.47;-0.14;0.70;-0.43;-0.49;-0.35;-0.14
845;-0.41;-0.67;9.63;-0.14;0.70;-0.43;-0.07;-0.21;-0.49
854;-0.44;-0.61;9.51;-0.15;0.69;-0.44;-0.14;0.00;-0.28
863;-0.29;-0.60;9.58;-0.15;0.69;-0.44;0.28;-0.49;-0.28
872;-0.42;-0.60;9.57;-0.15;0.69;-0.44;-0.42;-0.63;-0.56
880;-0.40;-0.60;9.47;-0.15;0.69;-0.44;-0.42;-0.63;-0.35
889;-0.39;-0.66;9.58;-0.15;0.69;-0.44;-0.56;-0.21;-0.14
898;-0.45;-0.65;9.58;-0.15;0.69;-0.44;-0.21;-0.14;-0.42
907;-0.43;-0.60;9.58;-0.15;0.69;-0.44;-0.14;-0.28;-0.35
915;-0.45;-0.58;9.60;-0.15;0.69;-0.44;0.14;-0.63;-0.28
924;-0.39;-0.71;9.59;-0.15;0.69;-0.44;0.07;-0.42;-0.35
933;-0.54;-0.62;9.50;-0.14;0.69;-0.44;0.07;-0.77;0.00
942;-0.29;-0.55;9.54;-0.14;0.69;-0.44;0.00;-0.28;-0.35
950;-0.42;-0.54;9.51;-0.14;0.69;-0.44;-0.07;-0.35;-0.35
959;-0.42;-0.58;9.52;-0.14;0.69;-0.43;-0.42;-0.35;0.00
968;-0.42;-0.60;9.53;-0.14;0.69;-0.43;-0.07;-0.63;-0.35
976;-0.47;-0.60;9.65;-0.14;0.70;-0.44;-0.35;-0.49;-0.42
985;-0.45;-0.60;9.55;-0.14;0.70;-0.44;-17.92;-0.77;-0.35
994;-0.40;-0.61;9.50;-0.14;0.70;-0.44;0.00;-0.28;-0.21
1003;-0.42;-0.68;9.50;-0.14;0.69;-0.44;0.00;-0.42;-0.21
1011;-0.50;-0.62;9.55;-0.14;0.69;-0.44;-0.07;-0.42;-0.21
1020;-0.48;-0.64;9.55;-0.14;0.69;-0.44;-0.14;-0.49;-0.28
1029;-0.37;-0.62;9.55;-0.14;0.68;-0.46;-0.21;-0.35;-0.42
1038;-0.42;-0.60;9.52;-0.14;0.68;-0.46;-0.35;-0.42;-0.56
1046;-0.46;-0.60;9.71;-0.14;0.68;-0.46;-0.56;-0.42;-0.42
1055;-0.42;-0.56;9.60;-0.14;0.69;-0.44;-0.14;-0.49;-0.49
1064;-0.45;-0.63;9.58;-0.14;0.69;-0.44;-0.28;-0.63;-0.42
1073;-0.39;-0.60;9.59;-0.14;0.69;-0.44;0.00;-0.56;-0.07
1082;-0.32;-0.65;9.63;-0.13;0.69;-0.44;-0.28;-0.07;-0.42
1090;-0.39;-0.58;9.54;-0.13;0.69;-0.44;-0.07;-0.63;-0.21
1099;-0.45;-0.58;9.53;-0.13;0.69;-0.44;0.00;-0.42;-0.14
1108;-0.38;-0.57;9.51;-0.14;0.69;-0.44;-0.63;-0.35;-0.21
1117;-0.46;-0.60;9.64;-0.14;0.69;-0.44;-0.21;-0.42;-0.42
1125;-0.42;-0.61;9.43;-0.14;0.69;-0.44;-0.28;-0.56;-0.35
1134;-0.40;-0.69;9.48;-0.14;0.69;-0.45;-0.21;-0.35;-0.28
1143;-0.42;-0.64;9.49;-0.14;0.69;-0.45;-0.07;-0.63;-0.42
1152;-0.33;-0.65;9.48;-0.14;0.69;-0.45;0.14;-0.49;-0.21
1160;-0.45;-0.63;9.60;-0.15;0.69;-0.43;-0.07;-0.42;-0.14
1169;-0.42;-0.64;9.55;-0.15;0.69;-0.43;-0.35;-0.35;-0.42
1178;-0.41;-0.53;9.56;-0.15;0.69;-0.43;0.00;-0.49;-0.28
1187;-0.34;-0.63;9.54;-0.14;0.70;-0.44;-0.14;-0.35;-0.63
1195;-0.47;-0.54;9.55;-0.14;0.70;-0.44;0.07;-0.84;-0.14
1204;-0.42;-0.64;9.61;-0.14;0.70;-0.44;-0.56;-0.35;-0.42
1213;-0.50;-0.52;9.55;-0.15;0.68;-0.43;0.14;-0.35;-0.35
1222;-0.42;-0.60;9.59;-0.15;0.68;-0.43;-0.28;-0.49;-0.14
1230;-0.52;-0.65;9.62;-0.15;0.68;-0.43;-0.42;-0.21;0.00
1239;-0.40;-0.59;9.66;-0.15;0.69;-0.44;0.21;-0.42;-0.42
1248;-0.37;-0.62;9.68;-0.15;0.69;-0.44;0.00;-0.35;-0.42
1257;-0.37;-0.58;9.57;-0.15;0.69;-0.44;-0.07;-0.07;-0.21
1265;-0.44;-0.62;9.66;-0.14;0.69;-0.45;-0.21;-0.28;-0.49
1274;-0.39;-0.66;9.61;-0.14;0.69;-0.45;-0.14;-0.21;-0.14
1283;-0.45;-0.63;9.68;-0.14;0.69;-0.45;0.00;-0.56;-0.28
1291;-0.42;-0.66;9.60;-0.14;0.69;-0.46;-0.28;-0.28;0.07
1300;-0.36;-0.64;9.55;-0.14;0.69;-0.46;0.21;-0.70;-0.21
1309;-0.45;-0.66;9.53;-0.14;0.69;-0.46;-0.21;-0.77;-0.42
1318;-0.45;-0.60;9.58;-0.14;0.69;-0.44;0.14;-0.28;-0.28
1326;-0.34;-0.57;9.57;-0.14;0.69;-0.44;-0.35;-0.42;-0.49
1335;-0.37;-0.54;9.57;-0.14;0.69;-0.44;0.00;-0.35;-0.28
1344;-0.38;-0.61;9.49;-0.14;0.68;-0.45;0.21;-0.42;-0.21
1353;-0.51;-0.66;9.56;-0.14;0.68;-0.45;-0.35;-0.28;-0.14
1361;-0.44;-0.62;9.44;-0.15;0.69;-0.44;-0.21;-0.35;-0.28
1370;-0.38;-0.69;9.60;-0.15;0.69;-0.44;0.07;-0.42;-0.28
1379;-0.54;-0.62;9.55;-0.15;0.69;-0.44;-0.14;-0.42;-0.35
1388;-0.45;-0.60;9.59;-0.14;0.70;-0.44;-0.42;-0.49;-0.35
1396;-0.43;-0.70;9.61;-0.14;0.70;-0.44;-0.21;-0.35;-0.42
1405;-0.40;-0.57;9.56;-0.14;0.70;-0.44;0.21;-0.49;-0.28
1414;-0.42;-0.60;9.60;-0.14;0.69;-0.45;-0.28;-0.35;-0.42
1423;-0.44;-0.57;9.61;-0.14;0.69;-0.45;-0.21;-0.28;-0.21
1431;-0.42;-0.57;9.54;-0.14;0.69;-0.45;-0.07;-0.42;-0.21
1440;-0.33;-0.63;9.62;-0.15;0.69;-0.44;-0.28;-0.35;0.00
1449;-0.39;-0.67;9.65;-0.15;0.69;-0.44;0.07;-0.49;-0.35
1458;-0.50;-0.55;9.63;-0.15;0.69;-0.44;0.07;-0.14;-0.63
1466;-0.47;-0.57;9.52;-0.14;0.69;-0.46;0.35;-0.35;0.00
1475;-0.45;-0.65;9.55;-0.14;0.69;-0.46;-0.07;-0.28;-0.42
1484;-0.38;-0.50;9.58;-0.14;0.69;-0.46;0.00;-0.35;-0.14
1493;-0.38;-0.66;9.48;-0.14;0.68;-0.44;0.14;-0.49;-0.35
1501;-0.48;-0.67;9.47;-0.14;0.68;-0.44;-0.14;-0.42;0.00
1510;-0.31;-0.68;9.60;-0.14;0.68;-0.44;0.00;-0.42;-0.21
1519;-0.41;-0.60;9.60;-0.14;0.68;-0.44;-0.21;-0.35;-0.35
1527;-0.49;-0.63;9.56;-0.14;0.68;-0.44;0.07;-0.42;0.00
1536;-0.36;-0.63;9.52;-0.14;0.68;-0.44;0.00;-0.77;-0.28
1545;-0.34;-0.61;9.57;-0.14;0.69;-0.43;-0.35;-0.84;-0.35
1554;-0.34;-0.56;9.47;-0.14;0.69;-0.43;0.07;-0.28;-0.35
1562;-0.39;-0.55;9.58;-0.14;0.69;-0.43;0.14;-0.63;-0.28
1571;-0.46;-0.63;9.38;-0.14;0.69;-0.44;-0.14;-0.56;-0.49
1580;-0.42;-0.64;9.55;-0.14;0.69;-0.44;0.21;0.14;-0.21
1589;-0.33;-0.58;9.48;-0.14;0.69;-0.44;0.07;-0.42;-0.35
1597;-0.31;-0.65;9.53;-0.15;0.68;-0.45;-0.42;-0.49;-0.42
1606;-0.39;-0.61;9.53;-0.15;0.68;-0.45;0.07;-0.42;-0.42
1615;-0.33;-0.63;9.53;-0.15;0.68;-0.45;0.00;-0.35;-0.14
1623;-0.42;-0.60;9.50;-0.14;0.69;-0.44;-0.14;-0.35;-0.35
1632;-0.38;-0.60;9.64;-0.14;0.69;-0.44;-0.21;-0.35;-0.56
1641;-0.44;-0.52;9.60;-0.14;0.69;-0.44;-0.07;-0.28;-0.14
1650;-0.37;-0.59;9.48;-0.14;0.69;-0.46;0.35;-0.14;-0.21
1659;-0.48;-0.59;9.55;-0.14;0.69;-0.46;-0.28;-0.21;-0.49
1667;-0.44;-0.62;9.65;-0.14;0.69;-0.46;0.35;-0.07;-0.14
1676;-0.49;-0.62;9.58;-0.15;0.69;-0.44;-0.07;0.07;-0.21
1685;-0.47;-0.62;9.64;-0.15;0.69;-0.44;0.00;-0.56;-0.35
1694;-0.45;-0.60;9.53;-0.15;0.69;-0.44;-0.14;-0.28;-0.42
1702;-0.47;-0.64;9.63;-0.15;0.69;-0.43;0.21;-0.42;-0.35
1711;-0.42;-0.62;9.43;-0.15;0.69;-0.43;0.00;-0.56;-0.28
1720;-0.44;-0.60;9.45;-0.15;0.69;-0.44;0.28;-0.77;-0.42
1728;-0.42;-0.53;9.45;-0.14;0.68;-0.44;0.07;-0.42;-0.35
1737;-0.32;-0.56;9.60;-0.14;0.68;-0.44;-0.56;-0.49;-0.56
1746;-0.55;-0.60;9.53;-0.14;0.69;-0.44;-0.14;-0.35;-0.21
1755;-0.49;-0.55;9.55;-0.14;0.69;-0.44;0.14;-0.28;-0.14
1763;-0.40;-0.61;9.60;-0.14;0.69;-0.44;-0.21;-0.49;-0.07
1772;-0.45;-0.60;9.60;-0.14;0.69;-0.43;0.00;-0.28;-0.28
1781;-0.39;-0.65;9.55;-0.14;0.69;-0.43;-0.07;-0.28;-0.14
1790;-0.42;-0.58;9.66;-0.14;0.69;-0.43;0.07;-0.35;-0.49
1798;-0.43;-0.65;9.66;-0.14;0.70;-0.45;-0.07;-0.14;-0.28
1807;-0.42;-0.60;9.52;-0.14;0.70;-0.45;0.00;-0.49;0.00
1816;-0.45;-0.55;9.63;-0.14;0.70;-0.45;0.00;-0.56;0.00
1825;-0.45;-0.55;9.73;-0.14;0.69;-0.45;0.00;-0.42;-0.14
1833;-0.43;-0.60;9.62;-0.14;0.69;-0.45;-0.28;-0.63;-0.21
1842;-0.42;-0.60;9.54;-0.14;0.69;-0.45;-0.14;-0.21;-0.63
1851;-0.38;-0.60;9.50;-0.14;0.69;-0.46;0.14;-0.21;-0.28
1859;-0.57;-0.52;9.64;-0.14;0.69;-0.46;0.14;0.14;-0.49
1868;-0.37;-0.57;9.63;-0.14;0.69;-0.46;-0.07;-0.28;0.07
1877;-0.45;-0.65;9.48;-0.14;0.68;-0.45;0.07;-0.49;-0.28
1886;-0.41;-0.55;9.47;-0.14;0.68;-0.45;0.07;-0.28;-0.14
1894;-0.41;-0.65;9.50;-0.14;0.68;-0.45;0.00;-0.35;-0.14
1903;-0.42;-0.60;9.50;-0.14;0.68;-0.44;0.00;0.07;-0.35
1912;-0.45;-0.57;9.50;-0.14;0.68;-0.44;0.21;-0.28;-0.28
1921;-0.39;-0.66;9.55;-0.14;0.68;-0.44;0.07;-0.56;-0.07
1929;-0.37;-0.64;9.53;-0.14;0.68;-0.44;-0.28;-0.21;0.00
1938;-0.33;-0.75;9.60;-0.14;0.68;-0.44;-0.07;-0.28;-0.35
1947;-0.33;-0.65;9.54;-0.14;0.68;-0.44;0.07;-0.42;-0.14
1956;-0.42;-0.69;9.60;-0.15;0.69;-0.43;-0.14;-0.35;-0.28
1964;-0.38;-0.60;9.64;-0.15;0.69;-0.43;0.00;0.21;-0.07
1973;-0.44;-0.55;9.60;-0.15;0.69;-0.43;0.14;-0.35;0.21
1982;-0.41;-0.61;9.53;-0.15;0.69;-0.44;0.07;-0.35;-0.14
1991;-0.37;-0.58;9.54;-0.15;0.69;-0.44;-0.35;-0.35;-0.21
1999;-0.37;-0.58;9.56;-0.15;0.69;-0.44;-0.07;-0.28;-0.07
2008;-0.44;-0.62;9.63;-0.14;0.68;-0.44;-0.28;-0.42;0.00
2017;-0.55;-0.57;9.50;-0.14;0.68;-0.44;-0.28;-0.28;-0.07
2026;-0.45;-0.73;9.58;-0.14;0.68;-0.44;-0.14;-0.49;-0.56
2034;-0.39;-0.60;9.47;-0.14;0.68;-0.43;0.07;-0.49;-0.35
2043;-0.49;-0.62;9.56;-0.14;0.68;-0.43;0.07;-0.21;-0.14
2052;-0.44;-0.65;9.67;-0.14;0.68;-0.43;-0.14;-0.56;-0.21
2061;-0.41;-0.48;9.62;-0.15;0.69;-0.44;0.21;-0.42;-0.21
2069;-0.50;-0.61;9.61;-0.15;0.69;-0.44;-0.28;-0.42;-0.28
2078;-0.35;-0.52;9.54;-0.15;0.69;-0.44;0.07;-0.42;-0.42
2087;-0.32;-0.53;9.66;-0.15;0.70;-0.45;-0.07;-0.28;-0.07
2096;-0.39;-0.57;9.49;-0.15;0.70;-0.45;0.00;-0.49;0.07
2104;-0.42;-0.55;9.56;-0.15;0.70;-0.44;0.00;-0.14;-0.28
2113;-0.40;-0.67;9.69;-0.14;0.69;-0.44;-0.21;-0.63;-0.28
2122;-0.37;-0.57;9.60;-0.14;0.69;-0.44;-0.07;-0.21;-0.35
2131;-0.39;-0.56;9.65;-0.15;0.69;-0.45;-0.35;-0.21;-0.07
2139;-0.43;-0.61;9.55;-0.15;0.69;-0.45;-0.14;-0.35;-0.21
2148;-0.38;-0.60;9.48;-0.15;0.69;-0.45;17.71;-0.35;0.14
2157;-0.34;-0.61;9.63;-0.15;0.68;-0.44;0.14;-0.42;-0.07
2166;-0.37;-0.56;9.51;-0.15;0.68;-0.44;-0.14;-0.28;0.07
2174;-0.40;-0.62;9.63;-0.15;0.68;-0.44;-0.14;-0.42;-0.07
2183;-0.46;-0.65;9.52;-0.15;0.69;-0.44;-0.07;-0.21;-0.28
2192;-0.40;-0.69;9.53;-0.15;0.69;-0.44;0.00;-0.35;-0.21
2201;-0.48;-0.56;9.60;-0.15;0.69;-0.44;0.28;-0.14;-0.35
2209;-0.41;-0.55;9.50;-0.15;0.68;-0.45;-0.49;-0.35;-0.14
2218;-0.39;-0.62;9.55;-0.15;0.68;-0.45;0.14;-0.63;-0.07
2227;-0.47;-0.60;9.53;-0.15;0.68;-0.45;0.21;-0.35;-0.70
2236;-0.45;-0.60;9.49;-0.15;0.68;-0.44;0.07;-0.28;-0.21
2244;-0.34;-0.58;9.48;-0.15;0.68;-0.44;-0.21;-0.63;-0.49
2253;-0.47;-0.64;9.50;-0.15;0.68;-0.44;-0.14;-0.28;-0.14
2262;-0.41;-0.59;9.53;-0.14;0.68;-0.44;-0.21;-0.28;-0.21
2271;-0.37;-0.60;9.43;-0.14;0.68;-0.44;0.14;-0.42;-0.14
2279;-0.49;-0.62;9.56;-0.14;0.68;-0.44;0.21;-0.35;-0.14
2288;-0.45;-0.64;9.54;-0.14;0.69;-0.44;-0.21;-0.28;-0.07
2297;-0.35;-0.56;9.56;-0.14;0.69;-0.44;-0.28;-0.63;-0.28
2305;-0.42;-0.60;9.61;-0.14;0.69;-0.44;-0.35;-0.42;-0.21
2314;-0.50;-0.62;9.55;-0.15;0.69;-0.45;0.14;-0.28;0.00
2323;-0.40;-0.63;9.58;-0.15;0.69;-0.45;0.07;-0.35;-0.42
2332;-0.41;-0.59;9.62;-0.15;0.69;-0.45;0.42;-0.63;-0.35
2340;-0.40;-0.60;9.57;-0.14;0.69;-0.45;-0.35;-0.49;-0.49
2349;-0.37;-0.58;9.60;-0.14;0.69;-0.45;-0.14;-0.49;-0.07
2358;-0.48;-0.59;9.58;-0.14;0.69;-0.45;-0.56;-0.14;-0.49
2367;-0.44;-0.60;9.65;-0.14;0.69;-0.45;0.14;-0.42;-0.42
2375;-0.38;-0.63;9.51;-0.14;0.69;-0.45;-0.49;0.07;-0.28
2384;-0.43;-0.65;9.54;-0.14;0.69;-0.45;0.00;-0.49;-0.28
2393;-0.47;-0.65;9.53;-0.14;0.68;-0.44;0.21;-0.77;-0.49
2402;-0.37;-0.61;9.53;-0.14;0.68;-0.44;0.21;-0.42;-0.56
2410;-0.41;-0.60;9.55;-0.14;0.68;-0.44;-0.07;-0.28;-0.49
2419;-0.39;-0.57;9.58;-0.16;0.69;-0.44;-0.07;-0.56;-0.21
2428;-0.42;-0.54;9.57;-0.16;0.69;-0.44;-0.07;-0.56;-0.49
2437;-0.49;-0.48;9.47;-0.16;0.69;-0.44;-0.14;-0.14;-0.14
2445;-0.44;-0.61;9.53;-0.15;0.69;-0.44;-0.07;-0.28;-0.14
2454;-0.42;-0.59;9.45;-0.15;0.69;-0.44;0.21;-0.49;-0.07
2463;-0.43;-0.58;9.49;-0.15;0.69;-0.44;0.07;-0.35;-0.14
2472;-0.36;-0.70;9.57;-0.14;0.68;-0.44;-0.28;-0.56;-0.35
2480;-0.36;-0.60;9.66;-0.14;0.68;-0.44;-0.21;-0.07;-0.28
2489;-0.45;-0.57;9.59;-0.14;0.68;-0.44;-0.21;-0.49;-0.35
2498;-0.45;-0.54;9.49;-0.15;0.68;-0.44;0.14;-0.49;-0.28
2507;-0.44;-0.58;9.51;-0.15;0.68;-0.44;-0.07;-0.42;-0.35
2515;-0.46;-0.55;9.68;-0.15;0.69;-0.44;0.14;-0.42;0.00
2524;-0.37;-0.67;9.60;-0.15;0.69;-0.44;-0.42;-0.42;-0.21
2533;-0.51;-0.57;9.55;-0.15;0.69;-0.44;0.07;-0.14;-0.21
2542;-0.44;-0.62;9.53;-0.15;0.68;-0.44;-0.07;-0.28;-0.14
2550;-0.37;-0.60;9.60;-0.15;0.68;-0.44;0.00;-0.21;-0.42
2559;-0.48;-0.62;9.58;-0.15;0.68;-0.44;-0.56;-0.42;-0.35
2568;-0.39;-0.62;9.50;-0.14;0.69;-0.44;0.35;-0.49;-0.28
2577;-0.41;-0.63;9.53;-0.14;0.69;-0.44;0.21;-0.14;-0.21
2585;-0.44;-0.64;9.64;-0.14;0.69;-0.44;-0.42;-0.14;0.00
2594;-0.38;-0.62;9.48;-0.14;0.69;-0.44;0.07;-0.56;-0.35
2603;-0.38;-0.62;9.43;-0.14;0.69;-0.44;-0.42;0.00;-0.07
2612;-0.34;-0.57;9.53;-0.14;0.69;-0.44;0.00;-0.35;-0.42
2620;-0.40;-0.67;9.53;-0.14;0.69;-0.45;-0.14;-0.14;-0.63
2629;-0.40;-0.60;9.59;-0.14;0.69;-0.45;-0.14;-0.28;-0.28
2638;-0.36;-0.65;9.55;-0.14;0.69;-0.45;0.14;-0.56;0.00
2647;-0.39;-0.62;9.53;-0.15;0.69;-0.43;-0.14;-0.28;-0.21
2655;-0.46;-0.60;9.56;-0.15;0.69;-0.43;0.07;-0.49;17.64
2664;-0.40;-0.58;9.53;-0.15;0.69;-0.43;-0.70;-0.21;-0.28
2673;-0.47;-0.55;9.68;-0.14;0.69;-0.45;0.21;-0.28;-0.14
2682;-0.38;-0.55;9.53;-0.14;0.69;-0.45;0.00;-0.14;-0.35
2690;-0.45;-0.65;9.58;-0.14;0.69;-0.45;0.00;-0.28;-0.42
2699;-0.55;-0.58;9.53;-0.15;0.67;-0.44;0.07;-0.70;-0.07
2708;-0.49;-0.60;9.62;-0.15;0.67;-0.44;-0.28;-0.56;-0.35
2717;-0.54;-0.56;9.62;-0.15;0.67;-0.44;-0.42;-0.49;-0.28
2725;-0.50;-0.56;9.65;-0.15;0.69;-0.45;-0.42;-0.28;-0.35
2734;-0.39;-0.57;9.52;-0.15;0.69;-0.45;-0.35;-0.28;-0.42
2743;-0.45;-0.57;9.54;-0.15;0.69;-0.45;-0.49;-0.56;-0.21
2752;-0.51;-0.56;9.55;-0.15;0.68;-0.44;-0.28;-0.56;-0.35
2760;-0.47;-0.57;9.51;-0.15;0.68;-0.44;0.00;0.00;-0.35
2769;-0.41;-0.57;9.51;-0.15;0.68;-0.44;0.07;-0.42;-0.42
2778;-0.38;-0.53;9.43;-0.14;0.69;-0.44;-0.14;-0.42;-0.35
2787;-0.45;-0.54;9.50;-0.14;0.69;-0.44;-0.07;-0.35;-0.07
2795;-0.41;-0.65;9.61;-0.14;0.69;-0.44;-0.14;-0.56;-0.35
2804;-0.39;-0.52;9.51;-0.14;0.68;-0.44;-0.07;-0.77;-0.42
2813;-0.40;-0.57;9.49;-0.14;0.68;-0.44;-0.21;-0.35;-0.35
2822;-0.46;-0.67;9.60;-0.14;0.68;-0.44;-0.21;-0.56;-0.49
2831;-0.47;-0.56;9.58;-0.14;0.68;-0.44;0.00;-0.35;-0.35
2839;-0.46;-0.58;9.57;-0.14;0.68;-0.44;0.00;-0.35;-0.35
2848;-0.41;-0.63;9.64;-0.14;0.69;-0.44;0.00;-0.28;-0.56
2857;-0.46;-0.67;9.63;-0.14;0.69;-0.44;-0.42;-0.49;-0.21
2866;-0.45;-0.62;9.61;-0.14;0.69;-0.44;-0.42;-0.42;-0.07
2874;-0.38;-0.54;9.53;-0.14;0.68;-0.44;0.00;-0.35;0.07
2883;-0.48;-0.65;9.60;-0.14;0.68;-0.44;-0.21;-0.49;-0.42
2892;-0.52;-0.62;9.53;-0.14;0.68;-0.44;-0.14;-0.28;-0.07
2901;-0.42;-0.59;9.68;-0.14;0.69;-0.45;-0.14;-0.14;-0.07
2909;-0.49;-0.62;9.56;-0.14;0.69;-0.45;0.00;-0.07;-0.42
2918;-0.43;-0.63;9.43;-0.14;0.69;-0.45;0.07;-0.42;-0.42
2927;-0.37;-0.62;9.52;-0.14;0.69;-0.45;-0.07;-0.42;0.14
2936;-0.45;-0.65;9.53;-0.14;0.69;-0.45;-0.28;-0.21;-0.35
2944;-0.38;-0.53;9.58;-0.14;0.69;-0.45;0.00;-0.21;-0.21
2953;-0.50;-0.57;9.57;-0.14;0.69;-0.44;-0.14;-0.21;-0.21
2962;-0.50;-0.55;9.55;-0.14;0.69;-0.44;0.07;-0.49;-0.28
2971;-0.35;-0.52;9.53;-0.14;0.69;-0.44;0.21;-0.35;-0.42
2979;-0.45;-0.53;9.55;-0.14;0.69;-0.44;0.00;-0.35;-0.42
2988;-0.47;-0.58;9.53;-0.14;0.69;-0.44;0.35;-0.35;0.07
2997;-0.47;-0.61;9.49;-0.14;0.69;-0.44;-17.78;-0.56;-0.28
3006;-0.47;-0.65;9.61;-0.14;0.67;-0.45;0.07;-0.49;-0.28
3014;-0.37;-0.58;9.65;-0.14;0.67;-0.45;0.28;0.00;-0.14
3023;-0.42;-0.52;9.53;-0.14;0.67;-0.45;0.56;-0.21;-0.14
3032;-0.42;-0.62;9.57;-0.15;0.69;-0.44;-0.14;-0.21;-0.07
3041;-0.42;-0.58;9.67;-0.15;0.69;-0.44;0.07;-0.28;-0.56
3049;-0.42;-0.55;9.50;-0.15;0.69;-0.44;0.07;-0.28;-0.28
3058;-0.40;-0.67;9.53;-0.14;0.69;-0.44;0.07;-0.42;-0.21
3067;-0.37;-0.55;9.54;-0.14;0.69;-0.44;-0.21;-0.42;-0.14
3075;-0.39;-0.53;9.53;-0.14;0.69;-0.44;0.07;-0.21;-0.07
3084;-0.38;-0.51;9.59;-0.14;0.70;-0.45;0.14;-0.28;-0.35
3093;-0.41;-0.60;9.59;-0.14;0.70;-0.45;-0.07;-0.07;-0.14
3102;-0.47;-0.67;9.51;-0.14;0.70;-0.45;0.00;-0.21;-0.28
3110;-0.36;-0.61;9.59;-0.15;0.68;-0.45;0.00;-0.42;-0.07
3119;-0.45;-0.57;9.56;-0.15;0.68;-0.45;0.07;-0.49;-0.21
3128;-0.42;-0.63;9.58;-0.15;0.68;-0.45;0.07;-0.35;-0.28
3137;-0.36;-0.57;9.42;-0.14;0.69;-0.45;-0.49;-0.21;-0.21
3145;-0.39;-0.57;9.48;-0.14;0.69;-0.45;0.21;-0.42;-0.21
3154;-0.39;-0.60;9.51;-0.14;0.69;-0.45;0.21;-0.14;-0.14
3163;-0.37;-0.59;9.49;-0.14;0.68;-0.43;-0.21;-0.56;-0.07
3171;-0.39;-0.62;9.59;-0.14;0.68;-0.43;0.14;-0.49;-0.35
3180;-0.43;-0.73;9.63;-0.14;0.68;-0.43;-0.21;-0.49;-17.85
3189;-0.45;-0.63;9.64;-0.14;0.68;-0.44;-0.14;-0.14;-0.28
3198;-0.41;-0.59;9.55;-0.14;0.68;-0.44;-0.07;-0.14;-0.28
3206;-0.42;-0.60;9.57;-0.14;0.68;-0.44;-0.28;-0.42;-0.28
3215;-0.38;-0.56;9.49;-0.14;0.69;-0.45;-0.07;-0.35;-0.42
3224;-0.36;-0.55;9.64;-0.14;0.69;-0.45;0.00;-0.49;-0.21
3233;-0.44;-0.54;9.55;-0.14;0.68;-0.44;0.07;-0.21;-0.21
3241;-0.37;-0.71;9.56;-0.14;0.68;-0.44;0.00;-0.14;-0.14
3250;-0.40;-0.60;9.57;-0.14;0.68;-0.44;0.00;-0.21;-0.35
3259;-0.39;-0.59;9.56;-0.15;0.68;-0.44;0.14;-0.77;-0.49
3268;-0.53;-0.57;9.66;-0.15;0.68;-0.44;0.07;-0.49;-0.49
3276;-0.47;-0.62;9.62;-0.15;0.68;-0.44;0.00;-0.70;-0.14
3285;-0.36;-0.60;9.49;-0.13;0.69;-0.44;-0.21;-0.21;-0.21
3294;-0.35;-0.60;9.54;-0.13;0.69;-0.44;0.07;-0.49;-0.42
3303;-0.44;-0.65;9.63;-0.13;0.69;-0.44;0.28;-0.63;-0.28
3311;-0.48;-0.65;9.50;-0.15;0.68;-0.43;-0.07;-0.21;0.00
3320;-0.37;-0.60;9.45;-0.15;0.68;-0.43;0.14;-0.35;-0.14
3329;-0.45;-0.57;9.43;-0.15;0.68;-0.43;0.00;0.00;-0.21
3338;-0.37;-0.59;9.40;-0.15;0.68;-0.44;-0.14;-0.49;-0.21
3347;-0.40;-0.65;9.49;-0.15;0.68;-0.44;-0.21;-0.49;-0.14
3355;-0.39;-0.61;9.58;-0.15;0.68;-0.44;0.14;-0.63;-0.21
3364;-0.35;-0.60;9.64;-0.14;0.68;-0.43;-0.42;-0.35;-0.07
3373;-0.51;-0.63;9.53;-0.14;0.68;-0.43;-0.14;-0.70;-0.07
3382;-0.47;-0.55;9.48;-0.14;0.68;-0.43;0.00;-0.42;-0.35
3390;-0.44;-0.57;9.58;-0.15;0.68;-0.44;-0.14;-0.14;-0.14
3399;-0.43;-0.60;9.56;-0.15;0.68;-0.44;0.49;-0.35;-0.28
3408;-0.42;-0.68;9.57;-0.15;0.68;-0.44;-0.28;-0.42;-0.63
3417;-0.39;-0.55;9.66;-0.15;0.69;-0.45;-0.14;-0.42;-0.21
3425;-0.34;-0.64;9.67;-0.15;0.69;-0.45;-0.14;-0.28;-0.42
3434;-0.41;-0.60;9.59;-0.15;0.69;-0.45;-0.14;-0.35;-0.42
3443;-0.42;-0.65;9.51;-0.14;0.69;-0.45;0.00;-0.42;-0.28
3451;-0.45;-0.59;9.63;-0.14;0.69;-0.45;-0.07;-0.49;-0.42
3460;-0.47;-0.55;9.40;-0.14;0.69;-0.45;-0.49;-0.21;-0.21
3469;-0.34;-0.65;9.45;-0.14;0.68;-0.45;-0.14;-0.63;-0.35
3478;-0.47;-0.62;9.54;-0.14;0.68;-0.45;0.00;-0.49;-0.14
3487;-0.39;-0.67;9.60;-0.14;0.68;-0.45;-0.14;-0.28;0.14
3495;-0.42;-0.61;9.65;-0.14;0.69;-0.44;0.07;-0.42;-0.28
3504;-0.42;-0.55;9.47;-0.14;0.69;-0.44;-0.07;-0.56;0.00
3513;-0.50;-0.61;9.47;-0.14;0.69;-0.44;0.00;-0.14;0.07
3522;-0.52;-0.57;9.42;-0.15;0.69;-0.46;-17.92;-0.28;-0.28
3530;-0.50;-0.63;9.68;-0.15;0.69;-0.46;-0.21;-0.49;-0.49
3539;-0.37;-0.67;9.60;-0.15;0.69;-0.46;0.00;-0.35;-0.21
3548;-0.37;-0.70;9.73;-0.14;0.69;-0.45;-0.28;-0.28;-0.42
3557;-0.40;-0.60;9.60;-0.14;0.69;-0.45;0.28;-0.70;-0.21
3565;-0.46;-0.64;9.58;-0.14;0.69;-0.45;0.00;-0.28;-0.21
3574;-0.43;-0.67;9.58;-0.15;0.68;-0.45;0.07;-0.42;-0.21
3583;-0.50;-0.62;9.58;-0.15;0.68;-0.45;-0.35;-0.28;-0.28
3592;-0.45;-0.59;9.66;-0.30;0.68;-0.45;-0.63;-0.14;-0.21
3600;-0.47;-0.65;9.61;-0.15;0.68;-0.45;-0.28;-0.56;-0.28
3609;-0.49;-0.62;9.59;-0.15;0.68;-0.45;-0.21;-0.42;-0.42
3618;-0.40;-0.69;9.55;-0.15;0.68;-0.44;0.21;-0.28;-0.35
3626;-0.45;-0.65;9.48;-0.15;0.68;-0.44;0.00;0.14;-0.21
3635;-0.45;-0.64;9.48;-0.15;0.68;-0.44;17.78;-0.42;-0.35
3644;-0.37;-0.67;9.60;-0.14;0.69;-0.44;-0.07;-0.35;-0.49
3653;-0.45;-0.65;9.52;-0.14;0.69;-0.44;-0.07;-0.42;-0.21
3661;-0.33;-0.57;9.61;-0.14;0.69;-0.44;0.14;-0.49;-0.21
3670;-0.41;-0.53;9.55;-0.15;0.68;-0.43;-0.07;-0.21;-0.07
3679;-0.42;-0.65;9.59;-0.15;0.68;-0.43;0.35;-0.63;-0.28
3688;-0.44;-0.60;9.71;-0.15;0.68;-0.43;0.14;-0.21;-0.35
3696;-0.41;-0.64;9.46;-0.14;0.68;-0.45;-0.49;-0.14;-0.42
3705;-0.33;-0.57;9.48;-0.14;0.68;-0.45;0.07;-0.14;-0.14
3714;-0.44;-0.60;9.43;-0.14;0.68;-0.45;0.35;-0.63;0.00
3723;-0.47;-0.60;9.50;-0.14;0.68;-0.45;-0.07;-0.28;-0.14
3731;-0.48;-0.62;9.52;-0.14;0.68;-0.45;-0.21;-0.35;-0.14
3740;-0.39;-0.62;9.65;-0.14;0.68;-0.45;0.00;-0.49;-0.28
3749;-0.42;-0.58;9.58;-0.14;0.68;-0.44;-0.21;-0.63;0.00
3758;-0.46;-0.55;9.62;-0.14;0.68;-0.44;-0.14;-0.35;-0.42
3766;-0.42;-0.59;9.64;-0.14;0.68;-0.44;0.14;-0.21;-0.21
3775;-0.45;-0.65;9.68;-0.14;0.69;-0.45;-0.07;-0.21;0.00
3784;-0.45;-0.57;9.55;-0.14;0.69;-0.45;17.78;-0.49;-0.21
3793;-0.36;-0.67;9.70;-0.14;0.69;-0.45;-0.35;-0.42;-0.56
3801;-0.39;-0.61;9.64;-0.15;0.69;-0.43;0.35;-0.42;-0.14
3810;-0.42;-0.66;9.52;-0.15;0.69;-0.43;-0.14;-0.35;-0.14
3819;-0.38;-0.55;9.58;-0.15;0.69;-0.43;-0.21;0.00;-0.14
3828;-0.47;-0.58;9.50;-0.14;0.69;-0.44;0.21;-0.21;0.07
3836;-0.54;-0.62;9.46;-0.14;0.69;-0.44;0.07;-0.35;0.07
3845;-0.43;-0.61;9.53;-0.14;0.69;-0.44;0.35;-0.42;0.00
3854;-0.37;-0.63;9.49;-0.15;0.69;-0.44;0.07;-0.35;0.00
3863;-0.32;-0.65;9.58;-0.15;0.69;-0.44;-0.21;-0.49;-0.14
3871;-0.48;-0.55;9.58;-0.15;0.69;-0.44;0.21;-0.56;-0.21
3880;-0.47;-0.64;9.52;-0.14;0.68;-0.45;-0.28;-0.35;-0.14
3889;-0.42;-0.58;9.51;-0.14;0.68;-0.45;0.21;-0.77;-0.49
3898;-0.38;-0.65;9.50;-0.14;0.68;-0.45;-0.14;-0.77;-0.21
3906;-0.42;-0.72;9.60;-0.15;0.68;-0.43;-0.28;-0.21;0.07
3915;-0.41;-0.62;9.62;-0.15;0.68;-0.43;-0.07;-0.35;-0.14
3924;-0.41;-0.62;9.63;-0.15;0.68;-0.43;0.14;-0.14;-0.28
3932;-0.33;-0.57;9.71;-0.14;0.68;-0.43;-17.92;-0.42;-0.28
3941;-0.44;-0.63;9.67;-0.14;0.68;-0.43;-0.42;-0.42;-0.35
3950;-0.39;-0.69;9.64;-0.14;0.68;-0.43;0.00;-0.56;-0.28
3959;-0.42;-0.57;9.76;-0.14;0.69;-0.45;-0.07;-0.35;-0.28
3967;-0.42;-0.58;9.52;-0.14;0.69;-0.45;-0.14;-0.49;-0.21
3976;-0.39;-0.60;9.60;-0.14;0.69;-0.43;-0.21;-0.35;-0.28
3985;-0.46;-0.62;9.48;-0.14;0.69;-0.43;0.14;-0.14;-0.14
3994;-0.45;-0.54;9.51;-0.14;0.69;-0.43;-0.14;-0.42;-0.35
4002;-0.44;-0.58;9.50;-0.14;0.69;-0.44;-0.49;-0.42;-0.42
4011;-0.37;-0.66;9.48;-0.14;0.69;-0.44;0.21;-0.49;0.00
4020;-0.44;-0.61;9.53;-0.14;0.69;-0.44;-0.14;-0.42;-0.56
4029;-0.40;-0.59;9.55;-0.14;0.68;-0.44;-0.21;-0.49;-0.28
4038;-0.33;-0.72;9.50;-0.14;0.68;-0.44;-0.07;-0.28;-0.42
4046;-0.40;-0.62;9.60;-0.14;0.68;-0.44;-0.14;-0.35;0.14
4055;-0.42;-0.68;9.43;-0.14;0.69;-0.46;0.07;-0.35;-0.56
4064;-0.42;-0.64;9.48;-0.14;0.69;-0.46;0.14;-0.35;-0.28
4072;-0.45;-0.59;9.63;-0.14;0.69;-0.46;0.07;-0.35;0.00
4081;-0.39;-0.50;9.58;-0.13;0.68;-0.43;-0.07;-0.49;-0.49
4090;-0.45;-0.64;9.45;-0.13;0.68;-0.43;0.07;-0.42;-0.28
4099;-0.41;-0.66;9.45;-0.13;0.68;-0.43;-0.35;-0.35;0.00
4107;-0.40;-0.63;9.53;-0.15;0.69;-0.44;-0.35;-0.07;17.71
4116;-0.50;-0.57;9.53;-0.15;0.69;-0.44;0.21;-0.42;-0.21
4125;-0.46;-0.58;9.60;-0.15;0.69;-0.44;-0.14;-0.49;-0.42
4134;-0.50;-0.60;9.66;-0.14;0.68;-0.45;-0.21;-0.35;-0.14
4142;-0.44;-0.60;9.60;-0.14;0.68;-0.45;-0.21;-0.49;-0.21
4151;-0.37;-0.58;9.55;-0.14;0.68;-0.45;0.00;-0.21;-0.28
4160;-0.47;-0.67;9.48;-0.14;0.68;-0.44;-0.21;-0.49;-0.07
4169;-0.52;-0.66;9.57;-0.14;0.68;-0.44;0.56;-0.63;-0.14
4177;-0.48;-0.55;9.49;-0.14;0.68;-0.44;-0.07;-0.63;-0.21
4186;-0.40;-0.52;9.62;-0.14;0.69;-0.44;-0.42;-0.49;-0.28
4195;-0.47;-0.59;9.44;-0.14;0.69;-0.44;-0.35;-0.42;-0.35
4204;-0.45;-0.57;9.62;-0.14;0.69;-0.44;0.07;-0.21;0.00
4212;-0.37;-0.59;9.57;-0.14;0.69;-0.45;0.14;-0.35;-0.14
4221;-0.42;-0.58;9.47;-0.14;0.69;-0.45;0.14;-0.35;-0.14
4230;-0.37;-0.64;9.48;-0.14;0.69;-0.45;-0.07;-0.91;-0.35
4239;-0.46;-0.63;9.63;-0.15;0.68;-0.45;0.00;-0.63;-0.28
4247;-0.32;-0.61;9.55;-0.15;0.68;-0.45;-0.35;-0.56;-0.35
4256;-0.37;-0.61;9.51;-0.15;0.68;-0.45;0.07;-0.77;-0.42
4265;-0.48;-0.62;9.51;-0.14;0.68;-0.45;-0.42;-0.21;-0.56
4274;-0.42;-0.55;9.53;-0.14;0.68;-0.45;-0.63;-0.56;-0.56
4282;-0.39;-0.62;9.57;-0.14;0.68;-0.45;-0.56;-0.35;-0.35
4291;-0.37;-0.56;9.48;-0.15;0.69;-0.45;-0.14;-0.28;0.00
4300;-0.50;-0.61;9.56;-0.15;0.69;-0.45;-0.07;-0.14;0.14
4309;-0.42;-0.59;9.60;-0.15;0.69;-0.45;-0.21;-0.63;-0.14
4317;-0.50;-0.57;9.63;-0.14;0.68;-0.44;-0.14;-0.21;-0.28
4326;-0.34;-0.62;9.77;-0.14;0.68;-0.44;-0.28;-0.49;-0.42
4335;-0.42;-0.57;9.68;-0.14;0.70;-0.44;0.14;-0.28;-0.21
4344;-0.44;-0.62;9.64;-0.15;0.70;-0.44;0.00;-0.63;0.07
4352;-0.48;-0.55;9.60;-0.15;0.70;-0.44;-0.28;-0.49;-0.42
4361;-0.39;-0.66;9.47;-0.15;0.69;-0.43;-0.14;-0.42;-0.21
4370;-0.47;-0.65;9.70;-0.15;0.69;-0.43;-0.14;-0.35;-0.35
4378;-0.42;-0.59;9.47;-0.15;0.69;-0.43;0.21;-0.49;-0.28
4387;-0.36;-0.62;9.51;-0.14;0.70;-0.45;0.07;-0.49;-0.70
4396;-0.44;-0.69;9.55;-0.14;0.70;-0.45;0.35;-0.07;0.21
4405;-0.47;-0.60;9.42;-0.14;0.70;-0.45;0.07;-0.14;-0.28
4414;-0.35;-0.61;9.53;-0.14;0.69;-0.44;0.07;-0.77;-0.42
4422;-0.42;-0.56;9.53;-0.14;0.69;-0.44;0.21;-0.56;-0.28
4431;-0.34;-0.62;9.42;-0.14;0.69;-0.44;-0.35;-0.35;-0.35
4440;-0.47;-0.62;9.50;-0.14;0.69;-0.44;-0.07;-0.49;-0.56
4449;-0.43;-0.55;9.66;-0.14;0.69;-0.44;-0.49;-0.42;-0.28
4457;-0.48;-0.58;9.52;-0.14;0.69;-0.44;-0.28;-0.35;-0.35
4466;-0.39;-0.63;9.54;-0.15;0.69;-0.44;-0.14;0.00;-0.14
4475;-0.33;-0.54;9.63;-0.15;0.69;-0.44;0.07;-0.56;-0.49
4484;-0.44;-0.57;9.53;-0.15;0.69;-0.44;-0.14;-0.28;-0.49
4492;-0.44;-0.60;9.59;-0.15;0.69;-0.45;-0.14;-0.35;0.00
4501;-0.46;-0.59;9.50;-0.15;0.69;-0.45;0.07;-0.56;-0.14
4510;-0.39;-0.58;9.66;-0.15;0.69;-0.45;-0.49;-0.63;-0.28
4519;-0.44;-0.50;9.64;-0.14;0.68;-0.44;-0.14;-0.35;-0.63
4527;-0.42;-0.60;9.66;-0.14;0.68;-0.44;-0.49;-0.07;-0.63
4536;-0.42;-0.60;9.50;-0.14;0.68;-0.44;0.07;-0.35;-0.56
4545;-0.45;-0.58;9.55;-0.15;0.69;-0.42;0.28;-0.63;-0.49
4553;-0.42;-0.57;9.62;-0.15;0.69;-0.42;-0.07;-0.14;-0.07
4562;-0.46;-0.62;9.54;-0.15;0.69;-0.42;-0.49;-0.84;-0.07
4571;-0.45;-0.59;9.43;-0.14;0.69;-0.44;0.00;-0.42;0.00
4580;-0.45;-0.62;9.56;-0.14;0.69;-0.44;-0.35;-0.49;-0.14
4588;-0.40;-0.64;9.68;-0.14;0.69;-0.44;-0.14;-0.21;-0.35
4597;-0.39;-0.62;9.50;-0.15;0.68;-0.44;-0.07;-0.49;-0.07
4606;-0.45;-0.59;9.50;-0.15;0.68;-0.44;-0.35;-0.28;-0.35
4615;-0.41;-0.57;9.43;-0.15;0.68;-0.44;-0.21;-0.56;-0.21
4623;-0.45;-0.63;9.43;-0.13;0.69;-0.44;0.07;-0.35;-0.14
4632;-0.46;-0.61;9.64;-0.13;0.69;-0.44;-0.21;-0.35;-0.42
4641;-0.37;-0.55;9.59;-0.13;0.69;-0.44;0.00;-0.35;-0.14
4650;-0.42;-0.56;9.60;-0.14;0.69;-0.45;-0.21;-0.49;-0.21
4658;-0.46;-0.61;9.66;-0.14;0.69;-0.45;-0.07;-0.63;-0.42
4667;-0.46;-0.65;9.66;-0.14;0.69;-0.45;0.00;-0.35;-0.35
4676;-0.40;-0.65;9.56;-0.15;0.69;-0.43;-0.14;-0.35;-0.35
4684;-0.45;-0.63;9.58;-0.15;0.69;-0.43;0.00;-0.07;-0.42
4693;-0.43;-0.54;9.63;-0.15;0.69;-0.43;-0.21;-0.28;-0.35
4702;-0.42;-0.65;9.53;-0.15;0.69;-0.45;-0.07;-0.49;-0.35
4711;-0.40;-0.57;9.63;-0.15;0.69;-0.45;-0.14;-0.07;-0.07
4719;-0.47;-0.62;9.57;-0.15;0.69;-0.46;0.00;-0.49;-0.21
4728;-0.52;-0.60;9.48;-0.14;0.69;-0.46;-0.14;-0.21;0.00
4737;-0.45;-0.57;9.53;-0.14;0.69;-0.46;0.14;-0.21;-0.35
4746;-0.34;-0.58;9.47;-0.14;0.69;-0.44;0.28;-0.14;-0.49
4755;-0.46;-0.60;9.60;-0.14;0.69;-0.44;17.78;-0.42;-0.28
4763;-0.40;-0.57;9.56;-0.14;0.69;-0.44;-0.35;-0.42;0.07
4772;-0.39;-0.61;9.62;-0.14;0.68;-0.44;-0.21;-0.70;-0.28
4781;-0.45;-0.58;9.47;-0.14;0.68;-0.44;0.14;-0.35;-0.14
4790;-0.40;-0.57;9.47;-0.14;0.68;-0.44;-0.35;-0.49;-0.14
4798;-0.37;-0.48;9.63;-0.14;0.68;-0.45;0.00;-0.42;0.07
4807;-0.39;-0.59;9.55;-0.14;0.68;-0.45;-0.28;-0.35;-0.42
4816;-0.36;-0.57;9.49;-0.14;0.68;-0.45;-0.14;-0.21;-0.42
4825;-0.34;-0.58;9.50;-0.14;0.69;-0.45;-0.07;-0.77;-0.42
4833;-0.35;-0.64;9.60;-0.14;0.69;-0.45;-0.21;-0.63;-0.28
4842;-0.34;-0.60;9.56;-0.14;0.69;-0.45;-0.28;-0.42;0.00
4851;-0.46;-0.56;9.60;-0.14;0.68;-0.45;-0.21;-0.70;-17.85
4859;-0.50;-0.64;9.66;-0.14;0.68;-0.45;-0.42;-0.42;-0.07
4868;-0.48;-0.57;9.48;-0.14;0.68;-0.45;-17.78;-0.49;-0.42
4877;-0.45;-0.59;9.49;-0.14;0.69;-0.43;-0.28;-0.21;-0.49
4886;-0.50;-0.63;9.63;-0.14;0.69;-0.43;0.14;-0.49;-0.28
4895;-0.46;-0.60;9.70;-0.14;0.69;-0.43;0.00;-0.42;-0.21
4903;-0.36;-0.57;9.55;-0.15;0.69;-0.46;-0.35;-0.35;-0.21
4912;-0.44;-0.52;9.63;-0.15;0.69;-0.46;-0.14;-0.56;-0.14
4921;-0.42;-0.58;9.56;-0.15;0.69;-0.46;0.14;-0.35;-0.14
4930;-0.36;-0.62;9.45;-0.14;0.69;-0.44;0.00;-0.35;-0.49
4938;-0.42;-0.57;9.51;-0.14;0.69;-0.44;-0.35;-0.42;-0.42
4947;-0.44;-0.60;9.48;-0.14;0.69;-0.44;-0.07;-0.35;-0.21
4956;-0.39;-0.57;9.52;-0.15;0.69;-0.44;0.07;-0.28;-0.21
4965;-0.47;-0.53;9.61;-0.15;0.69;-0.44;-0.21;-0.56;-0.70
4973;-0.42;-0.73;9.48;-0.15;0.69;-0.44;0.00;-0.35;-0.56
4982;-0.42;-0.62;9.57;-0.15;0.70;-0.44;-0.63;-0.42;-0.28
4991;-0.37;-0.57;9.51;-0.15;0.70;-0.44;-0.28;-0.28;-0.35
5000;-0.43;-0.62;9.49;-0.15;0.70;-0.44;-0.07;-0.42;-0.14
5008;-0.36;-0.56;9.60;-0.14;0.68;-0.44;0.07;-0.35;-0.21
5017;-0.42;-0.61;9.50;-0.14;0.68;-0.44;0.00;-0.28;-0.35
5026;-0.45;-0.62;9.68;-0.14;0.68;-0.44;0.28;-0.21;-0.56
5035;-0.52;-0.57;9.63;-0.14;0.69;-0.45;-0.07;-0.35;-0.28
5043;-0.34;-0.60;9.68;-0.14;0.69;-0.45;0.14;-0.49;-0.28
5052;-0.40;-0.57;9.55;-0.14;0.69;-0.45;-0.07;-0.14;-0.28
5061;-0.48;-0.55;9.49;-0.15;0.69;-0.44;-0.21;0.00;-0.21
5070;-0.34;-0.62;9.50;-0.15;0.69;-0.44;-0.28;-0.49;-0.14
5078;-0.45;-0.59;9.55;-0.14;0.68;-0.44;0.21;-0.14;-0.28
5087;-0.50;-0.57;9.55;-0.14;0.68;-0.44;0.28;-0.07;-0.35
5096;-0.42;-0.58;9.59;-0.14;0.68;-0.44;0.28;-0.56;-0.14
5105;-0.41;-0.55;9.56;-0.15;0.69;-0.46;0.35;-0.49;-0.28
5113;-0.46;-0.57;9.53;-0.15;0.69;-0.46;0.21;-0.35;-0.28
5122;-0.47;-0.59;9.58;-0.15;0.69;-0.46;0.07;-0.28;-0.21
5131;-0.37;-0.60;9.56;-0.15;0.68;-0.43;0.00;-0.49;-0.28
5140;-0.35;-0.55;9.45;-0.15;0.68;-0.43;-0.07;-0.21;-0.21
5148;-0.41;-0.65;9.44;-0.15;0.68;-0.43;-0.28;-0.35;-0.14
5157;-0.47;-0.57;9.46;-0.15;0.69;-0.45;0.00;-0.56;-0.42
5166;-0.38;-0.62;9.55;-0.15;0.69;-0.45;-0.28;-0.42;0.00
5175;-0.41;-0.53;9.37;-0.15;0.69;-0.45;-0.14;-0.35;-0.28
5183;-0.44;-0.53;9.50;-0.14;0.69;-0.45;0.14;-0.35;-0.28
5192;-0.34;-0.65;9.49;-0.14;0.69;-0.45;-0.07;-0.42;-0.28
5201;-0.44;-0.55;9.53;-0.14;0.69;-0.45;0.00;-0.21;-0.14
5210;-0.39;-0.49;9.60;-0.14;0.69;-0.45;-0.49;-0.21;-0.35
5218;-0.42;-0.61;9.54;-0.14;0.69;-0.45;-0.14;-0.21;0.00
5227;-0.43;-0.57;9.63;-0.14;0.69;-0.45;-0.28;-0.28;-0.21
5236;-0.45;-0.57;9.60;-0.14;0.69;-0.44;-0.21;-0.21;0.07
5245;-0.40;-0.57;9.60;-0.14;0.69;-0.44;-0.35;-0.42;-0.21
5253;-0.43;-0.58;9.49;-0.14;0.69;-0.44;0.14;-0.14;-0.77
5262;-0.37;-0.64;9.63;-0.15;0.69;-0.44;0.21;-0.42;-0.14
5271;-0.35;-0.60;9.53;-0.15;0.69;-0.44;0.28;-0.49;-0.42
5280;-0.50;-0.60;9.46;-0.15;0.69;-0.44;-0.07;-0.28;-0.35
5288;-0.33;-0.60;9.56;-0.15;0.70;-0.45;-0.14;-0.42;-0.21
5297;-0.46;-0.65;9.59;-0.15;0.70;-0.45;0.14;-0.21;-0.49
5306;-0.44;-0.56;9.52;-0.15;0.70;-0.45;0.14;-0.49;-0.35
5315;-0.35;-0.54;9.71;-0.15;0.69;-0.44;0.14;-0.77;-0.28
5323;-0.37;-0.67;9.53;-0.15;0.69;-0.44;-0.07;-0.49;-17.78
5332;-0.35;-0.55;9.53;-0.15;0.69;-0.44;0.00;-0.35;-0.35
5341;-0.41;-0.64;9.46;-0.14;0.69;-0.45;-0.07;-0.56;-0.35
5350;-0.41;-0.60;9.53;-0.14;0.69;-0.45;-0.35;-0.35;-0.07
5358;-0.39;-0.65;9.55;-0.14;0.69;-0.45;0.14;-0.49;-0.28
5367;-0.44;-0.58;9.50;-0.15;0.69;-0.46;-0.28;-0.35;0.07
5376;-0.45;-0.70;9.59;-0.15;0.69;-0.46;0.00;-0.28;-0.07
5385;-0.39;-0.58;9.58;-0.15;0.69;-0.46;0.00;-0.35;-0.28
5393;-0.44;-0.64;9.68;-0.14;0.70;-0.45;-0.49;-0.42;-0.35
5402;-0.37;-0.52;9.71;-0.14;0.70;-0.45;0.07;-0.35;-0.21
5411;-0.35;-0.68;9.53;-0.14;0.70;-0.45;0.07;-0.07;-0.21
5420;-0.47;-0.62;9.55;-0.14;0.69;-0.43;0.00;-0.49;0.00
5429;-0.44;-0.64;9.52;-0.14;0.69;-0.43;0.07;-0.77;-0.14
5437;-0.37;-0.53;9.53;-0.14;0.69;-0.44;-0.21;-0.28;-0.42
5446;-0.42;-0.55;9.45;-0.14;0.69;-0.44;0.00;-0.21;0.00
5455;-0.47;-0.63;9.55;-0.14;0.69;-0.44;-0.35;-0.42;-0.42
5464;-0.42;-0.55;9.51;-0.14;0.69;-0.45;0.14;-0.49;-0.28
5472;-0.39;-0.62;9.55;-0.14;0.69;-0.45;-0.14;-0.42;-0.21
5481;-0.40;-0.62;9.50;-0.14;0.69;-0.45;0.00;-0.28;-0.07
5490;-0.40;-0.55;9.60;-0.15;0.68;-0.44;0.07;-0.35;0.00
5498;-0.42;-0.55;9.54;-0.15;0.68;-0.44;0.00;-0.42;0.00
5507;-0.44;-0.59;9.50;-0.15;0.68;-0.44;0.56;-0.42;-0.14
5516;-0.41;-0.65;9.53;-0.15;0.69;-0.45;0.07;-0.35;-0.07
5525;-0.42;-0.52;9.62;-0.15;0.69;-0.45;0.28;-0.42;-0.28
5533;-0.46;-0.57;9.58;-0.15;0.69;-0.45;0.00;-0.35;-0.14
5542;-0.39;-0.67;9.58;-0.15;0.69;-0.44;0.00;-0.49;-17.92
5551;-0.45;-0.62;9.60;-0.15;0.69;-0.44;-0.21;-0.42;-0.07
5560;-0.34;-0.63;9.54;-0.15;0.69;-0.44;-0.14;-0.49;-0.49
5569;-0.44;-0.61;9.61;-0.15;0.69;-0.45;0.00;-0.28;-0.42
5577;-0.42;-0.65;9.53;-0.15;0.69;-0.45;-0.14;-0.35;-0.28
5586;-0.36;-0.56;9.52;-0.15;0.69;-0.45;-0.21;-0.42;-0.56
5595;-0.38;-0.56;9.55;-0.14;0.68;-0.44;-0.14;-0.49;-0.42
5604;-0.47;-0.60;9.54;-0.14;0.68;-0.44;0.00;-0.42;-0.28
5612;-0.47;-0.59;9.58;-0.14;0.68;-0.44;-0.21;-0.42;-0.42
5621;-0.42;-0.61;9.54;-0.14;0.69;-0.45;-0.14;-0.21;-0.21
5630;-0.37;-0.61;9.57;-0.14;0.69;-0.45;0.00;-0.42;-0.07
5639;-0.52;-0.53;9.62;-0.14;0.69;-0.45;-0.28;-0.21;-0.35
5647;-0.44;-0.56;9.56;-0.14;0.68;-0.45;0.14;-0.14;-0.42
5656;-0.46;-0.68;9.50;-0.14;0.68;-0.45;-0.14;-0.35;-0.21
5665;-0.34;-0.54;9.61;-0.14;0.68;-0.45;0.00;-0.42;-0.21
5674;-0.44;-0.60;9.45;-0.15;0.69;-0.45;0.07;-0.35;-0.28
5682;-0.54;-0.59;9.56;-0.15;0.69;-0.45;0.00;-0.21;17.71
5691;-0.38;-0.65;9.53;-0.15;0.69;-0.45;-0.07;-0.63;-0.14
5700;-0.42;-0.60;9.56;-0.14;0.69;-0.45;0.21;-0.28;-0.42
5709;-0.39;-0.60;9.58;-0.14;0.69;-0.45;-0.07;-0.63;-0.21
5717;-0.38;-0.56;9.57;-0.14;0.69;-0.45;0.14;-0.21;-0.28
5726;-0.40;-0.59;9.53;-0.15;0.69;-0.45;0.00;-0.63;-0.28
5735;-0.36;-0.62;9.58;-0.15;0.69;-0.45;-0.21;-0.56;-0.42
5743;-0.47;-0.65;9.62;-0.15;0.69;-0.45;-0.07;-0.35;-0.42
5752;-0.41;-0.65;9.63;-0.14;0.68;-0.44;-0.49;-0.70;-0.28
5761;-0.44;-0.66;9.63;-0.14;0.68;-0.44;0.00;-0.49;0.00
5770;-0.55;-0.62;9.57;-0.14;0.68;-0.44;-0.28;-0.28;0.00
5778;-0.44;-0.57;9.66;-0.14;0.68;-0.44;-0.28;-0.42;0.00
5787;-0.39;-0.55;9.61;-0.14;0.68;-0.44;0.07;-0.35;-0.63
5796;-0.39;-0.62;9.60;-0.14;0.68;-0.59;0.21;-0.63;-0.56
5805;-0.47;-0.62;9.54;-0.14;0.70;-0.45;0.14;-0.28;-0.21
5813;-0.41;-0.60;9.51;-0.14;0.70;-0.45;0.00;-0.35;0.00
5822;-0.42;-0.65;9.45;-0.14;0.68;-0.44;-0.07;-0.28;-0.42
5831;-0.38;-0.57;9.64;-0.14;0.68;-0.44;-0.14;-0.56;-0.14
5840;-0.44;-0.54;9.64;-0.14;0.68;-0.44;-0.21;-0.77;-0.14
5848;-0.40;-0.52;9.46;-0.15;0.70;-0.45;-0.28;-0.70;-0.56
5857;-0.38;-0.62;9.51;-0.15;0.70;-0.45;-0.21;-0.35;-0.49
5866;-0.50;-0.52;9.48;-0.15;0.70;-0.45;-0.49;-0.77;-0.49
5875;-0.47;-0.62;9.61;-0.14;0.69;-0.44;0.00;-0.56;-0.28
5883;-0.43;-0.65;9.50;-0.14;0.69;-0.44;0.21;-0.35;-0.49
5892;-0.42;-0.60;9.45;-0.14;0.69;-0.44;-0.14;-0.56;0.07
5901;-0.42;-0.48;9.58;-0.14;0.70;-0.45;-0.14;-0.14;-0.21
5910;-0.44;-0.60;9.53;-0.14;0.70;-0.45;-0.14;-0.14;-0.56
5918;-0.33;-0.61;9.63;-0.14;0.70;-0.45;-0.35;-0.42;-0.35
5927;-0.40;-0.62;9.59;-0.15;0.69;-0.44;-0.56;-0.63;-0.21
5936;-0.42;-0.60;9.60;-0.15;0.69;-0.44;-0.28;-0.56;0.00
5944;-0.35;-0.70;9.64;-0.15;0.69;-0.44;0.00;-0.56;-0.28
5953;-0.44;-0.67;9.60;-0.15;0.69;-0.44;0.00;-0.63;-0.28
5962;-0.44;-0.60;9.64;-0.15;0.69;-0.44;0.07;-0.28;-0.21
5971;-0.41;-0.60;9.64;-0.15;0.69;-0.44;-0.07;-0.14;-0.28
5980;-0.46;-0.61;9.53;-0.15;0.68;-0.44;-0.07;-0.56;-0.07
5988;-0.42;-0.66;9.44;-0.15;0.68;-0.44;-0.21;-0.42;0.07
5997;-0.37;-0.66;9.55;-0.15;0.68;-0.44;0.00;-0.28;-0.28
6006;-0.39;-0.53;9.53;-0.15;0.70;-0.44;0.14;-0.07;-0.35
6015;-0.40;-0.62;9.48;-0.15;0.70;-0.44;-0.14;-0.56;-0.21
6023;-0.39;-0.64;9.48;-0.15;0.70;-0.44;-0.21;-0.35;-0.49
6032;-0.45;-0.57;9.55;-0.14;0.69;-0.45;0.21;-0.42;-0.14
6041;-0.33;-0.62;9.36;-0.14;0.69;-0.45;-0.21;-0.56;-0.21
6050;-0.42;-0.70;9.57;-0.14;0.69;-0.45;-0.49;-0.49;-0.42
6058;-0.42;-0.65;9.54;-0.14;0.70;-0.46;-0.14;-0.35;-0.21
6067;-0.52;-0.63;9.53;-0.14;0.70;-0.46;0.14;-0.35;-0.14
6076;-0.43;-0.67;9.60;-0.14;0.70;-0.46;0.14;-0.07;-0.28
6085;-0.47;-0.64;9.62;-0.14;0.68;-0.45;-0.35;-0.28;0.00
6093;-0.49;-0.66;9.56;-0.14;0.68;-0.45;-0.07;-0.49;-0.28
6102;-0.45;-0.61;9.53;-0.14;0.68;-0.45;-0.14;-0.35;-0.21
6111;-0.43;-0.55;9.58;-0.14;0.69;-0.43;-0.56;-0.49;-0.35
6120;-0.37;-0.65;9.58;-0.14;0.69;-0.43;-0.07;-0.56;-0.35
6128;-0.40;-0.49;9.57;-0.14;0.69;-0.43;-0.21;-0.35;0.00
6137;-0.47;-0.65;9.57;-0.15;0.69;-0.44;-0.21;-0.14;-0.21
6146;-0.45;-0.59;9.57;-0.15;0.69;-0.44;-0.14;-0.28;-0.56
6155;-0.42;-0.60;9.60;-0.15;0.69;-0.44;0.14;0.00;-0.42
6163;-0.37;-0.61;9.60;-0.15;0.68;-0.44;0.00;-0.21;-0.07
6172;-0.43;-0.59;9.68;-0.15;0.68;-0.44;0.07;-0.49;-0.21
6181;-0.39;-0.62;9.55;-0.15;0.68;-0.44;0.28;-0.28;-0.49
6190;-0.45;-0.61;9.50;-0.14;0.68;-0.44;-0.28;-0.35;-0.28
6198;-0.44;-0.57;9.60;-0.14;0.68;-0.44;0.28;-0.28;-0.21
6207;-0.42;-0.57;9.51;-0.14;0.68;-0.44;-0.07;-0.77;-0.07
6216;-0.38;-0.60;9.51;-0.14;0.68;-0.44;-0.07;-0.14;-0.21
6225;-0.37;-0.67;9.54;-0.14;0.68;-0.44;-0.35;-0.56;-0.28
6233;-0.41;-0.70;9.55;-0.14;0.69;-0.45;0.14;-0.63;-0.49
6242;-0.50;-0.65;9.63;-0.14;0.69;-0.45;-0.14;-0.42;-0.49
6251;-0.42;-0.60;9.64;-0.14;0.69;-0.45;-0.35;-0.35;-0.35
6260;-0.46;-0.59;9.55;-0.14;0.69;-0.44;0.00;-0.28;-0.35
6268;-0.43;-0.65;9.55;-0.14;0.69;-0.44;-0.07;0.07;-0.21
6277;-0.39;-0.66;9.57;-0.14;0.69;-0.44;-0.21;-0.42;-0.14
6286;-0.45;-0.60;9.62;-0.15;0.69;-0.44;0.07;-0.56;-0.21
6295;-0.40;-0.56;9.58;-0.15;0.69;-0.44;-0.21;-0.49;-0.28
6303;-0.28;-0.59;9.58;-0.15;0.69;-0.44;0.00;-0.35;-0.14
6312;-0.39;-0.60;9.55;-0.14;0.69;-0.44;-0.28;-0.21;-0.07
6321;-0.32;-0.53;9.61;-0.14;0.69;-0.44;0.00;-0.42;-0.49
6330;-0.40;-0.67;9.55;-0.14;0.69;-0.44;-0.14;-0.28;-0.28
6338;-0.43;-0.60;9.57;-0.15;0.68;-0.44;0.14;-0.35;-0.28
6347;-0.46;-0.61;9.53;-0.15;0.68;-0.44;-0.14;-0.49;-0.28
6356;-0.45;-0.58;9.49;-0.15;0.68;-0.44;-0.21;-0.70;-0.07
6365;-0.50;-0.61;9.42;-0.14;0.68;-0.44;0.00;-0.56;-0.14
6373;-0.44;-0.67;9.52;-0.14;0.68;-0.44;-0.14;-0.63;-0.63
6382;-0.43;-0.61;9.57;-0.14;0.68;-0.44;-0.21;-0.56;-0.28
6391;-0.39;-0.60;9.48;-0.15;0.68;-0.46;-0.28;-0.77;-0.56
6400;-0.37;-0.65;9.50;-0.15;0.68;-0.46;-0.14;-0.56;-0.28
6408;-0.33;-0.54;9.50;-0.15;0.68;-0.46;-0.21;-0.35;-0.35
6417;-0.39;-0.58;9.61;-0.14;0.69;-0.44;-0.21;-0.21;-0.28
6426;-0.38;-0.55;9.58;-0.14;0.69;-0.44;0.00;-0.70;-0.14
6435;-0.47;-0.65;9.63;-0.14;0.69;-0.44;-0.14;-0.28;-0.77
6443;-0.40;-0.64;9.61;-0.15;0.69;-0.44;-0.14;-0.35;-0.35
6452;-0.42;-0.62;9.58;-0.15;0.69;-0.44;-0.07;-0.49;-0.35
6461;-0.43;-0.70;9.58;-0.15;0.69;-0.44;-0.21;-0.21;-0.28
6470;-0.50;-0.52;9.65;-0.14;0.70;-0.44;-0.14;-0.42;-0.63
6478;-0.42;-0.70;9.58;-0.14;0.70;-0.44;-0.14;-0.35;-0.42
6487;-0.37;-0.62;9.55;-0.14;0.70;-0.44;0.00;-0.35;0.14
6496;-0.48;-0.59;9.42;-0.15;0.69;-0.44;-0.07;-0.56;-0.42
6505;-0.41;-0.61;9.62;-0.15;0.69;-0.44;0.07;-0.70;-0.42
6513;-0.47;-0.61;9.61;-0.15;0.69;-0.44;0.00;-0.63;0.00
6522;-0.47;-0.60;9.55;-0.14;0.70;-0.44;0.00;-0.21;-0.21
6531;-0.35;-0.59;9.57;-0.14;0.70;-0.44;-0.28;-0.35;-0.28
6540;-0.37;-0.67;9.58;-0.14;0.69;-0.45;-0.42;-0.35;-0.14
6549;-0.39;-0.55;9.53;-0.15;0.69;-0.45;-0.21;-0.63;-0.14
6557;-0.45;-0.57;9.66;-0.15;0.69;-0.45;-0.35;-0.21;-0.28
6566;-0.43;-0.63;9.51;-0.14;0.69;-0.44;-0.07;-0.21;-0.49
6575;-0.43;-0.60;9.66;-0.14;0.69;-0.44;0.07;-0.77;-0.35
6584;-0.45;-0.67;9.53;-0.14;0.69;-0.44;0.00;-0.35;-0.28
6592;-0.35;-0.61;9.56;-0.14;0.69;-0.45;0.14;-0.63;-0.07
6601;-0.46;-0.56;9.48;-0.14;0.69;-0.45;-0.28;-0.70;-0.07
6610;-0.44;-0.65;9.59;-0.14;0.69;-0.45;-0.49;-0.21;-0.14
6619;-0.39;-0.59;9.53;-0.15;0.69;-0.45;-17.85;-0.21;-0.42
6627;-0.34;-0.60;9.51;-0.15;0.69;-0.45;-0.14;-0.70;-0.49
6636;-0.39;-0.60;9.55;-0.15;0.69;-0.45;0.07;-0.35;-0.21
6645;-0.39;-0.65;9.50;-0.15;0.68;-0.45;-0.56;-0.42;-0.21
6654;-0.37;-0.60;9.59;-0.15;0.68;-0.45;-0.07;-0.35;-0.49
6662;-0.37;-0.55;9.53;-0.15;0.68;-0.45;0.00;-0.35;-0.28
6671;-0.37;-0.60;9.53;-0.14;0.69;-0.45;0.00;-0.14;-0.35
6680;-0.45;-0.65;9.43;-0.14;0.69;-0.45;-0.35;-0.49;-0.56
6689;-0.41;-0.57;9.49;-0.14;0.69;-0.45;0.00;-0.35;-0.14
6697;-0.50;-0.57;9.52;-0.15;0.69;-0.45;-0.07;-0.49;-0.49
6706;-0.50;-0.58;9.53;-0.15;0.69;-0.45;0.21;-0.56;-0.28
6715;-0.43;-0.61;9.68;-0.15;0.69;-0.45;0.00;-0.14;-0.21
6724;-0.39;-0.69;9.53;-0.14;0.68;-0.45;-0.14;-0.42;-0.21
6732;-0.47;-0.56;9.50;-0.14;0.68;-0.45;-0.42;-0.49;0.07
6741;-0.39;-0.66;9.47;-0.14;0.68;-0.45;-0.14;-0.42;-0.42
6750;-0.43;-0.62;9.51;-0.15;0.68;-0.45;-0.28;-0.35;-0.07
6759;-0.39;-0.61;9.53;-0.15;0.68;-0.45;-0.49;-0.28;-0.21
6767;-0.39;-0.67;9.61;-0.15;0.68;-0.45;17.78;-0.49;-0.56
6776;-0.42;-0.60;9.68;-0.14;0.69;-0.45;-0.21;-0.14;-0.28
6785;-0.36;-0.60;9.50;-0.14;0.69;-0.45;-0.42;0.00;0.21
6794;-0.47;-0.52;9.56;-0.14;0.69;-0.45;-0.07;-0.21;-0.14
6802;-0.40;-0.54;9.50;-0.14;0.69;-0.45;-17.78;-0.56;-0.35
6811;-0.41;-0.59;9.62;-0.14;0.69;-0.45;-0.42;-0.49;-0.35
6820;-0.43;-0.61;9.53;-0.14;0.69;-0.45;-0.42;-0.35;-0.35
6829;-0.34;-0.55;9.68;-0.14;0.69;-0.45;-0.28;-0.28;-0.35
6837;-0.41;-0.57;9.63;-0.14;0.69;-0.45;-0.14;-0.21;-0.07
6846;-0.43;-0.48;9.53;-0.14;0.69;-0.45;-0.35;-0.28;-0.21
6855;-0.42;-0.64;9.59;-0.13;0.68;-0.45;0.28;-0.63;-0.21
6864;-0.48;-0.63;9.52;-0.13;0.68;-0.45;0.14;-0.84;-0.14
6872;-0.42;-0.58;9.68;-0.13;0.68;-0.45;-17.92;-0.49;-0.35
6881;-0.45;-0.66;9.46;-0.14;0.68;-0.44;-0.35;-0.63;-0.07
6890;-0.42;-0.61;9.42;-0.14;0.68;-0.44;-0.14;-0.56;-0.63
6899;-0.46;-0.60;9.50;-0.14;0.68;-0.45;-0.14;-0.63;-0.49
6907;-0.34;-0.59;9.51;-0.14;0.69;-0.45;-0.49;-0.35;-0.42
6916;-0.43;-0.60;9.64;-0.14;0.69;-0.45;0.21;-0.49;0.00
6925;-0.34;-0.62;9.45;-0.15;0.69;-0.45;-0.14;-0.07;-0.21
6934;-0.46;-0.55;9.54;-0.15;0.69;-0.45;-0.07;-0.42;-0.35
6942;-0.43;-0.55;9.50;-0.15;0.69;-0.45;0.14;-0.49;-0.49
6951;-0.40;-0.57;9.66;-0.15;0.69;-0.44;0.00;-0.35;-0.35
6960;-0.40;-0.60;9.63;-0.15;0.69;-0.44;0.00;-0.77;-0.63
6969;-0.42;-0.52;9.51;-0.15;0.69;-0.44;-0.35;-0.21;-0.14
6977;-0.41;-0.59;9.49;-0.14;0.69;-0.44;-0.07;-0.49;-0.07
6986;-0.50;-0.58;9.54;-0.14;0.69;-0.44;-0.21;-0.56;-0.42
6995;-0.46;-0.61;9.58;-0.14;0.69;-0.44;-0.49;-0.42;-0.28
7004;-0.43;-0.64;9.64;-0.15;0.69;-0.45;0.49;-0.70;-0.35
7012;-0.37;-0.69;9.66;-0.15;0.69;-0.45;-0.49;-0.42;-0.42
7021;-0.37;-0.60;9.57;-0.15;0.69;-0.45;0.00;-0.49;-0.21
7030;-0.40;-0.50;9.66;-0.15;0.69;-0.44;-0.28;-0.14;-0.91
7039;-0.50;-0.50;9.46;-0.15;0.69;-0.44;-0.35;-0.56;-0.21
7047;-0.48;-0.60;9.55;-0.15;0.69;-0.44;0.07;-0.56;-0.49
7056;-0.49;-0.56;9.42;-0.15;0.68;-0.43;0.14;-0.35;-0.21
7065;-0.50;-0.62;9.57;-0.15;0.68;-0.43;0.00;-0.49;0.00
7074;-0.39;-0.61;9.58;-0.15;0.68;-0.43;-0.14;-0.70;-0.63
7082;-0.42;-0.61;9.48;-0.15;0.69;-0.44;0.14;-0.28;-0.21
7091;-0.42;-0.65;9.52;-0.15;0.69;-0.44;-17.92;-0.63;-0.14
7100;-0.40;-0.62;9.56;-0.15;0.69;-0.44;-0.14;-0.35;-0.49
7109;-0.46;-0.58;9.62;-0.14;0.69;-0.45;-0.21;-0.28;-0.49
7117;-0.45;-0.54;9.57;-0.14;0.69;-0.45;-0.35;-0.35;-0.35
7126;-0.42;-0.67;9.62;-0.14;0.69;-0.45;-0.49;-0.63;-0.14
7135;-0.45;-0.57;9.55;-0.15;0.69;-0.44;-0.56;-0.42;-0.14
7144;-0.47;-0.58;9.58;-0.15;0.69;-0.44;-0.28;-0.63;-0.28
7153;-0.47;-0.45;9.66;-0.15;0.69;-0.44;-0.28;-0.35;-0.42
7161;-0.41;-0.58;9.66;-0.15;0.68;-0.44;17.85;-0.70;-0.21
7170;-0.43;-0.62;9.53;-0.15;0.68;-0.44;-0.35;-0.35;-0.14
7179;-0.45;-0.55;9.59;-0.15;0.68;-0.44;0.14;-0.56;-0.14
7188;-0.50;-0.67;9.65;-0.14;0.69;-0.45;-0.42;-0.70;-0.35
7196;-0.44;-0.64;9.56;-0.14;0.69;-0.45;0.07;-0.49;-0.42
7205;-0.39;-0.63;9.55;-0.14;0.69;-0.45;-0.14;-0.56;-0.63
7214;-0.41;-0.65;9.56;-0.14;0.69;-0.44;0.14;-0.77;-0.49
7222;-0.41;-0.65;9.53;-0.14;0.69;-0.44;-0.28;-0.63;-0.77
7231;-0.38;-0.61;9.53;-0.14;0.69;-0.44;-0.28;-0.70;-0.49
7240;-0.43;-0.56;9.48;-0.14;0.69;-0.44;-0.21;-0.56;-0.56
7249;-0.40;-0.65;9.48;-0.14;0.69;-0.44;-0.42;-0.49;-0.35
7257;-0.37;-0.62;9.58;-0.14;0.69;-0.59;0.07;-0.28;-0.49
7266;-0.40;-0.59;9.53;-0.14;0.68;-0.46;0.00;-0.77;-0.42
7275;-0.47;-0.65;9.49;-0.14;0.68;-0.46;0.00;-0.42;-0.14
7284;-0.44;-0.52;9.57;-0.14;0.69;-0.45;-0.07;-0.35;-0.35
7292;-0.34;-0.60;9.55;-0.14;0.69;-0.45;0.00;-0.42;-0.07
7301;-0.48;-0.53;9.63;-0.14;0.69;-0.45;-0.14;-0.42;17.71
7310;-0.51;-0.58;9.56;-0.14;0.69;-0.44;-0.21;-0.70;-0.28
7319;-0.46;-0.54;9.53;-0.14;0.69;-0.44;-0.35;-0.49;-0.14
7327;-0.50;-0.65;9.55;-0.14;0.69;-0.44;0.07;-0.91;-0.14
7336;-0.50;-0.60;9.49;-0.14;0.69;-0.45;-0.14;-0.49;-0.70
7345;-0.42;-0.60;9.60;-0.14;0.69;-0.45;-0.28;-0.49;-0.63
7353;-0.37;-0.67;9.57;-0.14;0.69;-0.45;-0.35;-0.63;-0.14
7362;-0.40;-0.65;9.58;-0.14;0.69;-0.46;-0.35;-0.21;-0.42
7371;-0.43;-0.63;9.68;-0.14;0.69;-0.46;0.14;-0.70;-0.21
7379;-0.37;-0.60;9.70;-0.14;0.69;-0.46;-0.42;-0.77;-0.49
7388;-0.35;-0.62;9.55;-0.15;0.69;-0.44;-0.28;-0.49;-0.49
7397;-0.45;-0.51;9.63;-0.15;0.69;-0.44;-0.42;-0.70;-0.28
7406;-0.39;-0.48;9.55;-0.15;0.69;-0.44;-0.49;-0.63;-0.14
7414;-0.34;-0.59;9.56;-0.15;0.68;-0.44;0.00;-0.77;-0.56
7423;-0.46;-0.61;9.56;-0.15;0.68;-0.44;-0.21;-0.77;-0.35
7432;-0.44;-0.60;9.37;-0.15;0.68;-0.44;0.14;-0.49;-0.49
7441;-0.45;-0.55;9.57;-0.14;0.69;-0.46;0.14;-0.56;-0.49
7449;-0.45;-0.65;9.54;-0.14;0.69;-0.46;0.07;-0.91;-0.49
7458;-0.31;-0.67;9.45;-0.14;0.69;-0.46;-0.56;-0.77;-0.56
7467;-0.47;-0.66;9.53;-0.15;0.69;-0.44;-0.14;-0.91;-0.49
7476;-0.48;-0.63;9.48;-0.15;0.69;-0.44;0.14;-0.42;-0.28
7484;-0.37;-0.57;9.48;-0.15;0.69;-0.44;-0.21;-0.49;-0.28
7493;-0.39;-0.61;9.57;-0.14;0.69;-0.45;-0.42;-0.49;-0.42
7502;-0.36;-0.65;9.48;-0.14;0.69;-0.45;-0.35;-0.21;-0.42
7511;-0.37;-0.62;9.56;-0.14;0.69;-0.45;-0.42;-0.56;-0.35
7519;-0.50;-0.65;9.54;-0.15;0.69;-0.44;0.00;-0.49;-0.07
7528;-0.46;-0.53;9.50;-0.15;0.69;-0.44;-0.28;-0.42;-0.56
7537;-0.40;-0.57;9.68;-0.15;0.69;-0.44;-0.07;-0.70;-0.42
7546;-0.40;-0.64;9.62;-0.15;0.69;-0.44;-0.14;-0.70;-0.35
7554;-0.39;-0.58;9.52;-0.15;0.69;-0.44;-0.07;-0.70;-0.42
7563;-0.47;-0.62;9.48;-0.15;0.69;-0.44;-0.28;-0.35;-0.28
7572;-0.43;-0.67;9.63;-0.15;0.69;-0.46;-0.35;-0.42;-0.28
7581;-0.32;-0.63;9.50;-0.15;0.69;-0.46;-0.14;-0.63;-0.84
7590;-0.47;-0.61;9.63;-0.15;0.69;-0.46;0.00;-0.70;-0.35
7598;-0.41;-0.61;9.46;-0.14;0.69;-0.44;0.28;-0.28;-0.35
7607;-0.49;-0.57;9.56;-0.14;0.69;-0.44;-0.28;-0.35;-0.21
7616;-0.46;-0.64;9.50;-0.14;0.69;-0.44;-0.21;-0.49;-0.14
7625;-0.42;-0.66;9.60;-0.14;0.69;-0.45;-0.35;-0.56;-0.63
7633;-0.42;-0.64;9.44;-0.14;0.69;-0.45;-0.42;-0.42;-0.28
7642;-0.41;-0.58;9.55;-0.14;0.69;-0.43;0.07;-0.49;17.64
7651;-0.35;-0.60;9.49;-0.15;0.69;-0.43;-0.35;-0.56;-0.14
7659;-0.38;-0.67;9.50;-0.15;0.69;-0.43;0.07;-0.70;-0.21
7668;-0.36;-0.53;9.49;-0.14;0.69;-0.45;-0.07;-0.07;-0.07
7677;-0.43;-0.55;9.51;-0.14;0.69;-0.45;0.14;-0.42;-0.14
7686;-0.45;-0.60;9.64;-0.14;0.69;-0.45;-0.42;-0.21;-0.35
7694;-0.42;-0.65;9.65;-0.15;0.68;-0.45;0.28;-0.56;-0.56
7703;-0.45;-0.62;9.61;-0.15;0.68;-0.45;0.14;-0.98;-0.28
7712;-0.40;-0.63;9.69;-0.15;0.68;-0.45;-0.42;-0.49;-0.49
7721;-0.45;-0.59;9.59;-0.15;0.70;-0.45;-0.35;-0.56;0.07
7729;-0.45;-0.62;9.61;-0.15;0.70;-0.45;-0.21;-0.28;-0.49
7738;-0.37;-0.61;9.66;-0.15;0.70;-0.45;-0.14;-0.42;-0.28
7747;-0.44;-0.62;9.56;-0.14;0.69;-0.45;-0.07;-0.49;-0.42
7756;-0.45;-0.44;9.55;-0.14;0.69;-0.45;0.28;-0.28;-0.28
7764;-0.54;-0.61;9.68;-0.14;0.69;-0.45;0.07;-0.49;-0.35
7773;-0.37;-0.58;9.58;-0.14;0.69;-0.45;-0.28;-0.63;-0.56
7782;-0.42;-0.60;9.66;-0.14;0.69;-0.45;-0.14;-0.77;-0.21
7791;-0.38;-0.55;9.51;-0.14;0.69;-0.45;0.28;-0.56;-0.21
7799;-0.42;-0.60;9.58;-0.14;0.69;-0.44;0.14;-0.42;-0.21
7808;-0.39;-0.52;9.58;-0.14;0.69;-0.44;-0.21;-0.49;-0.14
7817;-0.35;-0.50;9.48;-0.14;0.69;-0.44;0.28;-0.14;-0.28
7826;-0.41;-0.62;9.63;-0.14;0.69;-0.44;-0.14;-0.63;-0.63
7834;-0.34;-0.62;9.46;-0.14;0.69;-0.44;-0.56;-0.63;-0.35
7843;-0.39;-0.59;9.50;-0.14;0.69;-0.44;0.00;-0.42;-0.07
7852;-0.44;-0.57;9.58;-0.15;0.69;-0.45;0.00;-0.28;-0.35
7861;-0.39;-0.55;9.57;-0.15;0.69;-0.45;-0.28;-0.63;-0.70
7869;-0.42;-0.61;9.61;-0.15;0.69;-0.45;-0.07;-0.70;-0.28
7878;-0.43;-0.62;9.65;-0.14;0.69;-0.45;-0.35;-0.14;-0.21
7887;-0.42;-0.63;9.63;-0.14;0.69;-0.45;0.35;-0.56;-0.28
7896;-0.39;-0.59;9.54;-0.14;0.69;-0.45;-0.28;-0.77;-0.28
7904;-0.41;-0.62;9.65;-0.14;0.69;-0.44;0.21;-0.49;-0.42
7913;-0.42;-0.60;9.59;-0.14;0.69;-0.44;-0.14;-0.28;-0.07
7922;-0.45;-0.62;9.60;-0.14;0.69;-0.44;0.07;-0.42;-0.35
7931;-0.42;-0.55;9.60;-0.15;0.69;-0.45;-0.35;-0.56;-0.21
7939;-0.43;-0.66;9.63;-0.15;0.69;-0.45;0.00;-0.63;-0.42
7948;-0.43;-0.60;9.60;-0.15;0.69;-0.45;-0.35;-0.21;-0.07
7957;-0.39;-0.55;9.50;-0.14;0.69;-0.46;-17.92;0.00;-0.35
7966;-0.48;-0.70;9.60;-0.14;0.69;-0.46;-0.14;-0.63;-0.14
7974;-0.40;-0.62;9.55;-0.14;0.69;-0.46;0.07;-0.28;-0.28
7983;-0.37;-0.61;9.52;-0.15;0.69;-0.45;-0.28;-0.28;-0.28
7992;-0.40;-0.63;9.58;-0.15;0.69;-0.45;0.00;-0.49;-0.21
8001;-0.39;-0.65;9.57;-0.15;0.69;-0.45;-0.07;-0.56;-0.14
8009;-0.41;-0.49;9.53;-0.14;0.69;-0.45;-0.21;-0.21;-0.21
8018;-0.40;-0.62;9.50;-0.14;0.69;-0.45;0.07;-0.70;-0.35
8027;-0.38;-0.58;9.60;-0.14;0.69;-0.44;0.28;-0.56;-0.21
8036;-0.45;-0.66;9.63;-0.14;0.69;-0.44;-0.07;-0.07;-0.21
8044;-0.40;-0.60;9.61;-0.14;0.69;-0.44;-0.28;-0.56;-0.28
8053;-0.42;-0.67;9.61;-0.14;0.69;-0.45;-0.14;-0.49;-0.21
8062;-0.55;-0.60;9.56;-0.14;0.69;-0.45;-0.21;-0.35;-0.28
8071;-0.37;-0.63;9.50;-0.14;0.69;-0.45;0.07;-0.07;0.00
8080;-0.34;-0.56;9.50;-0.15;0.68;-0.44;0.00;-0.56;-0.35
8088;-0.44;-0.62;9.58;-0.15;0.68;-0.44;-0.14;-0.77;-0.21
8097;-0.38;-0.60;9.57;-0.15;0.68;-0.44;0.07;-0.35;-0.07
8106;-0.49;-0.55;9.68;-0.15;0.68;-0.45;-0.14;-0.28;-0.42
8114;-0.40;-0.59;9.44;-0.15;0.68;-0.45;0.00;-0.35;-0.21
8123;-0.42;-0.62;9.50;-0.15;0.68;-0.45;0.00;-0.49;-0.35
8132;-0.50;-0.62;9.56;-0.14;0.69;-0.46;0.14;-0.63;0.00
8141;-0.39;-0.55;9.55;-0.14;0.69;-0.46;-17.78;-0.35;-0.28
8149;-0.47;-0.62;9.47;-0.14;0.69;-0.46;-0.07;-0.56;-0.56
8158;-0.38;-0.59;9.48;-0.15;0.70;-0.46;-0.21;-0.49;-0.35
8167;-0.40;-0.60;9.56;-0.15;0.70;-0.46;0.07;-0.70;-0.42
8176;-0.47;-0.59;9.50;-0.15;0.70;-0.46;-0.14;-0.49;-0.28
8185;-0.42;-0.58;9.51;-0.14;0.69;-0.45;0.07;-0.07;-0.56
8193;-0.44;-0.58;9.62;-0.14;0.69;-0.45;-0.14;-0.56;-0.49
8202;-0.38;-0.59;9.51;-0.14;0.69;-0.45;-0.14;-0.56;-0.35
8211;-0.35;-0.60;9.56;-0.14;0.70;-0.45;-0.21;-0.21;-0.07
8220;-0.39;-0.62;9.58;-0.14;0.70;-0.45;-0.42;-0.63;-0.14
8228;-0.37;-0.60;9.56;-0.14;0.70;-0.45;-0.14;-0.56;-0.49
8237;-0.37;-0.63;9.64;-0.15;0.69;-0.45;-0.14;-0.49;-0.21
8246;-0.46;-0.55;9.63;-0.15;0.69;-0.45;-0.21;-0.42;-0.28
8255;-0.45;-0.59;9.55;-0.15;0.69;-0.45;-0.21;-0.35;-0.35
8263;-0.42;-0.57;9.68;-0.15;0.69;-0.45;-0.21;-0.56;-0.07
8272;-0.41;-0.65;9.50;-0.15;0.69;-0.45;-0.07;-0.35;-0.14
8281;-0.47;-0.62;9.60;-0.15;0.69;-0.45;-0.07;-0.35;-0.63
8290;-0.34;-0.57;9.52;-0.14;0.69;-0.45;0.07;-0.35;-0.28
8298;-0.37;-0.55;9.57;-0.14;0.69;-0.45;-0.35;-0.28;-0.28
8307;-0.46;-0.67;9.66;-0.14;0.69;-0.45;0.07;-0.14;-0.28
8316;-0.45;-0.59;9.58;-0.14;0.69;-0.45;0.00;-0.21;-0.42
8324;-0.53;-0.61;9.51;-0.14;0.69;-0.45;0.00;-0.42;-0.21
8333;-0.43;-0.57;9.49;-0.14;0.69;-0.45;0.35;-0.28;0.00
8342;-0.35;-0.59;9.45;-0.14;0.68;-0.45;0.14;-0.07;-0.21
8351;-0.27;-0.59;9.39;-0.14;0.68;-0.45;-0.21;-0.35;-0.21
8359;-0.39;-0.64;9.50;-0.14;0.68;-0.45;0.14;-0.49;-0.14
8368;-0.39;-0.65;9.62;-0.15;0.69;-0.44;-0.14;-0.28;-0.63
8377;-0.47;-0.58;9.50;-0.15;0.69;-0.44;-0.14;-0.63;-0.35
8386;-0.49;-0.61;9.45;-0.15;0.69;-0.44;-0.14;-0.42;-0.14
8395;-0.41;-0.62;9.66;-0.15;0.69;-0.44;-0.07;-0.56;-0.35
8403;-0.32;-0.59;9.65;-0.15;0.69;-0.44;0.00;-0.49;-0.63
8412;-0.37;-0.57;9.60;-0.15;0.69;-0.43;-0.42;-0.70;-0.49
8421;-0.42;-0.61;9.59;-0.15;0.69;-0.43;-0.49;-0.35;-0.49
8430;-0.45;-0.65;9.71;-0.15;0.69;-0.43;-0.35;-0.28;-0.28
8438;-0.43;-0.56;9.71;-0.14;0.68;-0.44;-0.49;-0.70;-0.35
8447;-0.30;-0.59;9.53;-0.14;0.68;-0.44;-0.63;-0.35;-0.28
8456;-0.41;-0.62;9.66;-0.14;0.68;-0.44;0.28;-0.21;-0.35
8465;-0.41;-0.60;9.66;-0.15;0.69;-0.43;-0.56;-0.70;0.00
8473;-0.42;-0.62;9.57;-0.15;0.69;-0.43;0.00;-0.21;-0.14
8482;-0.45;-0.61;9.57;-0.15;0.69;-0.43;-0.07;-0.56;-0.14
8491;-0.58;-0.57;9.50;-0.14;0.69;-0.43;0.07;-0.35;-0.28
8499;-0.45;-0.67;9.48;-0.14;0.69;-0.43;-0.07;-0.49;-0.21
8508;-0.39;-0.66;9.57;-0.14;0.69;-0.43;-0.28;-0.49;-0.49
8517;-0.50;-0.59;9.58;-0.14;0.69;-0.44;-0.28;-0.35;-0.14
8526;-0.37;-0.57;9.48;-0.14;0.69;-0.44;-0.28;-0.49;-0.42
8534;-0.46;-0.56;9.49;-0.14;0.69;-0.44;0.21;-0.14;-0.56
8543;-0.42;-0.61;9.43;-0.15;0.68;-0.44;-0.07;-0.56;0.14
8552;-0.42;-0.55;9.58;-0.15;0.68;-0.44;-0.28;-0.56;-0.28
8561;-0.45;-0.61;9.58;-0.15;0.68;-0.44;-0.28;-0.49;-0.56
8569;-0.42;-0.60;9.51;-0.14;0.69;-0.44;-0.35;-0.42;-0.56
8578;-0.41;-0.64;9.63;-0.14;0.69;-0.44;-0.14;-0.21;0.21
8587;-0.45;-0.60;9.60;-0.14;0.69;-0.44;0.14;-0.14;-0.28
8596;-0.45;-0.62;9.50;-0.15;0.68;-0.44;0.00;-0.56;-0.42
8604;-0.44;-0.59;9.66;-0.15;0.68;-0.44;-0.21;-0.56;-0.63
8613;-0.37;-0.61;9.66;-0.15;0.68;-0.44;-0.21;-0.35;-0.21
8622;-0.45;-0.60;9.55;-0.15;0.69;-0.45;0.00;-0.49;-0.07
8631;-0.37;-0.61;9.55;-0.15;0.69;-0.45;0.07;-0.77;-0.14
8639;-0.43;-0.63;9.53;-0.15;0.69;-0.45;-0.21;-0.49;-0.35
8648;-0.45;-0.66;9.50;-0.15;0.69;-0.46;-0.07;-0.63;-0.56
8657;-0.43;-0.65;9.57;-0.15;0.69;-0.46;-0.42;-0.21;-0.21
8666;-0.44;-0.56;9.54;-0.15;0.69;-0.46;0.00;-0.63;-0.49
8674;-0.44;-0.57;9.45;-0.14;0.69;-0.44;-0.28;-0.56;-0.42
8683;-0.32;-0.57;9.49;-0.14;0.69;-0.44;-0.07;-0.77;-0.21
8692;-0.34;-0.61;9.54;-0.14;0.69;-0.44;-0.14;-0.49;-0.07
8701;-0.35;-0.60;9.66;-0.15;0.68;-0.44;0.14;-0.28;-0.56
8709;-0.48;-0.57;9.58;-0.15;0.68;-0.44;-0.07;-0.35;-0.35
8718;-0.50;-0.49;9.54;-0.15;0.68;-0.44;-0.21;-0.14;-0.35
8727;-0.50;-0.58;9.48;-0.14;0.69;-0.44;0.28;-0.84;-0.21
8736;-0.41;-0.60;9.58;-0.14;0.69;-0.44;-0.28;-0.14;-0.35
8745;-0.48;-0.57;9.54;-0.14;0.68;-0.45;-0.21;-0.35;-0.42
8753;-0.34;-0.61;9.55;-0.14;0.68;-0.45;-0.21;-0.07;-0.14
8762;-0.42;-0.57;9.60;-0.14;0.68;-0.45;0.14;-0.35;-0.56
8771;-0.40;-0.63;9.58;-0.13;0.69;-0.46;-0.07;-0.49;-0.28
8779;-0.44;-0.65;9.73;-0.13;0.69;-0.46;0.00;-0.70;-0.14
8788;-0.47;-0.66;9.53;-0.13;0.69;-0.46;0.00;-0.56;-0.35
8797;-0.45;-0.57;9.55;-0.13;0.69;-0.45;-0.35;-0.42;-0.35
8806;-0.40;-0.61;9.61;-0.13;0.69;-0.45;0.28;-0.42;-0.07
8815;-0.45;-0.58;9.48;-0.13;0.69;-0.45;-0.14;-0.56;-0.42
8823;-0.42;-0.56;9.48;-0.14;0.69;-0.44;-0.07;-0.28;-0.21
8832;-0.47;-0.65;9.54;-0.14;0.69;-0.44;17.71;-0.14;-0.07
8841;-0.34;-0.64;9.59;-0.14;0.69;-0.44;0.14;-0.14;-0.14
8850;-0.39;-0.67;9.62;-0.15;0.69;-0.44;0.28;0.00;-0.14
8858;-0.50;-0.62;9.54;-0.15;0.69;-0.44;0.00;-0.49;0.00
8867;-0.45;-0.55;9.55;-0.15;0.69;-0.44;-0.07;-0.21;-0.35
8876;-0.37;-0.62;9.50;-0.14;0.70;-0.45;0.00;-0.77;-0.28
8885;-0.35;-0.57;9.68;-0.14;0.70;-0.45;-0.07;-0.63;-0.28
8893;-0.37;-0.61;9.53;-0.14;0.70;-0.45;-0.35;-0.70;-0.49
8902;-0.36;-0.63;9.61;-0.14;0.69;-0.43;-0.07;-0.70;-0.35
8911;-0.47;-0.50;9.53;-0.14;0.69;-0.43;0.00;-0.14;-0.28
8920;-0.47;-0.60;9.66;-0.14;0.69;-0.43;-0.42;-0.49;-0.14
8928;-0.42;-0.65;9.55;-0.14;0.70;-0.45;-0.07;-0.49;-0.14
8937;-0.42;-0.57;9.50;-0.14;0.70;-0.45;-0.28;-0.49;-0.07
8946;-0.41;-0.65;9.61;-0.14;0.70;-0.45;-0.28;-0.14;-0.35
8955;-0.42;-0.65;9.64;-0.16;0.70;-0.44;-0.14;-0.42;-0.28
8963;-0.39;-0.53;9.73;-0.16;0.70;-0.44;-0.21;-0.42;-0.42
8972;-0.30;-0.61;9.65;-0.16;0.70;-0.44;-0.14;-0.28;-0.21
8981;-0.42;-0.59;9.64;-0.15;0.69;-0.44;0.00;-0.49;-0.28
8990;-0.37;-0.60;9.66;-0.15;0.69;-0.44;0.28;-0.56;-0.63
8998;-0.52;-0.64;9.43;-0.15;0.69;-0.44;-0.21;-0.70;-0.21
9007;-0.41;-0.60;9.51;-0.14;0.69;-0.45;0.00;-0.63;-0.35
9016;-0.44;-0.60;9.59;-0.14;0.69;-0.45;0.07;-0.63;-0.35
9025;-0.48;-0.70;9.63;-0.14;0.69;-0.45;0.28;-0.35;-0.49
9033;-0.43;-0.55;9.50;-0.14;0.68;-0.45;0.14;-0.49;-0.35
9042;-0.33;-0.58;9.47;-0.14;0.68;-0.45;-0.07;-0.35;-0.42
9051;-0.34;-0.66;9.54;-0.14;0.68;-0.45;-0.28;-0.70;-0.14
9060;-0.37;-0.67;9.53;-0.14;0.68;-0.44;-0.07;-0.14;-0.42
9068;-0.45;-0.57;9.45;-0.14;0.68;-0.44;0.00;-0.42;-0.56
9077;-0.38;-0.60;9.50;-0.14;0.68;-0.44;-0.21;-0.42;-0.21
9086;-0.42;-0.62;9.57;-0.15;0.69;-0.43;-0.07;-0.49;0.00
9095;-0.37;-0.67;9.48;-0.15;0.69;-0.43;-0.14;-0.63;-0.28
9103;-0.45;-0.59;9.51;-0.15;0.69;-0.45;-0.49;-0.21;-0.07
9112;-0.52;-0.58;9.54;-0.14;0.69;-0.45;0.14;-0.63;-0.14
9121;-0.55;-0.59;9.52;-0.14;0.69;-0.45;0.00;-0.21;-0.21
9130;-0.38;-0.60;9.56;-0.14;0.68;-0.44;-0.28;-0.28;-0.35
9138;-0.44;-0.56;9.58;-0.14;0.68;-0.44;-0.35;-0.63;-0.42
9147;-0.37;-0.62;9.51;-0.14;0.68;-0.44;-0.42;-0.56;0.00
9156;-0.47;-0.67;9.57;-0.15;0.69;-0.45;-17.92;-0.49;-0.21
9165;-0.41;-0.57;9.58;-0.15;0.69;-0.45;-0.98;-0.21;-0.42
9173;-0.53;-0.55;9.55;-0.15;0.69;-0.45;-0.28;-0.49;-0.21
9182;-0.48;-0.68;9.55;-0.13;0.69;-0.44;-0.49;-0.63;-0.49
9191;-0.42;-0.63;9.62;-0.13;0.69;-0.44;-0.14;-0.42;-0.14
9200;-0.39;-0.60;9.62;-0.13;0.69;-0.44;0.07;-0.56;-0.21
9208;-0.42;-0.52;9.46;-0.14;0.68;-0.45;-0.77;-0.63;-0.35
9217;-0.52;-0.60;9.62;-0.14;0.68;-0.45;-0.21;-0.42;-0.35
9226;-0.39;-0.57;9.60;-0.14;0.68;-0.45;0.28;-0.28;-0.56
9235;-0.47;-0.57;9.48;-0.14;0.68;-0.46;0.07;-0.63;-0.42
9243;-0.39;-0.58;9.58;-0.14;0.68;-0.46;-0.14;-0.63;-0.28
9252;-0.39;-0.57;9.50;-0.14;0.68;-0.46;-0.14;-0.42;-0.28
9261;-0.48;-0.65;9.58;-0.14;0.69;-0.46;0.00;-0.42;-0.42
9270;-0.44;-0.55;9.64;-0.14;0.69;-0.46;-0.35;-0.56;-0.14
9278;-0.42;-0.56;9.54;-0.14;0.69;-0.46;0.07;-0.35;-0.07
9287;-0.45;-0.55;9.63;-0.14;0.69;-0.44;-0.28;-0.63;-0.42
9296;-0.41;-0.61;9.45;-0.14;0.69;-0.44;-0.07;-0.21;-0.42
9305;-0.47;-0.63;9.50;-0.14;0.69;-0.44;0.21;-0.42;-0.14
9313;-0.39;-0.59;9.55;-0.15;0.69;-0.43;-0.14;-0.28;-0.14
9322;-0.50;-0.55;9.71;-0.15;0.69;-0.43;-0.07;-0.49;-0.28
9331;-0.51;-0.59;9.62;-0.15;0.69;-0.43;-0.21;-0.84;-0.35
9340;-0.41;-0.55;9.59;-0.15;0.70;-0.45;-0.35;-0.49;0.07
9348;-0.46;-0.58;9.57;-0.15;0.70;-0.45;-0.07;-0.14;-0.21
9357;-0.40;-0.60;9.58;-0.15;0.70;-0.45;-0.49;-0.63;-0.21
9366;-0.52;-0.60;9.53;-0.14;0.68;-0.45;0.07;-0.49;-0.28
9375;-0.42;-0.59;9.59;-0.14;0.68;-0.45;-0.21;-0.35;-0.14
9384;-0.34;-0.62;9.58;-0.14;0.68;-0.45;0.14;-0.56;-0.42
9392;-0.45;-0.57;9.56;-0.14;0.69;-0.43;-0.21;-0.14;-0.14
9401;-0.41;-0.55;9.53;-0.14;0.69;-0.43;0.00;-0.35;-0.49
9410;-0.49;-0.58;9.45;-0.14;0.69;-0.43;0.14;-0.42;-0.21
9419;-0.42;-0.63;9.50;-0.14;0.69;-0.45;-0.35;-0.21;-0.56
9427;-0.47;-0.55;9.58;-0.14;0.69;-0.45;0.00;-0.77;-0.28
9436;-0.42;-0.58;9.57;-0.14;0.69;-0.45;0.07;-0.35;-0.14
9445;-0.45;-0.63;9.48;-0.14;0.68;-0.45;-0.14;-0.63;-0.49
9454;-0.47;-0.60;9.58;-0.14;0.68;-0.45;-0.35;-0.56;-0.07
9462;-0.47;-0.62;9.53;-0.14;0.68;-0.44;-0.35;-0.63;0.07
9471;-0.42;-0.60;9.50;-0.15;0.68;-0.44;-0.56;-0.21;-0.21
9480;-0.38;-0.52;9.57;-0.15;0.68;-0.44;-0.07;-0.35;-0.21
9488;-0.37;-0.54;9.51;-0.14;0.68;-0.45;0.00;-0.49;-0.28
9497;-0.40;-0.65;9.54;-0.14;0.68;-0.45;0.00;-0.42;0.00
9506;-0.48;-0.62;9.58;-0.14;0.68;-0.45;-0.07;-0.70;-0.56
9514;-0.45;-0.59;9.52;-0.14;0.68;-0.45;-0.49;-0.63;-0.35
9523;-0.45;-0.57;9.62;-0.14;0.68;-0.45;0.07;-0.42;-0.21
9532;-0.47;-0.67;9.58;-0.14;0.68;-0.45;0.28;-0.42;-0.35
9541;-0.35;-0.60;9.50;-0.14;0.68;-0.44;-0.07;-0.28;-0.07
9549;-0.43;-0.62;9.43;-0.14;0.68;-0.44;-0.07;-0.14;-0.49
9558;-0.47;-0.60;9.64;-0.14;0.68;-0.44;-0.21;-0.21;-0.42
9567;-0.39;-0.60;9.53;-0.14;0.68;-0.44;0.07;-0.56;-0.42
9576;-0.37;-0.56;9.52;-0.14;0.68;-0.44;0.00;-0.21;-0.42
9584;-0.43;-0.66;9.55;-0.14;0.68;-0.44;-0.21;-0.14;-0.35
9593;-0.47;-0.62;9.57;-0.14;0.68;-0.44;-0.14;-0.35;-0.28
9602;-0.51;-0.60;9.60;-0.14;0.68;-0.44;-0.07;-0.49;-0.14
9611;-0.45;-0.62;9.48;-0.14;0.68;-0.44;0.28;-0.35;-0.28
9619;-0.37;-0.56;9.53;-0.14;0.69;-0.45;-0.28;-0.21;-0.28
9628;-0.47;-0.58;9.60;-0.14;0.69;-0.45;-0.07;-0.28;-17.78
9637;-0.47;-0.65;9.50;-0.14;0.69;-0.45;-0.07;-0.42;-0.35
9646;-0.49;-0.55;9.64;-0.14;0.69;-0.46;-0.21;-0.77;-0.28
9654;-0.34;-0.55;9.59;-0.14;0.69;-0.46;-0.42;-0.42;-0.21
9663;-0.35;-0.56;9.67;-0.14;0.69;-0.46;0.07;-0.28;-0.14
9672;-0.50;-0.62;9.60;-0.14;0.68;-0.45;-0.07;-0.63;-0.14
9681;-0.39;-0.55;9.58;-0.14;0.68;-0.45;17.71;-0.14;-0.14
9689;-0.43;-0.59;9.66;-0.14;0.68;-0.45;-0.14;-0.28;-0.56
9698;-0.39;-0.66;9.55;-0.14;0.69;-0.44;-0.42;-0.56;-0.07
9707;-0.38;-0.60;9.47;-0.14;0.69;-0.44;-0.21;-0.21;-0.07
9716;-0.43;-0.62;9.63;-0.14;0.69;-0.44;-0.14;-0.21;-0.35
9724;-0.37;-0.65;9.62;-0.14;0.68;-0.46;0.07;-0.14;-0.42
9733;-0.38;-0.61;9.62;-0.14;0.68;-0.46;-0.28;-0.56;-0.28
9742;-0.47;-0.62;9.53;-0.14;0.68;-0.46;0.07;-0.07;-0.21
9750;-0.41;-0.54;9.59;-0.15;0.69;-0.46;0.00;-0.42;-0.35
9759;-0.43;-0.64;9.50;-0.15;0.69;-0.46;0.14;-0.56;-0.21
9768;-0.38;-0.63;9.48;-0.15;0.69;-0.46;0.21;-0.84;-0.35
9777;-0.47;-0.56;9.44;-0.15;0.69;-0.44;0.14;-0.49;-0.35
9785;-0.45;-0.58;9.43;-0.15;0.69;-0.44;-0.07;-0.14;-0.35
9794;-0.42;-0.62;9.52;-0.15;0.69;-0.44;-0.14;-0.42;0.07
9803;-0.42;-0.59;9.56;-0.14;0.68;-0.45;-0.21;-0.35;-0.14
9812;-0.39;-0.57;9.53;-0.14;0.68;-0.45;0.07;-0.42;0.07
9820;-0.34;-0.64;9.45;-0.14;0.68;-0.45;-0.14;-0.28;-0.07
9829;-0.44;-0.62;9.60;-0.14;0.69;-0.44;-0.35;-0.70;-0.35
9838;-0.41;-0.63;9.60;-0.14;0.69;-0.44;-0.35;-0.42;-0.28
9847;-0.40;-0.52;9.67;-0.14;0.69;-0.44;-0.35;-0.28;0.00
9855;-0.54;-0.55;9.52;-0.14;0.68;-0.44;-0.14;-0.56;-0.07
9864;-0.51;-0.64;9.61;-0.14;0.68;-0.44;-0.28;-0.70;-0.49
9873;-0.37;-0.56;9.63;-0.15;0.68;-0.45;-0.21;-0.70;-0.14
9882;-0.34;-0.55;9.53;-0.15;0.68;-0.45;-0.14;-0.42;-0.56
9890;-0.42;-0.55;9.58;-0.15;0.68;-0.45;0.00;-0.35;-0.28
9899;-0.37;-0.61;9.57;-0.14;0.69;-0.44;-0.14;-0.63;-0.49
9908;-0.45;-0.55;9.59;-0.14;0.69;-0.44;0.07;-0.28;-0.28
9917;-0.37;-0.60;9.55;-0.14;0.69;-0.44;0.00;-0.42;-0.49
9926;-0.40;-0.55;9.58;-0.15;0.67;-0.44;-0.21;-0.56;-0.35
9934;-0.32;-0.65;9.53;-0.15;0.67;-0.44;0.28;-0.63;-0.28
9943;-0.34;-0.66;9.50;-0.15;0.67;-0.44;-0.56;-0.35;-0.49
9952;-0.36;-0.55;9.50;-0.14;0.68;-0.44;-0.07;-0.35;0.07
9961;-0.45;-0.57;9.48;-0.14;0.68;-0.44;-0.21;-0.42;-0.56
9969;-0.39;-0.63;9.58;-0.14;0.68;-0.44;0.07;-0.42;-0.42
9978;-0.42;-0.69;9.56;-0.14;0.68;-0.43;0.14;-0.56;0.00
9987;-0.45;-0.65;9.50;-0.14;0.68;-0.43;0.00;-0.28;-0.42
9995;-0.39;-0.64;9.60;-0.14;0.68;-0.43;-0.07;-0.49;-0.14
10004;-0.43;-0.57;9.55;-0.16;0.68;-0.44;-0.07;-0.35;-0.21
10013;-0.43;-0.54;9.48;-0.16;0.68;-0.44;0.00;-0.14;-0.35
10022;-0.39;-0.55;9.57;-0.16;0.68;-0.44;0.14;-0.63;-0.42
10030;-0.41;-0.59;9.60;-0.15;0.68;-0.44;-0.14;-0.56;0.00
10039;-0.56;-0.58;9.61;-0.15;0.68;-0.44;-0.07;-0.42;-0.14
10048;-0.49;-0.63;9.63;-0.15;0.68;-0.44;-0.42;-0.84;-0.42
10057;-0.39;-0.62;9.60;-0.15;0.68;-0.45;-0.28;-0.49;-0.14
10065;-0.43;-0.65;9.66;-0.15;0.68;-0.45;0.00;-0.84;-0.14
10074;-0.45;-0.61;9.54;-0.15;0.68;-0.45;-0.35;-0.56;-0.14
10083;-0.42;-0.53;9.45;-0.14;0.68;-0.46;-0.07;-0.35;-0.28
10092;-0.39;-0.65;9.56;-0.14;0.68;-0.46;0.00;-0.35;-0.35
10100;-0.39;-0.55;9.50;-0.14;0.68;-0.46;0.21;-0.35;-0.14
10109;-0.46;-0.62;9.50;-0.14;0.68;-0.45;-0.07;-0.28;-0.28
10118;-0.41;-0.58;9.62;-0.14;0.68;-0.45;0.21;-0.56;-0.35
10127;-0.37;-0.57;9.56;-0.14;0.68;-0.45;-0.21;-0.42;-0.28
10136;-0.45;-0.65;9.55;-0.14;0.68;-0.45;0.07;-0.56;-0.14
10144;-0.49;-0.60;9.54;-0.14;0.68;-0.45;0.00;0.07;-0.42
10153;-0.40;-0.54;9.62;-0.14;0.68;-0.45;-0.14;-0.35;-0.14
10162;-0.39;-0.60;9.56;-0.15;0.69;-0.44;-0.07;-0.56;-0.07
10170;-0.47;-0.61;9.55;-0.15;0.69;-0.44;-0.07;-0.35;-0.21
10179;-0.43;-0.59;9.63;-0.15;0.69;-0.44;-0.21;-0.49;-0.21
10188;-0.50;-0.53;9.53;-0.14;0.68;-0.45;-0.28;-0.49;-0.42
10197;-0.37;-0.63;9.58;-0.14;0.68;-0.45;0.28;-0.35;-0.21
10205;-0.51;-0.60;9.61;-0.14;0.68;-0.30;-0.28;-0.28;-0.14
10214;-0.39;-0.60;9.60;-0.15;0.68;-0.44;-0.56;-0.28;-0.21
10223;-0.37;-0.57;9.62;-0.15;0.68;-0.44;0.21;-0.14;-0.07
10232;-0.48;-0.62;9.64;-0.14;0.68;-0.44;0.07;-0.49;0.07
10240;-0.45;-0.66;9.63;-0.14;0.68;-0.44;-17.85;-0.35;-0.28
10249;-0.47;-0.66;9.51;-0.14;0.68;-0.44;-0.21;-0.42;-0.63
10258;-0.39;-0.64;9.53;-0.13;0.68;-0.44;-0.14;-0.49;-0.21
10267;-0.42;-0.59;9.52;-0.13;0.68;-0.44;-0.28;-0.21;-0.35
10275;-0.50;-0.62;9.49;-0.13;0.68;-0.44;17.78;-0.70;-0.21
10284;-0.45;-0.72;9.55;-0.15;0.69;-0.46;-0.28;-0.14;-0.56
10293;-0.42;-0.62;9.55;-0.15;0.69;-0.46;-0.21;-0.35;-0.28
10302;-0.46;-0.58;9.63;-0.15;0.69;-0.46;-0.14;-0.63;-0.49
10310;-0.47;-0.55;9.45;-0.15;0.69;-0.45;-0.14;-0.07;-0.49
10319;-0.35;-0.57;9.63;-0.15;0.69;-0.45;0.07;-0.14;-0.42
10328;-0.27;-0.62;9.47;-0.15;0.69;-0.45;0.00;-0.77;-0.35
10337;-0.47;-0.54;9.49;-0.14;0.69;-0.46;0.07;-0.28;-0.14
10345;-0.49;-0.57;9.55;-0.14;0.69;-0.46;-0.21;-0.42;-0.56
10354;-0.44;-0.61;9.49;-0.14;0.69;-0.46;-0.49;-0.42;-0.21
10363;-0.37;-0.60;9.60;-0.14;0.69;-0.45;-0.28;-0.42;-0.42
10372;-0.42;-0.65;9.65;-0.14;0.69;-0.45;-0.35;-0.35;-0.21
10380;-0.40;-0.62;9.50;-0.14;0.69;-0.45;0.21;-0.56;-0.14
10389;-0.37;-0.62;9.66;-0.14;0.69;-0.44;-0.28;-0.35;-0.35
10398;-0.37;-0.50;9.60;-0.14;0.69;-0.44;0.21;-0.21;-0.21
10407;-0.39;-0.53;9.58;-0.14;0.69;-0.44;0.14;-0.07;-0.21
10415;-0.48;-0.63;9.60;-0.14;0.69;-0.44;-0.42;-0.49;-0.49
10424;-0.37;-0.58;9.55;-0.14;0.69;-0.44;17.64;-0.49;-0.35
10433;-0.45;-0.62;9.48;-0.14;0.69;-0.44;0.28;-0.42;-0.56
10442;-0.41;-0.58;9.53;-0.15;0.69;-0.45;-0.28;-0.49;-0.14
10450;-0.50;-0.57;9.48;-0.15;0.69;-0.45;0.00;-0.84;-0.42
10459;-0.39;-0.62;9.54;-0.15;0.69;-0.45;0.14;-0.35;-0.35
10468;-0.40;-0.51;9.65;-0.15;0.68;-0.45;0.14;-0.42;-0.42
10477;-0.43;-0.62;9.51;-0.15;0.68;-0.45;-0.14;-0.28;-0.14
10485;-0.41;-0.57;9.45;-0.15;0.68;-0.45;0.00;-0.49;-0.28
10494;-0.42;-0.57;9.60;-0.15;0.69;-0.46;-0.35;-0.14;-0.49
10503;-0.45;-0.65;9.52;-0.15;0.69;-0.46;-0.21;-0.56;-0.42
10512;-0.41;-0.62;9.48;-0.15;0.69;-0.46;0.00;-0.21;-0.35
10520;-0.34;-0.64;9.58;-0.14;0.69;-0.45;-0.14;-0.35;-0.28
10529;-0.47;-0.55;9.58;-0.14;0.69;-0.45;-0.07;-0.70;-0.14
10538;-0.40;-0.63;9.57;-0.14;0.69;-0.45;-0.07;-0.35;-0.28
10547;-0.46;-0.57;9.58;-0.14;0.68;-0.45;0.00;-0.28;-0.70
10555;-0.37;-0.61;9.61;-0.14;0.68;-0.45;-0.35;-0.56;-0.63
10564;-0.43;-0.68;9.53;-0.14;0.68;-0.45;0.00;-0.35;-0.28
10573;-0.48;-0.58;9.54;-0.14;0.69;-0.45;0.21;-0.14;-0.42
10582;-0.43;-0.62;9.60;-0.14;0.69;-0.45;0.07;-0.56;-0.49
10590;-0.41;-0.60;9.54;-0.14;0.69;-0.45;0.07;-0.42;-0.35
10599;-0.38;-0.65;9.55;-0.14;0.69;-0.45;-0.21;-0.42;0.28
10608;-0.47;-0.70;9.60;-0.14;0.69;-0.45;-0.14;-0.63;-0.49
10617;-0.35;-0.62;9.55;-0.14;0.68;-0.45;0.00;-0.49;-0.21
10625;-0.38;-0.55;9.44;-0.14;0.68;-0.45;0.14;-0.28;-0.14
10634;-0.46;-0.60;9.53;-0.14;0.68;-0.45;0.00;-0.77;-0.14
10643;-0.43;-0.52;9.60;-0.14;0.68;-0.46;0.28;-0.70;-0.35
10651;-0.45;-0.60;9.55;-0.14;0.68;-0.46;0.07;-0.49;-0.35
10660;-0.39;-0.60;9.55;-0.14;0.68;-0.46;-0.35;-0.21;-0.21
10669;-0.44;-0.62;9.49;-0.15;0.69;-0.45;-0.14;-0.21;-0.21
10678;-0.38;-0.55;9.53;-0.15;0.69;-0.45;-0.21;-0.21;-0.35
10686;-0.37;-0.61;9.50;-0.15;0.69;-0.45;-0.07;-0.42;-0.35
10695;-0.45;-0.65;9.55;-0.14;0.68;-0.43;0.00;-0.42;-0.35
10704;-0.47;-0.62;9.51;-0.14;0.68;-0.43;0.07;-0.28;-0.21
10713;-0.37;-0.67;9.72;-0.14;0.68;-0.43;-0.14;-0.77;-0.35
10722;-0.37;-0.55;9.60;-0.14;0.69;-0.44;-0.07;-0.49;-0.35
10730;-0.32;-0.59;9.58;-0.14;0.69;-0.44;-0.21;-0.21;-0.56
10739;-0.39;-0.60;9.58;-0.14;0.69;-0.44;-0.14;-0.28;-0.49
10748;-0.44;-0.62;9.78;-0.14;0.69;-0.43;-0.42;-0.21;-0.35
10757;-0.42;-0.64;9.64;-0.14;0.69;-0.43;-0.28;-0.63;-0.35
10765;-0.42;-0.64;9.56;-0.14;0.69;-0.43;-0.28;-0.63;-0.56
10774;-0.34;-0.57;9.54;-0.15;0.69;-0.46;-0.28;-0.49;-0.56
10783;-0.43;-0.63;9.59;-0.15;0.69;-0.46;-0.07;-0.28;-0.35
10792;-0.43;-0.58;9.62;-0.15;0.69;-0.46;-0.21;-0.35;-0.35
10800;-0.44;-0.60;9.61;-0.14;0.68;-0.45;0.14;-0.63;-0.42
10809;-0.35;-0.65;9.61;-0.14;0.68;-0.45;-0.07;-0.35;-0.28
10818;-0.37;-0.58;9.53;-0.14;0.68;-0.45;-0.35;-0.42;-0.07
10827;-0.47;-0.61;9.58;-0.14;0.69;-0.45;-0.35;-0.49;0.00
10835;-0.44;-0.59;9.53;-0.14;0.69;-0.45;-0.14;-0.49;-0.14
10844;-0.47;-0.64;9.60;-0.14;0.69;-0.45;-0.14;0.07;-0.35
10853;-0.45;-0.70;9.68;-0.14;0.69;-0.45;0.14;-0.28;-0.14
10861;-0.52;-0.66;9.58;-0.14;0.69;-0.45;0.28;-0.56;-0.21
10870;-0.39;-0.65;9.45;-0.14;0.69;-0.45;0.07;-0.42;-0.28
10879;-0.45;-0.63;9.65;-0.15;0.69;-0.44;-0.07;-0.77;-0.35
10888;-0.39;-0.62;9.53;-0.15;0.69;-0.44;-0.28;-0.28;-0.35
10897;-0.39;-0.64;9.59;-0.15;0.69;-0.44;-0.21;-0.70;-0.07
10905;-0.35;-0.57;9.51;-0.14;0.68;-0.44;-0.42;-0.42;-0.28
10914;-0.39;-0.63;9.60;-0.14;0.68;-0.44;-0.07;-0.70;-0.49
10923;-0.44;-0.57;9.50;-0.14;0.68;-0.44;0.07;-0.49;-0.21
10932;-0.39;-0.62;9.60;-0.14;0.68;-0.44;0.14;-0.35;-0.49
10940;-0.47;-0.61;9.51;-0.14;0.68;-0.44;-0.21;-0.21;-0.07
10949;-0.45;-0.62;9.60;-0.14;0.69;-0.44;-0.28;-0.21;-0.35
10958;-0.39;-0.62;9.53;-0.15;0.69;-0.44;0.14;-0.70;17.78
10967;-0.42;-0.62;9.49;-0.15;0.69;-0.44;-0.21;-0.42;-0.21
10975;-0.45;-0.60;9.64;-0.14;0.68;-0.44;0.07;-0.49;-0.07
10984;-0.39;-0.60;9.52;-0.14;0.68;-0.44;-0.21;-0.56;-0.49
10993;-0.38;-0.58;9.48;-0.14;0.68;-0.44;-0.07;-0.49;-0.35
11002;-0.50;-0.59;9.45;-0.14;0.69;-0.43;0.00;-0.56;-0.14
11010;-0.42;-0.54;9.57;-0.14;0.69;-0.43;-0.21;-0.63;-0.28
11019;-0.45;-0.57;9.48;-0.14;0.69;-0.43;0.07;-0.28;-0.35
11028;-0.43;-0.67;9.46;-0.14;0.69;-0.45;0.00;-0.42;-0.07
11037;-0.37;-0.52;9.56;-0.14;0.69;-0.45;-0.07;-0.42;-0.07
11045;-0.40;-0.62;9.63;-0.14;0.69;-0.45;0.00;-0.42;-0.21
11054;-0.42;-0.59;9.58;-0.15;0.68;-0.45;-0.14;-0.63;-0.49
11063;-0.42;-0.56;9.49;-0.15;0.68;-0.45;-0.07;-0.28;-0.21
11072;-0.35;-0.62;9.53;-0.15;0.68;-0.45;-0.35;-0.42;-0.07
11080;-0.35;-0.66;9.62;-0.15;0.68;-0.45;-17.92;-0.35;-0.28
11089;-0.39;-0.65;9.64;-0.15;0.68;-0.45;-0.35;-0.56;-0.07
11098;-0.43;-0.65;9.53;-0.15;0.68;-0.45;0.00;-0.42;-0.21
11107;-0.42;-0.63;9.58;-0.15;0.68;-0.45;-0.21;-0.56;0.00
11115;-0.43;-0.65;9.70;-0.15;0.68;-0.45;-0.21;-0.42;-0.28
11124;-0.45;-0.54;9.58;-0.15;0.68;-0.45;0.00;-0.49;-0.28
11133;-0.31;-0.62;9.45;-0.15;0.69;-0.45;-0.07;-0.07;-0.35
11142;-0.46;-0.55;9.66;-0.15;0.69;-0.45;-0.21;-0.56;-0.28
11150;-0.37;-0.70;9.58;-0.15;0.69;-0.45;-0.63;-0.35;-0.70
11159;-0.37;-0.61;9.52;-0.15;0.69;-0.45;0.21;-0.49;-0.14
11168;-0.35;-0.55;9.48;-0.15;0.69;-0.45;0.07;-0.42;-0.42
11177;-0.39;-0.59;9.48;-0.15;0.69;-0.45;-0.21;-0.21;-0.28
11185;-0.37;-0.55;9.57;-0.13;0.69;-0.44;0.07;-0.84;-0.56
11194;-0.45;-0.66;9.47;-0.13;0.69;-0.44;0.00;-0.42;-0.35
11203;-0.37;-0.56;9.56;-0.13;0.69;-0.44;-0.14;-0.63;-0.07
11212;-0.37;-0.67;9.44;-0.15;0.69;-0.44;-0.42;-0.42;-0.35
11220;-0.48;-0.57;9.52;-0.15;0.69;-0.44;-0.28;-0.42;-0.21
11229;-0.31;-0.60;9.48;-0.15;0.69;-0.44;-0.07;-0.77;-0.56
11238;-0.38;-0.52;9.48;-0.15;0.69;-0.44;-0.14;-0.84;-0.42
11247;-0.40;-0.60;9.47;-0.15;0.69;-0.44;-0.28;-0.49;-0.42
11255;-0.46;-0.70;9.52;-0.15;0.69;-0.44;-0.14;-0.42;-0.28
11264;-0.46;-0.60;9.63;-0.14;0.68;-0.44;0.00;-0.56;-0.49
11273;-0.44;-0.67;9.66;-0.14;0.68;-0.44;-0.42;-0.56;-0.42
11282;-0.37;-0.56;9.66;-0.14;0.68;-0.44;-0.28;-0.42;-0.35
11291;-0.43;-0.62;9.64;-0.14;0.69;-0.44;-0.28;-0.35;-0.35
11299;-0.37;-0.58;9.66;-0.14;0.69;-0.44;17.57;-0.56;-0.07
11308;-0.30;-0.59;9.64;-0.14;0.68;-0.45;0.00;-0.28;-0.35
11317;-0.44;-0.62;9.51;-0.15;0.68;-0.45;-0.35;-0.77;-0.56
11326;-0.47;-0.62;9.62;-0.15;0.68;-0.45;-0.35;-0.56;-0.28
11334;-0.39;-0.66;9.53;-0.14;0.69;-0.44;-17.92;-0.14;-0.28
11343;-0.50;-0.60;9.59;-0.14;0.69;-0.44;-0.14;-0.84;-0.14
11352;-0.45;-0.69;9.64;-0.14;0.69;-0.44;0.00;-0.35;-0.28
11361;-0.51;-0.53;9.50;-0.14;0.68;-0.43;-0.28;-0.07;-0.49
11369;-0.41;-0.60;9.51;-0.14;0.68;-0.43;0.00;-0.28;-0.28
11378;-0.42;-0.70;9.62;-0.14;0.68;-0.43;-0.21;-0.21;-0.42
11387;-0.47;-0.63;9.50;-0.14;0.68;-0.44;-0.07;0.07;-0.14
11395;-0.43;-0.63;9.57;-0.14;0.68;-0.44;-0.14;-0.42;-0.56
11404;-0.39;-0.59;9.52;-0.14;0.68;-0.44;0.28;-0.21;-0.28
11413;-0.53;-0.64;9.48;-0.15;0.68;-0.44;0.07;-0.21;-0.14
11422;-0.44;-0.62;9.53;-0.15;0.68;-0.44;-0.35;-0.14;-0.07
11431;-0.33;-0.55;9.62;-0.15;0.68;-0.44;-0.21;-0.28;-0.35
11439;-0.35;-0.57;9.53;-0.15;0.69;-0.45;-0.21;-0.49;-0.14
11448;-0.41;-0.53;9.71;-0.15;0.69;-0.45;0.00;-0.14;0.00
11457;-0.50;-0.53;9.57;-0.15;0.69;-0.45;-0.28;-0.21;-0.35
11466;-0.42;-0.62;9.47;-0.14;0.68;-0.44;-0.07;-0.49;-0.28
11474;-0.37;-0.62;9.48;-0.14;0.68;-0.44;0.07;-0.70;-0.42
11483;-0.42;-0.66;9.53;-0.14;0.68;-0.44;0.07;-0.07;-0.28
11492;-0.51;-0.61;9.54;-0.15;0.69;-0.45;0.07;-0.84;-0.28
11501;-0.48;-0.62;9.41;-0.15;0.69;-0.45;-0.42;-0.28;-0.28
11509;-0.47;-0.69;9.65;-0.15;0.69;-0.45;0.14;-0.49;-0.56
11518;-0.37;-0.62;9.49;-0.15;0.68;-0.45;0.35;-0.35;-0.35
11527;-0.50;-0.67;9.56;-0.15;0.68;-0.45;0.14;-0.63;-0.77
11536;-0.39;-0.60;9.61;-0.15;0.68;-0.45;0.07;-0.35;-0.14
11544;-0.37;-0.53;9.62;-0.14;0.69;-0.45;0.28;-0.21;0.00
11553;-0.42;-0.50;9.41;-0.14;0.69;-0.45;0.28;-0.21;0.00
11562;-0.46;-0.63;9.51;-0.14;0.69;-0.45;-0.14;-0.35;-0.21
11571;-0.47;-0.61;9.50;-0.14;0.68;-0.45;0.07;-0.63;-0.49
11579;-0.42;-0.64;9.53;-0.14;0.68;-0.45;0.21;-0.14;-0.14
11588;-0.40;-0.60;9.61;-0.14;0.68;-0.45;17.57;0.00;-0.07
11597;-0.37;-0.67;9.51;-0.15;0.69;-0.46;-0.07;-0.91;-0.21
11606;-0.41;-0.56;9.56;-0.15;0.69;-0.46;-0.07;-0.42;-0.28
11614;-0.37;-0.62;9.56;-0.15;0.69;-0.46;-0.14;-0.42;-0.28
11623;-0.42;-0.59;9.56;-0.14;0.68;-0.45;-0.35;-0.28;-0.14
11632;-0.39;-0.64;9.66;-0.14;0.68;-0.45;-0.21;-0.77;0.07
11641;-0.47;-0.63;9.66;-0.14;0.68;-0.45;0.00;-0.49;-0.35
11649;-0.45;-0.62;9.71;-0.15;0.69;-0.45;-0.14;-0.49;-0.28
11658;-0.48;-0.62;9.60;-0.15;0.69;-0.45;0.07;-0.49;-0.14
11667;-0.50;-0.52;9.51;-0.14;0.68;-0.44;-0.28;-0.84;-0.35
11676;-0.45;-0.60;9.58;-0.14;0.68;-0.44;0.07;-0.35;-0.14
11684;-0.36;-0.64;9.60;-0.14;0.68;-0.44;-0.14;-0.35;-0.28
11693;-0.57;-0.60;9.53;-0.15;0.69;-0.44;-0.14;-0.49;-0.49
11702;-0.44;-0.71;9.66;-0.15;0.69;-0.44;-0.42;-0.84;-0.63
11711;-0.50;-0.55;9.55;-0.15;0.69;-0.44;0.35;-0.42;-0.42
11719;-0.36;-0.59;9.43;-0.14;0.68;-0.44;-0.35;-0.49;-0.63
11728;-0.39;-0.56;9.57;-0.14;0.68;-0.44;-0.14;-0.21;-0.49
11737;-0.48;-0.66;9.50;-0.14;0.68;-0.44;-0.07;-0.28;-0.35
11746;-0.41;-0.57;9.56;-0.14;0.69;-0.45;-0.35;-0.70;-0.42
11754;-0.43;-0.57;9.48;-0.14;0.69;-0.45;-0.28;-0.84;-0.42
11763;-0.43;-0.59;9.40;-0.14;0.69;-0.45;-0.21;-0.56;-0.63
11772;-0.46;-0.55;9.54;-0.15;0.69;-0.45;-0.14;-0.56;-0.35
11781;-0.42;-0.62;9.50;-0.15;0.69;-0.45;0.07;-0.63;0.00
11790;-0.39;-0.60;9.62;-0.15;0.69;-0.45;-0.07;-0.56;-0.28
11798;-0.34;-0.52;9.53;-0.14;0.69;-0.45;-0.21;-0.56;-0.28
11807;-0.39;-0.61;9.54;-0.14;0.69;-0.45;0.00;-0.21;-0.28
11816;-0.36;-0.53;9.62;-0.14;0.69;-0.45;-0.14;-0.28;-0.35
11825;-0.44;-0.64;9.57;-0.16;0.69;-0.46;0.28;-0.35;-0.28
11833;-0.42;-0.70;9.52;-0.16;0.69;-0.46;-0.07;-0.35;-0.21
11842;-0.46;-0.60;9.60;-0.16;0.69;-0.46;0.00;-0.56;-0.21
11851;-0.42;-0.57;9.53;-0.14;0.69;-0.45;-0.49;-0.63;0.00
11860;-0.45;-0.59;9.66;-0.14;0.69;-0.45;-0.28;-0.07;-0.21
11868;-0.44;-0.61;9.58;-0.14;0.69;-0.45;0.00;-0.70;-0.28
11877;-0.41;-0.57;9.55;-0.14;0.69;-0.46;0.07;-0.28;-0.14
11886;-0.37;-0.62;9.59;-0.14;0.69;-0.46;-0.14;-0.35;-0.21
11895;-0.35;-0.53;9.65;-0.14;0.69;-0.46;-0.56;-0.56;-0.07
11904;-0.39;-0.63;9.48;-0.15;0.69;-0.45;0.28;-0.42;-0.42
11912;-0.34;-0.62;9.54;-0.15;0.69;-0.45;0.14;-0.35;-0.07
11921;-0.41;-0.64;9.50;-0.15;0.69;-0.45;0.00;-0.28;-0.21
11930;-0.41;-0.62;9.61;-0.15;0.68;-0.44;-0.35;-0.35;-0.42
11939;-0.45;-0.55;9.48;-0.15;0.68;-0.44;-0.28;-0.49;-0.63
11947;-0.37;-0.67;9.56;-0.15;0.68;-0.44;0.28;-0.49;0.00
11956;-0.39;-0.55;9.54;-0.15;0.68;-0.44;-0.21;-0.21;-0.42
11965;-0.57;-0.65;9.50;-0.15;0.68;-0.44;0.00;-0.56;-0.49
11974;-0.47;-0.60;9.60;-0.15;0.68;-0.44;-0.35;-0.21;-0.49
11982;-0.42;-0.65;9.55;-0.15;0.68;-0.45;-0.14;-0.35;-0.07
11991;-0.37;-0.65;9.48;-0.15;0.68;-0.45;-0.28;-0.35;-0.28
12000;-0.51;-0.57;9.55;-0.15;0.68;-0.45;-0.14;-0.42;-0.35
12009;-0.43;-0.59;9.60;-0.15;0.69;-0.43;0.07;-0.49;-0.21
12017;-0.47;-0.55;9.60;-0.15;0.69;-0.43;0.00;-0.28;-0.42
12026;-0.41;-0.62;9.61;-0.15;0.69;-0.45;-0.35;-0.49;-0.28
12035;-0.40;-0.58;9.60;-0.15;0.69;-0.45;-0.28;-0.49;-0.42
12043;-0.45;-0.62;9.54;-0.15;0.69;-0.45;0.28;-0.42;-0.14
12052;-0.40;-0.67;9.53;-0.14;0.69;-0.44;17.71;-0.63;-0.21
12061;-0.44;-0.53;9.55;-0.14;0.69;-0.44;-0.35;-0.35;-0.07
12070;-0.41;-0.62;9.56;-0.14;0.69;-0.44;-0.21;-0.14;-0.35
12078;-0.37;-0.65;9.55;-0.15;0.68;-0.44;-0.07;-0.14;-0.28
12087;-0.31;-0.59;9.48;-0.15;0.68;-0.44;-0.35;-0.14;-0.42
12096;-0.44;-0.56;9.50;-0.15;0.68;-0.44;-0.28;-0.28;-0.21
12105;-0.39;-0.52;9.60;-0.14;0.68;-0.44;-0.07;-0.63;-0.28
12114;-0.41;-0.62;9.55;-0.14;0.68;-0.44;-0.21;-0.63;-0.28
12122;-0.36;-0.57;9.58;-0.14;0.68;-0.44;0.00;-0.35;-0.14
12131;-0.42;-0.62;9.65;-0.14;0.69;-0.45;-0.28;-0.56;-0.70
12140;-0.44;-0.64;9.60;-0.14;0.69;-0.45;-0.35;-0.70;0.00
12149;-0.42;-0.61;9.57;-0.14;0.69;-0.45;-0.14;-0.49;-0.42
12157;-0.48;-0.65;9.57;-0.15;0.69;-0.45;-0.14;-0.42;-0.56
12166;-0.34;-0.65;9.61;-0.15;0.69;-0.45;0.28;-0.28;-0.21
12175;-0.39;-0.55;9.49;-0.15;0.69;-0.45;0.07;-0.77;0.00
12184;-0.45;-0.62;9.50;-0.14;0.69;-0.44;-0.14;-0.42;-0.28
12192;-0.43;-0.67;9.58;-0.14;0.69;-0.44;-0.14;-0.28;-0.35
12201;-0.51;-0.55;9.54;-0.14;0.69;-0.44;-0.14;-0.42;0.07
12210;-0.41;-0.62;9.61;-0.14;0.69;-0.45;0.14;-0.63;-0.14
12219;-0.47;-0.59;9.51;-0.14;0.69;-0.45;-0.21;-0.56;-0.49
12227;-0.31;-0.56;9.69;-0.14;0.69;-0.45;0.00;-0.70;-0.14
12236;-0.37;-0.56;9.51;-0.14;0.69;-0.45;-0.49;-0.28;-0.21
12245;-0.35;-0.59;9.53;-0.14;0.69;-0.45;-0.07;-0.42;-0.28
12254;-0.37;-0.61;9.54;-0.14;0.69;-0.45;0.07;-0.35;-0.35
12262;-0.44;-0.62;9.54;-0.14;0.69;-0.45;-0.14;-0.77;-0.49
12271;-0.37;-0.60;9.52;-0.14;0.69;-0.45;0.21;-0.77;-0.35
12280;-0.34;-0.62;9.51;-0.14;0.69;-0.45;-0.28;-0.21;-0.07
12289;-0.43;-0.55;9.58;-0.14;0.68;-0.45;0.21;-0.28;0.00
12298;-0.42;-0.60;9.49;-0.14;0.68;-0.45;-0.35;-0.49;-0.49
12306;-0.32;-0.57;9.66;-0.14;0.68;-0.45;-0.42;-0.21;-0.28
12315;-0.38;-0.62;9.58;-0.14;0.69;-0.46;0.00;-0.14;-0.42
12324;-0.45;-0.60;9.56;-0.14;0.69;-0.46;-0.49;-0.56;-0.42
12333;-0.39;-0.59;9.50;-0.14;0.69;-0.46;-0.14;-0.63;-0.21
12341;-0.45;-0.60;9.61;-0.15;0.69;-0.44;0.14;-0.07;-0.42
12350;-0.42;-0.64;9.53;-0.15;0.69;-0.44;-0.07;-0.70;-0.42
12359;-0.37;-0.61;9.55;-0.15;0.69;-0.44;-0.21;-0.63;-0.14
12368;-0.46;-0.60;9.55;-0.13;0.69;-0.44;0.21;-0.56;-0.28
12376;-0.52;-0.62;9.65;-0.13;0.69;-0.44;-0.21;-0.35;-0.35
12385;-0.44;-0.58;9.49;-0.14;0.69;-0.44;-0.28;-0.49;-0.14
12394;-0.47;-0.65;9.58;-0.14;0.69;-0.44;-0.21;-0.84;-0.14
12403;-0.53;-0.52;9.66;-0.14;0.69;-0.44;17.71;-0.56;-0.28
12411;-0.38;-0.50;9.54;-0.14;0.68;-0.45;0.07;-0.28;-0.70
12420;-0.42;-0.55;9.53;-0.14;0.68;-0.45;-0.49;-0.49;-0.14
12429;-0.37;-0.58;9.53;-0.14;0.68;-0.45;-0.28;-0.63;-0.42
12438;-0.42;-0.59;9.60;-0.14;0.70;-0.45;0.00;-0.49;-0.14
12446;-0.40;-0.55;9.47;-0.14;0.70;-0.45;-0.28;-0.56;-0.21
12455;-0.46;-0.61;9.58;-0.14;0.70;-0.45;-0.07;-0.56;-0.42
12464;-0.40;-0.66;9.58;-0.14;0.68;-0.45;-0.42;-0.84;-0.42
12473;-0.34;-0.60;9.61;-0.14;0.68;-0.45;-0.07;-0.63;-0.49
12481;-0.45;-0.56;9.57;-0.14;0.68;-0.45;-0.35;-0.42;-0.28
12490;-0.39;-0.59;9.60;-0.14;0.68;-0.44;-0.35;-0.56;-0.42
12499;-0.42;-0.58;9.61;-0.14;0.68;-0.44;0.07;-0.49;-0.49
12508;-0.50;-0.63;9.66;-0.14;0.68;-0.44;-0.21;-0.28;-0.42
12516;-0.45;-0.61;9.68;-0.15;0.69;-0.45;-0.14;-0.35;-0.14
12525;-0.49;-0.56;9.67;-0.15;0.69;-0.45;0.00;-0.56;-0.07
12534;-0.37;-0.65;9.59;-0.15;0.69;-0.45;0.21;-0.63;-0.28
12543;-0.42;-0.59;9.58;-0.15;0.69;-0.44;-0.07;-0.21;-0.14
12552;-0.51;-0.65;9.43;-0.15;0.69;-0.44;-0.14;-0.21;-0.35
12560;-0.41;-0.63;9.61;-0.15;0.69;-0.44;0.35;-0.42;-0.21
12569;-0.40;-0.60;9.38;-0.15;0.69;-0.45;-0.14;-0.35;-0.14
12578;-0.43;-0.57;9.55;-0.15;0.69;-0.45;0.21;-0.49;-0.21
12586;-0.40;-0.54;9.55;-0.15;0.69;-0.45;-0.35;-0.84;-0.35
12595;-0.52;-0.67;9.62;-0.14;0.70;-0.45;-0.07;-0.56;-0.21
12604;-0.37;-0.62;9.64;-0.14;0.70;-0.45;-0.07;-0.35;-0.42
12613;-0.47;-0.58;9.45;-0.14;0.70;-0.45;0.00;-0.49;-0.70
12622;-0.41;-0.60;9.58;-0.14;0.69;-0.45;-0.21;-0.56;-0.49
12630;-0.50;-0.61;9.55;-0.14;0.69;-0.45;0.00;-0.35;-0.49
12639;-0.45;-0.58;9.55;-0.14;0.69;-0.45;-0.35;-0.21;-0.42
12648;-0.44;-0.63;9.54;-0.14;0.68;-0.44;-0.07;-0.35;-0.21
12657;-0.40;-0.57;9.54;-0.14;0.68;-0.44;0.07;-0.56;-0.28
12665;-0.41;-0.54;9.41;-0.14;0.68;-0.44;-0.21;-0.42;-0.28
12674;-0.47;-0.64;9.63;-0.14;0.68;-0.45;0.00;-0.35;-0.35
12683;-0.47;-0.62;9.50;-0.14;0.68;-0.45;0.07;-0.63;-0.14
12692;-0.52;-0.61;9.75;-0.14;0.68;-0.45;-0.42;-0.21;-0.70
12700;-0.34;-0.52;9.63;-0.15;0.69;-0.45;0.00;-0.28;-0.21
12709;-0.42;-0.65;9.52;-0.15;0.69;-0.45;0.00;-0.35;-0.21
12718;-0.33;-0.61;9.62;-0.15;0.69;-0.44;0.35;-0.49;-0.28
12727;-0.38;-0.60;9.57;-0.15;0.69;-0.44;0.00;-0.63;-0.21
12735;-0.41;-0.65;9.58;-0.15;0.69;-0.44;0.00;-0.35;-0.56
12744;-0.42;-0.64;9.47;-0.15;0.68;-0.44;0.00;-0.56;-0.14
12753;-0.39;-0.64;9.37;-0.15;0.68;-0.44;-0.21;-0.63;-0.49
12762;-0.41;-0.59;9.54;-0.15;0.68;-0.44;-0.14;-0.28;-0.28
12770;-0.39;-0.56;9.47;-0.15;0.69;-0.43;-0.42;-0.56;-0.14
12779;-0.45;-0.55;9.49;-0.15;0.69;-0.43;-0.21;-0.84;-0.49
12788;-0.50;-0.65;9.60;-0.15;0.69;-0.43;-0.28;-0.70;-0.35
12797;-0.49;-0.59;9.57;-0.14;0.68;-0.46;-0.07;-0.49;-0.14
12805;-0.45;-0.59;9.50;-0.14;0.68;-0.46;0.00;-0.91;-0.21
12814;-0.37;-0.63;9.55;-0.14;0.68;-0.46;0.00;-0.49;-0.21
12823;-0.39;-0.65;9.60;-0.15;0.69;-0.44;-0.56;-0.63;-0.14
12832;-0.42;-0.59;9.45;-0.15;0.69;-0.44;-0.42;-0.56;-0.21
12840;-0.45;-0.62;9.55;-0.15;0.69;-0.44;-0.14;-0.84;-0.35
12849;-0.40;-0.62;9.64;-0.14;0.69;-0.43;0.21;-0.63;-0.56
12858;-0.42;-0.64;9.64;-0.14;0.69;-0.43;-0.56;-0.14;-0.14
12867;-0.40;-0.59;9.50;-0.14;0.69;-0.43;-0.07;-0.56;-0.14
12875;-0.42;-0.58;9.73;-0.14;0.69;-0.45;0.07;-0.35;-0.28
12884;-0.39;-0.52;9.59;-0.14;0.69;-0.45;-0.28;-0.21;-0.49
12893;-0.39;-0.57;9.60;-0.14;0.69;-0.45;-0.14;-0.35;-0.28
12902;-0.37;-0.60;9.40;-0.15;0.68;-0.43;-0.07;-0.63;-0.28
12910;-0.42;-0.61;9.60;-0.15;0.68;-0.43;0.14;-0.49;-0.21
12919;-0.39;-0.65;9.55;-0.15;0.68;-0.43;-0.07;-0.63;-0.70
12928;-0.44;-0.58;9.52;-0.14;0.69;-0.43;-0.14;-0.63;-0.14
12937;-0.39;-0.60;9.51;-0.14;0.69;-0.43;-0.14;-0.49;-0.35
12945;-0.37;-0.57;9.54;-0.14;0.69;-0.43;0.14;-0.49;-0.49
12954;-0.37;-0.65;9.56;-0.14;0.69;-0.46;0.07;-0.42;-0.21
12963;-0.41;-0.52;9.53;-0.14;0.69;-0.46;0.00;-0.77;-0.35
12972;-0.51;-0.66;9.40;-0.14;0.69;-0.46;-0.14;-0.70;-0.14
12980;-0.48;-0.67;9.45;-0.14;0.68;-0.45;0.00;-0.56;-0.21
12989;-0.37;-0.64;9.68;-0.14;0.68;-0.45;0.00;-0.42;-0.42
12998;-0.44;-0.60;9.51;-0.14;0.68;-0.45;-0.14;-0.49;-0.35
13007;-0.40;-0.62;9.58;-0.14;0.69;-0.44;-0.14;-0.35;-0.28
13015;-0.32;-0.67;9.58;-0.14;0.69;-0.44;-0.14;-0.21;-0.28
13024;-0.43;-0.61;9.50;-0.14;0.69;-0.44;0.00;-0.42;-0.35
13033;-0.34;-0.67;9.52;-0.14;0.69;-0.45;-0.35;-0.56;-0.42
13042;-0.40;-0.66;9.53;-0.14;0.69;-0.45;-0.14;-0.49;-0.49
13050;-0.37;-0.60;9.73;-0.14;0.69;-0.45;0.21;0.00;-0.28
13059;-0.39;-0.60;9.54;-0.14;0.68;-0.45;-0.07;-0.21;-0.35
13068;-0.42;-0.64;9.63;-0.14;0.68;-0.45;-0.07;-0.21;0.00
13077;-0.38;-0.67;9.48;-0.14;0.68;-0.30;-0.14;-0.49;-0.49
13085;-0.47;-0.59;9.53;-0.14;0.69;-0.45;-0.42;-0.49;-0.35
13094;-0.37;-0.64;9.59;-0.14;0.69;-0.45;-0.14;-0.42;-0.49
13103;-0.47;-0.65;9.53;-0.14;0.69;-0.44;0.00;-0.42;-0.14
13112;-0.37;-0.65;9.58;-0.14;0.69;-0.44;0.07;-0.42;-0.14
13120;-0.39;-0.62;9.51;-0.14;0.69;-0.44;-0.14;-0.49;-0.21
13129;-0.37;-0.52;9.56;-0.14;0.68;-0.44;0.07;-0.56;0.00
13138;-0.40;-0.65;9.53;-0.14;0.68;-0.44;-0.14;-0.49;-0.49
13147;-0.38;-0.64;9.59;-0.14;0.68;-0.44;0.21;-0.28;0.14
13155;-0.41;-0.59;9.50;-0.14;0.69;-0.45;-0.14;-0.42;-0.14
13164;-0.39;-0.60;9.63;-0.14;0.69;-0.45;0.07;-0.28;-0.42
13173;-0.39;-0.61;9.50;-0.14;0.69;-0.45;-0.14;-0.77;-0.28
13182;-0.39;-0.62;9.56;-0.14;0.69;-0.44;0.00;-0.49;-0.21
13190;-0.40;-0.65;9.56;-0.14;0.69;-0.44;-0.14;-0.63;-0.28
13199;-0.39;-0.57;9.47;-0.14;0.69;-0.44;-0.14;-0.35;-0.56
13208;-0.45;-0.60;9.63;-0.13;0.68;-0.45;-0.14;-0.49;-0.21
13217;-0.50;-0.66;9.55;-0.13;0.68;-0.45;-0.21;-0.49;-0.49
13225;-0.39;-0.55;9.58;-0.13;0.68;-0.45;-0.21;-0.70;0.07
13234;-0.51;-0.65;9.60;-0.15;0.69;-0.44;-0.28;-0.77;-0.49
13243;-0.48;-0.55;9.44;-0.15;0.69;-0.44;-0.42;-0.42;-0.35
13252;-0.38;-0.62;9.60;-0.15;0.69;-0.44;-0.07;-0.63;-0.14
13261;-0.43;-0.61;9.53;-0.14;0.69;-0.44;-0.07;-0.49;-0.49
13269;-0.37;-0.57;9.58;-0.14;0.69;-0.44;-0.07;-0.63;-0.28
13278;-0.42;-0.55;9.55;-0.14;0.69;-0.44;0.21;-0.63;0.00
13287;-0.43;-0.62;9.51;-0.14;0.68;-0.44;-0.35;-0.35;-0.49
13296;-0.46;-0.57;9.50;-0.14;0.68;-0.44;-0.21;-0.42;-0.21
13304;-0.43;-0.65;9.53;-0.14;0.68;-0.44;-0.21;-0.42;-0.42
13313;-0.40;-0.55;9.55;-0.15;0.69;-0.44;0.00;-0.56;-0.14
13322;-0.50;-0.51;9.64;-0.15;0.69;-0.44;0.07;-0.28;-0.28
13331;-0.46;-0.55;9.53;-0.15;0.69;-0.44;0.00;-0.63;-0.35
13340;-0.37;-0.58;9.55;-0.14;0.69;-0.43;-0.07;-0.63;-0.42
13348;-0.44;-0.64;9.60;-0.14;0.69;-0.43;-0.49;-0.98;-0.49
13357;-0.37;-0.63;9.58;-0.14;0.69;-0.43;0.14;-0.28;-0.21
13366;-0.45;-0.62;9.60;-0.14;0.70;-0.44;-0.14;-0.42;-0.14
13375;-0.38;-0.55;9.52;-0.14;0.70;-0.44;-0.14;-0.56;-0.42
13383;-0.36;-0.64;9.53;-0.14;0.70;-0.44;-0.56;-0.63;-0.35
13392;-0.39;-0.55;9.54;-0.15;0.68;-0.44;0.21;-0.14;-0.21
13401;-0.41;-0.55;9.68;-0.15;0.68;-0.44;-0.07;-0.21;-0.28
13410;-0.33;-0.66;9.50;-0.15;0.68;-0.44;-0.14;-0.14;-0.14
13418;-0.48;-0.61;9.57;-0.15;0.68;-0.45;0.21;-0.35;-0.21
13427;-0.51;-0.58;9.45;-0.15;0.68;-0.45;-0.21;-0.56;-0.49
13436;-0.39;-0.65;9.52;-0.15;0.69;-0.44;0.00;-0.70;-0.21
13445;-0.46;-0.65;9.59;-0.14;0.69;-0.44;0.14;-0.21;-0.35
13453;-0.43;-0.53;9.58;-0.14;0.69;-0.44;-0.49;-0.56;-0.28
13462;-0.47;-0.68;9.54;-0.15;0.69;-0.45;0.56;-0.42;-0.21
13471;-0.41;-0.62;9.55;-0.15;0.69;-0.45;-0.42;-0.28;-0.21
13480;-0.44;-0.65;9.58;-0.15;0.69;-0.45;0.07;-0.35;0.07
13488;-0.47;-0.62;9.65;-0.14;0.68;-0.44;-0.42;-0.49;-0.35
13497;-0.42;-0.57;9.51;-0.14;0.68;-0.44;-0.21;-0.28;-0.14
13506;-0.49;-0.65;9.52;-0.14;0.68;-0.44;-0.35;-0.42;-0.42
13515;-0.47;-0.44;9.46;-0.14;0.69;-0.44;-0.49;-0.28;-0.35
13523;-0.39;-0.62;9.66;-0.14;0.69;-0.44;0.14;-0.63;-0.35
13532;-0.42;-0.57;9.50;-0.14;0.69;-0.44;-0.56;-0.21;-0.14
13541;-0.34;-0.57;9.45;-0.14;0.68;-0.44;0.14;-0.21;-0.35
13550;-0.39;-0.63;9.60;-0.14;0.68;-0.44;-0.49;-0.63;-0.77
13558;-0.43;-0.58;9.63;-0.14;0.68;-0.44;-0.14;-0.21;0.07
13567;-0.41;-0.60;9.60;-0.14;0.69;-0.44;-0.14;-0.70;-0.35
13576;-0.38;-0.47;9.55;-0.14;0.69;-0.44;-0.07;-0.07;-0.07
13585;-0.38;-0.68;9.58;-0.14;0.69;-0.44;-0.14;-0.42;-0.35
13593;-0.42;-0.66;9.64;-0.14;0.68;-0.44;-0.21;-0.49;-0.07
13602;-0.48;-0.63;9.60;-0.14;0.68;-0.44;0.00;-0.28;-0.42
13611;-0.47;-0.57;9.58;-0.14;0.68;-0.44;0.14;-0.28;-0.28
13620;-0.52;-0.62;9.55;-0.15;0.68;-0.45;0.14;-0.35;-0.21
13628;-0.42;-0.60;9.51;-0.15;0.68;-0.45;0.21;-0.35;-0.21
13637;-0.40;-0.60;9.48;-0.15;0.68;-0.45;0.00;-0.35;-0.42
13646;-0.43;-0.62;9.60;-0.15;0.69;-0.43;0.14;-0.56;-0.28
13655;-0.33;-0.55;9.45;-0.15;0.69;-0.43;0.07;-0.35;-0.35
13663;-0.42;-0.56;9.53;-0.15;0.69;-0.43;0.14;-0.49;-0.42
13672;-0.45;-0.65;9.48;-0.14;0.68;-0.45;-0.35;-0.21;-0.42
13681;-0.37;-0.61;9.59;-0.14;0.68;-0.45;-0.42;-0.28;-0.35
13690;-0.39;-0.56;9.58;-0.14;0.68;-0.45;0.14;-0.70;-0.35
13698;-0.41;-0.60;9.66;-0.15;0.68;-0.46;-0.21;-0.35;-0.35
13707;-0.43;-0.57;9.48;-0.15;0.68;-0.46;-0.07;-0.42;-0.42
13716;-0.50;-0.64;9.68;-0.15;0.68;-0.46;0.00;0.14;-0.21
13725;-0.56;-0.52;9.68;-0.14;0.69;-0.45;-0.14;-1.05;-0.14
13733;-0.42;-0.54;9.58;-0.14;0.69;-0.45;-0.07;-0.49;-0.21
13742;-0.42;-0.60;9.61;-0.14;0.69;-0.45;0.14;-0.07;-0.35
13751;-0.29;-0.68;9.55;-0.14;0.69;-0.45;0.21;-0.35;0.07
13760;-0.44;-0.61;9.68;-0.14;0.69;-0.45;-0.07;-0.28;-0.21
13768;-0.45;-0.62;9.54;-0.14;0.69;-0.45;-0.07;-0.28;-0.28
13777;-0.42;-0.55;9.45;-0.14;0.69;-0.44;0.00;-0.28;-0.07
13786;-0.33;-0.61;9.60;-0.14;0.69;-0.44;0.00;-0.14;0.00
13795;-0.37;-0.65;9.57;-0.14;0.69;-0.44;0.07;-0.07;-0.14
13803;-0.36;-0.62;9.65;-0.14;0.69;-0.44;-0.14;-0.42;-0.35
13812;-0.35;-0.61;9.51;-0.14;0.69;-0.44;0.28;-0.42;-0.07
13821;-0.34;-0.57;9.53;-0.14;0.69;-0.44;-0.28;-0.56;-0.14
13830;-0.37;-0.62;9.49;-0.14;0.69;-0.44;0.07;-0.42;-0.07
13838;-0.34;-0.60;9.54;-0.14;0.69;-0.44;-0.07;-0.35;-0.21
13847;-0.40;-0.62;9.52;-0.15;0.69;-0.45;-17.85;-0.70;-0.35
13856;-0.42;-0.60;9.49;-0.15;0.69;-0.45;-0.14;-0.49;-0.35
13865;-0.37;-0.65;9.46;-0.15;0.69;-0.45;-0.14;-0.14;-0.14
13873;-0.44;-0.60;9.65;-0.15;0.69;-0.44;0.07;-0.28;-0.35
13882;-0.39;-0.57;9.50;-0.15;0.69;-0.44;-0.35;-0.28;-0.28
13891;-0.37;-0.60;9.50;-0.15;0.69;-0.44;0.14;-0.35;-0.28
13899;-0.42;-0.60;9.68;-0.14;0.69;-0.45;0.00;-0.42;-0.14
13908;-0.47;-0.66;9.59;-0.14;0.69;-0.45;0.00;-0.42;-0.07
13917;-0.42;-0.67;9.71;-0.14;0.69;-0.45;-0.14;-0.42;-0.56
13926;-0.42;-0.65;9.63;-0.14;0.69;-0.45;0.21;-0.42;-0.14
13935;-0.53;-0.52;9.63;-0.14;0.69;-0.45;0.00;-0.49;-0.21
13943;-0.39;-0.62;9.58;-0.14;0.69;-0.45;-0.21;-0.21;-0.35
13952;-0.45;-0.59;9.56;-0.14;0.68;-0.45;-0.07;-0.28;-0.28
13961;-0.36;-0.65;9.68;-0.14;0.68;-0.45;-0.14;-0.42;0.07
13970;-0.47;-0.65;9.53;-0.14;0.68;-0.45;0.35;-0.42;0.14
13978;-0.47;-0.62;9.55;-0.14;0.69;-0.44;0.07;-0.35;-0.28
13987;-0.46;-0.55;9.45;-0.14;0.69;-0.44;0.00;-0.42;-0.49
13996;-0.47;-0.62;9.63;-0.14;0.69;-0.44;0.00;-0.42;-0.21
14005;-0.47;-0.52;9.57;-0.14;0.69;-0.44;0.07;-0.35;-0.21
14013;-0.42;-0.57;9.57;-0.14;0.69;-0.44;-0.35;-0.49;-0.35
14022;-0.41;-0.60;9.60;-0.14;0.69;-0.44;0.07;-0.07;-0.21
14031;-0.45;-0.56;9.51;-0.15;0.69;-0.45;0.14;-0.35;0.07
14040;-0.37;-0.55;9.59;-0.15;0.69;-0.45;-0.49;-0.35;-0.07
14048;-0.45;-0.60;9.53;-0.15;0.69;-0.45;0.00;-0.28;-0.35
14057;-0.39;-0.60;9.50;-0.14;0.69;-0.44;0.00;-0.28;-0.28
14066;-0.47;-0.65;9.65;-0.14;0.69;-0.44;-0.42;-0.28;-0.14
14075;-0.39;-0.58;9.59;-0.14;0.69;-0.44;0.28;-0.56;-0.28
14083;-0.41;-0.56;9.48;-0.14;0.69;-0.44;-0.21;-0.49;-0.42
14092;-0.50;-0.57;9.52;-0.14;0.69;-0.44;-0.28;-0.42;-0.28
14101;-0.39;-0.57;9.53;-0.14;0.69;-0.44;-0.21;-0.63;-0.42
14110;-0.44;-0.59;9.74;-0.15;0.69;-0.44;0.07;-0.35;0.07
14118;-0.46;-0.61;9.55;-0.15;0.69;-0.44;0.14;-0.49;-0.14
14127;-0.37;-0.62;9.64;-0.15;0.69;-0.44;-0.63;-0.63;-0.49
14136;-0.43;-0.59;9.47;-0.14;0.68;-0.44;0.35;-0.42;-0.21
14145;-0.38;-0.55;9.63;-0.14;0.68;-0.44;0.00;-0.35;-0.35
14153;-0.45;-0.53;9.55;-0.14;0.68;-0.44;-0.42;-0.42;-0.63
14162;-0.40;-0.66;9.58;-0.14;0.68;-0.44;-0.35;-0.70;-0.21
14171;-0.42;-0.52;9.53;-0.14;0.68;-0.44;-0.42;-0.35;-0.21
14180;-0.45;-0.62;9.50;-0.14;0.68;-0.44;-0.07;-0.42;-0.28
14188;-0.40;-0.62;9.58;-0.14;0.68;-0.44;-0.35;-0.35;-0.35
14197;-0.38;-0.63;9.50;-0.14;0.68;-0.44;-0.42;-0.63;-0.28
14206;-0.43;-0.55;9.48;-0.14;0.69;-0.44;-0.28;-0.07;-0.14
14215;-0.41;-0.61;9.64;-0.14;0.69;-0.44;-17.78;-0.56;-0.56
14223;-0.46;-0.60;9.46;-0.14;0.69;-0.44;-0.35;-0.42;-0.42
14232;-0.37;-0.57;9.63;-0.14;0.69;-0.44;-0.35;-0.28;-0.07
14241;-0.45;-0.65;9.55;-0.14;0.69;-0.44;-0.35;-0.42;-0.21
14250;-0.42;-0.57;9.60;-0.14;0.69;-0.44;-0.56;-0.42;-0.21
14258;-0.45;-0.55;9.62;-0.14;0.69;-0.45;-0.56;-0.42;-0.21
14267;-0.50;-0.60;9.58;-0.14;0.69;-0.45;-0.14;-0.28;-0.14
14276;-0.50;-0.48;9.57;-0.14;0.69;-0.45;-0.56;-0.42;-0.42
14285;-0.45;-0.55;9.55;-0.14;0.69;-0.44;-0.14;-0.35;-0.14
14293;-0.49;-0.55;9.63;-0.14;0.69;-0.44;0.00;-0.56;-0.21
14302;-0.41;-0.60;9.67;-0.14;0.69;-0.44;0.07;-0.49;-0.21
14311;-0.39;-0.56;9.60;-0.15;0.68;-0.44;-0.14;-0.49;-0.21
14320;-0.41;-0.57;9.66;-0.15;0.68;-0.44;-0.14;-0.35;-0.42
14328;-0.37;-0.65;9.53;-0.15;0.68;-0.44;-0.14;-0.35;-0.28
14337;-0.47;-0.56;9.60;-0.14;0.69;-0.44;0.35;-0.28;-0.21
14346;-0.40;-0.61;9.60;-0.14;0.69;-0.44;0.07;-0.42;-0.21
14355;-0.37;-0.57;9.45;-0.14;0.69;-0.44;-0.07;-0.63;-0.42
14363;-0.40;-0.57;9.54;-0.14;0.69;-0.46;0.28;-0.56;-0.42
14372;-0.35;-0.60;9.52;-0.14;0.69;-0.46;0.35;-0.56;-0.28
14381;-0.45;-0.74;9.40;-0.14;0.69;-0.46;-0.14;-0.35;-0.49
14390;-0.44;-0.63;9.48;-0.14;0.69;-0.44;-0.07;-0.28;-0.21
14399;-0.38;-0.57;9.57;-0.14;0.69;-0.44;-0.28;-0.28;0.00
14407;-0.30;-0.60;9.43;-0.14;0.69;-0.44;-0.14;-0.70;-0.28
14416;-0.50;-0.65;9.55;-0.14;0.70;-0.44;0.00;-0.14;-0.21
14425;-0.45;-0.64;9.71;-0.14;0.70;-0.44;0.07;-0.42;-0.49
14433;-0.33;-0.61;9.65;-0.14;0.70;-0.44;-0.28;-0.28;-0.28
14442;-0.43;-0.62;9.55;-0.15;0.68;-0.43;0.14;-0.56;-0.21
14451;-0.46;-0.63;9.65;-0.15;0.68;-0.43;-0.21;-0.35;-0.28
14460;-0.36;-0.61;9.63;-0.15;0.68;-0.43;0.28;-0.14;0.07
14468;-0.48;-0.56;9.60;-0.15;0.69;-0.44;17.78;-0.84;0.21
14477;-0.44;-0.59;9.57;-0.15;0.69;-0.44;-0.28;-0.56;-0.28
14486;-0.46;-0.65;9.74;-0.15;0.69;-0.44;0.56;-0.28;-0.21
14495;-0.49;-0.54;9.53;-0.14;0.70;-0.44;0.07;-0.28;-0.21
14504;-0.43;-0.64;9.54;-0.14;0.70;-0.44;-0.14;-0.56;-0.35
14512;-0.48;-0.61;9.60;-0.14;0.70;-0.59;0.07;-0.35;-0.28
14521;-0.43;-0.65;9.53;-0.14;0.69;-0.45;0.07;-0.56;-0.42
14530;-0.42;-0.61;9.46;-0.14;0.69;-0.45;-0.21;-0.63;-0.49
14539;-0.43;-0.58;9.48;-0.15;0.69;-0.44;-0.21;-0.49;-0.21
14547;-0.44;-0.59;9.51;-0.15;0.69;-0.44;0.14;-0.49;-0.21
14556;-0.44;-0.57;9.52;-0.15;0.69;-0.44;-0.07;-0.14;-0.28
14565;-0.36;-0.60;9.63;-0.14;0.69;-0.45;-0.14;-0.28;-0.49
14574;-0.37;-0.60;9.52;-0.14;0.69;-0.45;-0.28;-0.49;-0.42
14582;-0.43;-0.56;9.58;-0.14;0.69;-0.45;0.07;-0.42;-0.21
14591;-0.42;-0.54;9.68;-0.15;0.69;-0.45;-0.07;-0.56;-0.14
14600;-0.43;-0.55;9.44;-0.15;0.69;-0.45;-0.28;-0.70;17.71
14609;-0.34;-0.60;9.63;-0.15;0.69;-0.45;-0.07;-0.49;-0.28
14617;-0.47;-0.63;9.67;-0.14;0.68;-0.44;-0.49;-0.21;-0.07
14626;-0.45;-0.57;9.59;-0.14;0.68;-0.44;-0.35;-0.49;-0.21
14635;-0.48;-0.52;9.55;-0.14;0.68;-0.44;0.00;-0.28;-0.14
14644;-0.42;-0.67;9.64;-0.15;0.68;-0.44;0.00;-0.49;-0.28
14652;-0.43;-0.67;9.60;-0.15;0.68;-0.44;0.07;-0.42;-0.14
14661;-0.46;-0.58;9.63;-0.15;0.68;-0.44;-0.07;-0.35;-0.42
14670;-0.41;-0.60;9.61;-0.13;0.69;-0.44;0.07;-0.42;-0.28
14679;-0.45;-0.60;9.43;-0.13;0.69;-0.44;0.00;-0.35;-0.42
14687;-0.43;-0.63;9.53;-0.13;0.69;-0.44;-0.56;-0.63;-0.28
14696;-0.46;-0.69;9.50;-0.15;0.69;-0.45;0.07;-0.28;-0.14
14705;-0.39;-0.48;9.47;-0.15;0.69;-0.45;0.07;0.00;-0.28
14714;-0.45;-0.61;9.51;-0.15;0.69;-0.45;0.28;-0.42;-0.14
14722;-0.36;-0.52;9.52;-0.14;0.69;-0.45;-0.14;-0.42;-0.28
14731;-0.37;-0.60;9.46;-0.14;0.69;-0.45;0.14;0.07;-0.21
14740;-0.54;-0.59;9.60;-0.14;0.69;-0.45;-0.14;-0.42;-0.21
14749;-0.45;-0.55;9.54;-0.15;0.69;-0.45;-0.07;-0.07;-0.14
14757;-0.37;-0.50;9.69;-0.15;0.69;-0.45;0.07;-0.70;-0.21
14766;-0.42;-0.62;9.66;-0.15;0.69;-0.45;-0.14;-0.42;-0.07
14775;-0.52;-0.59;9.57;-0.14;0.70;-0.45;-0.07;-0.28;-0.07
14784;-0.36;-0.58;9.53;-0.14;0.70;-0.45;-0.49;-0.21;-0.28
14792;-0.36;-0.57;9.63;-0.14;0.70;-0.45;0.14;-0.77;-0.35
14801;-0.40;-0.58;9.58;-0.14;0.69;-0.45;-0.21;-0.35;-0.14
14810;-0.45;-0.62;9.67;-0.14;0.69;-0.45;0.07;-0.63;-17.92
14819;-0.45;-0.60;9.63;-0.14;0.69;-0.45;-0.21;-0.42;-0.21
14828;-0.37;-0.61;9.66;-0.14;0.70;-0.44;-0.14;-0.56;-0.49
14836;-0.40;-0.58;9.49;-0.14;0.70;-0.44;-0.07;-0.28;-0.35
14845;-0.49;-0.63;9.61;-0.14;0.70;-0.44;0.21;-0.28;-0.07
14854;-0.50;-0.56;9.55;-0.15;0.68;-0.45;-0.07;-0.42;-0.07
14863;-0.37;-0.56;9.59;-0.15;0.68;-0.45;-0.14;-0.56;-0.28
14871;-0.42;-0.67;9.61;-0.15;0.68;-0.45;0.14;-0.35;-0.21
14880;-0.47;-0.63;9.46;-0.14;0.69;-0.45;-0.14;-0.63;-0.28
14889;-0.39;-0.57;9.50;-0.14;0.69;-0.45;0.35;-0.21;-0.28
14897;-0.45;-0.57;9.56;-0.15;0.69;-0.44;0.21;-0.28;-0.35
14906;-0.32;-0.55;9.53;-0.15;0.69;-0.44;-0.14;-0.63;-0.56
14915;-0.38;-0.66;9.51;-0.15;0.69;-0.44;-0.28;-0.42;-0.21
14924;-0.46;-0.65;9.56;-0.14;0.68;-0.44;-0.42;-0.49;-0.28
14932;-0.38;-0.65;9.51;-0.14;0.68;-0.44;-0.21;-0.56;-0.49
14941;-0.41;-0.64;9.62;-0.14;0.68;-0.44;-0.35;-0.42;-0.42
14950;-0.37;-0.62;9.48;-0.14;0.69;-0.45;-0.14;-0.63;-0.28
14959;-0.42;-0.57;9.58;-0.14;0.69;-0.45;-0.35;-0.56;0.07
14968;-0.38;-0.61;9.60;-0.14;0.69;-0.45;-0.28;-0.49;-0.35
14976;-0.45;-0.73;9.44;-0.14;0.69;-0.45;0.49;-0.63;-0.21
14985;-0.46;-0.65;9.65;-0.14;0.69;-0.45;-0.28;-0.14;-0.63
14994;-0.45;-0.59;9.63;-0.14;0.69;-0.45;0.00;-0.77;-0.35
15003;-0.37;-0.54;9.66;-0.14;0.69;-0.45;-0.21;-0.49;-0.21
complete
