Time(ms);AccX(m/s^2);AccY(m/s^2);AccZ(m/s^2);MagX(gauss);MagY(gauss);MagZ(gauss);GyroX(dps);GyroY(dps);GyroZ(dps)
33;-5.05;0.29;8.33;-0.07;0.35;-0.47;-8.82;-0.56;1.68
42;-5.13;0.23;8.35;-0.07;0.35;-0.47;-8.68;-0.84;2.17
50;-4.97;0.29;8.28;-0.07;0.35;-0.47;-6.02;-1.61;3.15
59;-5.00;0.43;8.37;-0.07;0.35;-0.47;-3.99;-2.10;3.29
68;-4.96;0.57;8.37;-0.07;0.35;-0.47;-3.85;-2.10;3.43
77;-5.02;0.47;8.26;-0.07;0.35;-0.47;-5.25;-2.94;2.73
85;-4.95;0.50;8.45;-0.08;0.35;-0.48;-6.79;-3.01;1.33
94;-4.97;0.50;8.33;-0.08;0.35;-0.48;-6.79;-2.59;0.98
103;-4.93;0.34;8.33;-0.08;0.35;-0.48;-5.32;-2.80;1.05
111;-4.90;0.38;8.29;-0.07;0.35;-0.48;-3.36;-2.45;1.05
120;-4.89;0.29;8.14;-0.07;0.35;-0.48;-1.68;-3.64;1.40
129;-4.97;0.34;8.30;-0.07;0.35;-0.48;-0.84;-3.78;1.61
138;-4.90;0.42;8.32;-0.07;0.35;-0.48;-1.47;-3.50;1.19
146;-4.95;0.43;8.40;-0.07;0.35;-0.48;-2.94;-2.87;1.12
155;-4.97;0.39;8.48;-0.07;0.35;-0.48;-3.29;-1.89;0.84
164;-5.01;0.47;8.40;-0.08;0.35;-0.48;-3.85;-0.70;0.56
173;-4.95;0.50;8.43;-0.08;0.35;-0.48;-2.45;-1.12;0.35
181;-5.04;0.36;8.35;-0.08;0.35;-0.48;-0.35;-0.98;1.19
190;-4.97;0.52;8.51;-0.07;0.35;-0.48;1.05;-0.21;1.05
199;-4.94;0.52;8.46;-0.07;0.35;-0.48;0.28;0.91;1.05
208;-5.00;0.50;8.41;-0.08;0.36;-0.48;-0.98;1.89;0.56
217;-5.10;0.44;8.39;-0.08;0.36;-0.48;-1.89;1.68;0.21
225;-5.05;0.32;8.45;-0.08;0.36;-0.48;-1.33;2.17;0.00
234;-5.04;0.19;8.30;-0.06;0.35;-0.49;-1.19;2.10;0.14
243;-4.92;0.29;8.38;-0.06;0.35;-0.49;-1.12;1.89;0.98
252;-4.89;0.35;8.36;-0.06;0.35;-0.49;0.00;2.24;1.75
260;-4.92;0.36;8.36;-0.07;0.35;-0.49;1.12;1.89;2.31
269;-4.95;0.33;8.33;-0.07;0.35;-0.49;1.96;1.12;2.10
278;-4.90;0.36;8.25;-0.07;0.35;-0.49;1.05;1.75;2.24
287;-5.00;0.40;8.34;-0.08;0.36;-0.48;-0.70;1.82;1.47
295;-4.89;0.31;8.35;-0.08;0.36;-0.48;-2.52;2.52;0.77
304;-4.87;0.36;8.46;-0.08;0.36;-0.48;-2.52;3.22;0.28
313;-4.84;0.30;8.39;-0.08;0.35;-0.48;-0.77;2.94;0.70
322;-4.92;0.32;8.31;-0.08;0.35;-0.48;1.19;2.45;1.05
331;-4.97;0.48;8.27;-0.08;0.35;-0.48;1.33;2.66;0.70
339;-4.97;0.45;8.18;-0.07;0.34;-0.48;0.14;2.87;0.49
348;-4.95;0.27;8.09;-0.07;0.34;-0.48;-0.42;2.45;0.42
357;-4.94;0.22;8.14;-0.07;0.34;-0.48;0.21;1.75;0.98
366;-4.83;0.33;7.93;-0.07;0.35;-0.46;1.12;0.77;1.47
374;-4.87;0.32;8.03;-0.07;0.35;-0.46;0.91;0.21;1.75
383;-4.89;0.40;8.18;-0.07;0.35;-0.46;-0.49;0.28;1.05
392;-4.99;0.34;8.26;-0.07;0.36;-0.48;-2.24;0.56;0.07
401;-5.00;0.35;8.25;-0.07;0.36;-0.48;-3.71;0.21;-0.42
409;-4.95;0.34;8.20;-0.07;0.36;-0.48;-2.87;-0.77;0.14
418;-4.85;0.32;8.30;-0.06;0.35;-0.49;-0.49;-2.38;1.12
427;-4.90;0.26;8.39;-0.06;0.35;-0.49;1.19;-3.29;1.54
436;-4.91;0.44;8.37;-0.06;0.35;-0.49;1.40;-2.38;1.61
444;-4.90;0.37;8.52;-0.06;0.35;-0.49;0.70;-1.33;1.19
453;-4.87;0.29;8.46;-0.06;0.35;-0.49;1.19;-0.63;1.12
462;-4.95;0.37;8.43;-0.06;0.35;-0.49;1.68;-0.49;0.70
471;-4.90;0.40;8.28;-0.08;0.35;-0.47;0.98;-0.14;0.14
479;-4.88;0.35;8.35;-0.08;0.35;-0.47;-0.07;-0.42;-0.42
488;-4.98;0.41;8.17;-0.08;0.35;-0.47;-0.91;-1.40;-1.12
497;-4.86;0.37;8.13;-0.07;0.34;-0.48;-1.19;-2.52;-0.70
506;-4.91;0.31;8.18;-0.07;0.34;-0.48;-1.47;-2.45;-0.35
515;-5.04;0.36;8.36;-0.07;0.34;-0.48;-1.33;-2.73;-0.21
523;-4.95;0.27;8.56;-0.07;0.34;-0.47;-1.89;-2.59;0.00
532;-4.99;0.27;8.56;-0.07;0.34;-0.47;-1.54;-0.91;0.07
541;-5.06;0.29;8.61;-0.06;0.34;-0.47;-0.28;-0.49;0.91
550;-5.12;0.25;8.54;-0.06;0.34;-0.47;1.54;0.14;1.47
558;-5.10;0.28;8.48;-0.06;0.34;-0.47;3.50;-0.28;1.96
567;-4.98;0.27;8.26;-0.08;0.34;-0.48;3.85;-0.35;2.24
576;-5.00;0.24;8.22;-0.08;0.34;-0.48;2.87;-0.07;2.38
585;-4.92;0.35;8.15;-0.08;0.34;-0.48;-0.14;0.07;1.19
594;-4.95;0.45;8.17;-0.07;0.35;-0.47;-3.15;0.28;0.07
602;-4.85;0.25;8.22;-0.07;0.35;-0.47;-4.69;0.21;-0.77
611;-4.96;0.25;8.57;-0.07;0.35;-0.47;-3.29;0.07;0.21
620;-4.88;0.33;8.43;-0.07;0.35;-0.48;-1.05;0.70;0.56
629;-4.93;0.45;8.46;-0.07;0.35;-0.48;0.56;1.61;0.77
637;-4.88;0.39;8.35;-0.07;0.35;-0.48;1.05;1.12;0.91
646;-4.92;0.41;8.23;-0.07;0.35;-0.48;1.19;0.84;0.56
655;-4.93;0.25;8.18;-0.07;0.35;-0.48;1.19;-0.14;0.63
664;-4.94;0.24;8.25;-0.07;0.35;-0.48;0.91;-1.61;0.56
672;-4.94;0.36;8.08;-0.07;0.35;-0.48;0.98;-1.75;0.42
681;-4.96;0.30;8.26;-0.07;0.35;-0.48;0.14;-2.10;0.63
690;-5.10;0.27;8.31;-0.07;0.35;-0.48;-0.56;-2.38;0.21
698;-4.94;0.29;8.26;-0.08;0.36;-0.48;-0.98;-2.31;-0.21
707;-4.92;0.34;8.28;-0.08;0.36;-0.48;-1.68;-2.03;-0.49
716;-4.86;0.27;8.38;-0.08;0.36;-0.48;-1.47;-1.26;-0.35
725;-4.85;0.29;8.31;-0.07;0.34;-0.48;-0.14;0.00;-0.35
733;-4.89;0.30;8.40;-0.07;0.34;-0.48;0.42;0.84;0.00
742;-4.93;0.28;8.32;-0.07;0.34;-0.48;1.12;1.54;0.21
751;-5.02;0.20;8.35;-0.08;0.34;-0.49;0.70;0.63;0.70
760;-5.04;0.21;8.23;-0.08;0.34;-0.49;1.75;0.35;1.40
768;-5.06;0.04;8.08;-0.08;0.34;-0.49;3.15;-0.70;1.96
777;-4.90;0.18;8.12;-0.07;0.34;-0.49;2.03;-0.63;2.31
786;-4.83;0.12;8.05;-0.07;0.34;-0.49;0.21;-0.84;1.96
795;-4.89;0.09;8.18;-0.07;0.34;-0.49;-1.75;-1.26;1.82
804;-4.82;0.22;8.19;-0.06;0.35;-0.49;-2.73;-2.17;1.47
812;-4.92;0.29;8.38;-0.06;0.35;-0.49;-2.87;-2.03;0.84
821;-4.99;0.33;8.33;-0.06;0.35;-0.49;-2.24;-1.61;1.33
830;-4.91;0.42;8.56;-0.07;0.36;-0.48;-1.75;-0.91;1.19
839;-5.02;0.37;8.47;-0.07;0.36;-0.48;-1.12;-0.28;1.40
848;-4.92;0.30;8.20;-0.07;0.36;-0.48;-0.21;-0.63;0.91
856;-4.93;0.30;8.19;-0.07;0.36;-0.48;0.14;-1.12;1.05
865;-4.98;0.24;8.18;-0.07;0.36;-0.48;0.63;-1.75;1.54
874;-4.92;0.32;8.24;-0.07;0.36;-0.48;0.63;-2.38;2.38
883;-4.97;0.34;8.41;-0.08;0.35;-0.48;-0.56;-1.96;2.03
891;-4.93;0.39;8.38;-0.08;0.35;-0.48;-1.40;-1.40;1.12
900;-5.01;0.50;8.32;-0.07;0.35;-0.48;-1.61;-1.40;0.98
909;-4.96;0.46;8.32;-0.07;0.35;-0.48;17.64;-1.96;0.77
918;-4.95;0.39;8.38;-0.07;0.35;-0.48;0.28;-2.03;0.07
926;-4.99;0.37;8.37;-0.07;0.35;-0.47;-0.28;-1.82;0.14
935;-5.02;0.32;8.44;-0.07;0.35;-0.47;-0.63;-1.82;0.63
944;-5.08;0.24;8.43;-0.07;0.35;-0.47;-1.33;-1.26;0.49
953;-5.00;0.21;8.40;-0.07;0.35;-0.47;-1.68;-0.63;0.56
961;-5.05;0.34;8.54;-0.07;0.35;-0.47;-0.91;0.00;0.84
970;-5.03;0.37;8.37;-0.07;0.35;-0.47;0.21;0.14;1.19
979;-5.02;0.35;8.28;-0.07;0.36;-0.47;1.05;0.14;1.33
988;-5.08;0.35;8.16;-0.07;0.36;-0.47;0.42;-0.63;1.12
996;-4.93;0.37;8.25;-0.07;0.36;-0.47;-0.70;-1.47;0.35
1005;-5.00;0.22;8.23;-0.07;0.35;-0.48;-0.98;-1.61;0.07
1014;-5.03;0.30;8.30;-0.07;0.35;-0.48;-1.54;-1.82;-0.14
1023;-4.97;0.36;8.37;-0.07;0.35;-0.48;-0.98;-1.68;-0.07
1032;-5.02;0.35;8.45;-0.08;0.35;-0.47;-0.63;-0.98;-0.14
1040;-5.02;0.39;8.31;-0.08;0.35;-0.47;-0.91;-0.84;-0.35
1049;-4.97;0.33;8.39;-0.08;0.35;-0.47;-0.35;-0.84;0.21
1058;-5.08;0.25;8.38;-0.07;0.35;-0.48;-0.35;-1.40;0.56
1067;-5.03;0.25;8.28;-0.07;0.35;-0.48;0.14;-1.68;0.84
1075;-5.01;0.32;8.31;-0.07;0.35;-0.48;-0.07;-1.05;1.54
1084;-5.02;0.30;8.35;-0.07;0.35;-0.47;-0.63;-0.14;1.61
1093;-5.00;0.34;8.30;-0.07;0.35;-0.47;-0.35;-0.70;1.19
1102;-4.80;0.37;8.26;-0.07;0.35;-0.47;-0.14;-0.42;0.84
1110;-4.87;0.29;8.31;-0.08;0.35;-0.48;-0.70;0.00;0.63
1119;-5.02;0.27;8.40;-0.08;0.35;-0.48;-0.63;-0.28;0.77
1128;-5.00;0.38;8.31;-0.08;0.35;-0.48;-0.56;-1.12;0.84
1137;-4.98;0.29;8.32;-0.08;0.35;-0.48;0.21;-1.05;0.77
1145;-4.92;0.37;8.36;-0.08;0.35;-0.48;-0.14;-0.98;0.91
1154;-4.90;0.40;8.28;-0.08;0.35;-0.48;-1.12;-0.49;0.28
1163;-4.89;0.34;8.30;-0.07;0.36;-0.48;-1.61;0.00;-0.56
1172;-4.97;0.34;8.28;-0.07;0.36;-0.48;-1.89;-0.07;-0.63
1181;-4.97;0.32;8.26;-0.07;0.36;-0.48;-2.24;-0.49;-0.70
1189;-5.08;0.26;8.26;-0.08;0.35;-0.48;-1.75;-1.47;-0.42
1198;-4.92;0.29;8.46;-0.08;0.35;-0.48;-1.40;-1.05;0.28
1207;-4.96;0.31;8.33;-0.08;0.35;-0.48;-1.26;-0.98;0.28
1216;-5.00;0.41;8.42;-0.08;0.35;-0.49;-0.14;-0.77;0.28
1225;-5.12;0.36;8.49;-0.08;0.35;-0.49;1.05;-0.42;0.77
1233;-5.06;0.35;8.41;-0.07;0.35;-0.48;1.26;0.00;0.56
1242;-4.95;0.29;8.27;-0.07;0.35;-0.48;0.49;0.42;0.63
1251;-5.05;0.22;8.25;-0.07;0.35;-0.48;-0.42;-0.14;0.49
1260;-5.01;0.27;8.27;-0.08;0.35;-0.49;-0.77;0.14;0.35
1268;-4.87;0.19;8.41;-0.08;0.35;-0.49;-1.68;-0.14;0.35
1277;-4.97;0.28;8.27;-0.08;0.35;-0.49;-1.40;0.14;0.56
1286;-4.89;0.22;8.27;-0.07;0.35;-0.48;-0.98;-0.35;0.56
1295;-5.04;0.27;8.28;-0.07;0.35;-0.48;-1.33;-0.49;0.35
1304;-5.08;0.29;8.24;-0.07;0.35;-0.48;-0.77;-0.84;0.70
1312;-5.00;0.22;8.09;-0.07;0.35;-0.48;0.56;-1.40;1.54
1321;-4.92;0.23;8.29;-0.07;0.35;-0.48;1.47;-1.82;2.24
1330;-4.92;0.27;8.28;-0.07;0.35;-0.48;1.68;-1.68;1.89
1339;-4.96;0.39;8.33;-0.07;0.35;-0.49;0.77;-1.33;1.82
1347;-4.93;0.50;8.31;-0.07;0.35;-0.49;-0.56;0.07;1.40
1356;-5.05;0.36;8.32;-0.07;0.35;-0.49;-2.45;-0.63;0.63
1365;-4.96;0.35;8.31;-0.08;0.35;-0.48;-3.43;-0.49;0.14
1374;-5.05;0.27;8.36;-0.08;0.35;-0.48;-2.87;-0.98;0.35
1382;-5.02;0.23;8.34;-0.08;0.35;-0.48;-1.12;-1.19;1.12
1391;-5.07;0.26;8.30;-0.07;0.35;-0.48;0.56;-1.75;1.82
1400;-4.90;0.27;8.28;-0.07;0.35;-0.48;1.54;-1.47;2.17
1409;-4.92;0.37;8.44;-0.07;0.35;-0.48;1.40;-0.70;1.89
1418;-4.95;0.42;8.32;-0.07;0.35;-0.48;-0.21;-0.35;1.68
1426;-5.08;0.36;8.26;-0.07;0.35;-0.48;-2.24;-0.28;0.49
1435;-5.02;0.38;8.41;-0.07;0.35;-0.48;-2.38;-0.49;0.49
1444;-5.05;0.28;8.46;-0.07;0.35;-0.49;-1.75;-0.49;0.49
1453;-5.00;0.42;8.43;-0.07;0.35;-0.49;-0.49;-0.14;1.40
1461;-4.99;0.45;8.34;-0.07;0.35;-0.49;0.35;-0.42;1.33
1470;-5.02;0.46;8.41;-0.07;0.34;-0.48;0.21;-0.56;0.63
1479;-5.04;0.39;8.26;-0.07;0.34;-0.48;0.00;0.63;0.84
1488;-4.97;0.27;8.34;-0.07;0.34;-0.48;-0.35;-0.07;1.05
1496;-4.92;0.32;8.28;-0.08;0.34;-0.47;0.28;-0.14;1.19
1505;-4.99;0.26;8.27;-0.08;0.34;-0.47;0.49;-0.98;1.47
1514;-5.02;0.27;8.36;-0.08;0.34;-0.47;-0.07;-0.98;1.47
1523;-4.95;0.33;8.43;-0.08;0.35;-0.46;-0.77;-0.35;1.47
1532;-5.03;0.46;8.45;-0.08;0.35;-0.46;-1.19;-0.07;1.19
1540;-5.09;0.45;8.48;-0.08;0.35;-0.46;-0.56;-0.07;1.40
1549;-5.04;0.35;8.26;-0.07;0.35;-0.49;0.14;-0.28;1.47
1558;-4.96;0.39;8.38;-0.07;0.35;-0.49;1.26;-0.63;1.82
1567;-4.97;0.45;8.23;-0.07;0.35;-0.48;0.56;-0.14;1.68
1575;-4.93;0.49;8.18;-0.07;0.34;-0.48;-0.84;-0.35;0.91
1584;-5.00;0.45;8.19;-0.07;0.34;-0.48;-1.89;-0.07;0.49
1593;-4.86;0.39;8.32;-0.07;0.35;-0.48;-1.54;0.21;0.35
1602;-4.87;0.34;8.28;-0.07;0.35;-0.48;-0.42;-0.07;0.56
1610;-4.93;0.39;8.38;-0.07;0.35;-0.48;0.84;-0.42;0.14
1619;-4.91;0.46;8.25;-0.07;0.34;-0.48;0.84;-0.07;0.07
1628;-4.90;0.37;8.23;-0.07;0.34;-0.48;0.70;-0.84;-0.35
1637;-4.99;0.38;8.36;-0.07;0.34;-0.48;-1.26;-1.19;-0.28
1645;-5.05;0.44;8.35;-0.08;0.35;-0.48;-2.73;-1.68;-0.77
1654;-5.02;0.32;8.30;-0.08;0.35;-0.48;-1.75;-1.89;-1.05
1663;-4.97;0.25;8.46;-0.08;0.35;-0.48;17.64;-1.47;0.07
1672;-5.04;0.22;8.33;-0.07;0.36;-0.49;1.33;-1.05;0.98
1681;-4.92;0.14;8.33;-0.07;0.36;-0.49;2.17;-0.77;0.91
1689;-5.00;0.19;8.21;-0.07;0.36;-0.49;1.89;-0.21;1.12
1698;-5.04;0.23;8.12;-0.07;0.35;-0.48;1.19;-0.21;1.05
1707;-4.93;0.23;8.16;-0.07;0.35;-0.48;-0.35;0.00;0.21
1716;-4.92;0.33;8.33;-0.07;0.35;-0.48;-0.98;-0.35;-0.35
1724;-5.03;0.29;8.31;-0.07;0.36;-0.48;-1.33;0.07;-0.77
1733;-5.02;0.30;8.33;-0.07;0.36;-0.48;-2.31;0.42;-0.56
1742;-4.94;0.24;8.36;-0.07;0.36;-0.48;-1.75;0.35;-1.05
1751;-5.02;0.22;8.15;-0.09;0.36;-0.48;-0.56;0.49;0.07
1760;-4.95;0.22;8.27;-0.09;0.36;-0.48;0.14;0.49;0.98
1768;-4.92;0.19;8.23;-0.09;0.36;-0.48;0.49;0.21;1.19
1777;-4.90;0.27;8.16;-0.07;0.35;-0.47;0.21;-0.28;1.26
1786;-4.94;0.29;8.12;-0.07;0.35;-0.47;-0.91;-1.68;0.63
1795;-4.98;0.31;8.24;-0.07;0.35;-0.47;-2.24;-2.45;-0.07
1804;-5.00;0.22;8.35;-0.07;0.35;-0.49;-3.08;-2.59;0.07
1812;-4.92;0.20;8.46;-0.07;0.35;-0.49;-2.10;-2.03;0.35
1821;-4.97;0.35;8.41;-0.07;0.35;-0.49;-1.47;-1.19;0.14
1830;-5.00;0.34;8.46;-0.07;0.34;-0.49;-0.91;-0.70;0.42
1839;-5.00;0.31;8.38;-0.07;0.34;-0.49;-0.28;0.49;0.21
1848;-5.03;0.29;8.35;-0.07;0.34;-0.49;0.28;0.63;0.07
1856;-5.02;0.25;8.23;-0.07;0.34;-0.49;0.70;0.07;0.56
1865;-5.04;0.12;8.23;-0.07;0.34;-0.49;1.61;-0.91;1.12
1874;-4.98;0.20;8.28;-0.07;0.34;-0.49;1.26;-1.26;1.33
1883;-4.97;0.32;8.25;-0.07;0.35;-0.48;0.70;-1.68;1.61
1891;-5.02;0.40;8.24;-0.07;0.35;-0.48;-0.77;-1.75;0.56
1900;-4.97;0.34;8.37;-0.07;0.35;-0.47;-1.96;-1.54;0.49
1909;-4.97;0.35;8.15;-0.08;0.35;-0.47;-2.66;-1.19;-0.07
1918;-5.00;0.41;8.28;-0.08;0.35;-0.47;-2.17;-2.03;0.28
1927;-5.02;0.35;8.41;-0.07;0.34;-0.49;-1.47;-2.17;0.07
1935;-4.95;0.38;8.36;-0.07;0.34;-0.49;-2.24;-1.96;0.07
1944;-5.08;0.36;8.52;-0.07;0.34;-0.49;-1.33;-1.33;0.07
1953;-5.06;0.34;8.56;-0.08;0.35;-0.49;-1.12;-0.49;0.14
1962;-5.12;0.22;8.40;-0.08;0.35;-0.49;0.14;-0.56;0.35
1970;-5.02;0.23;8.31;-0.08;0.35;-0.49;1.33;-0.70;1.33
1979;-5.01;0.14;8.27;-0.07;0.35;-0.48;1.61;-0.42;1.54
1988;-4.92;0.25;8.36;-0.07;0.35;-0.48;1.05;-0.28;1.82
1997;-5.00;0.37;8.26;-0.07;0.35;-0.48;-0.77;-0.42;0.98
2006;-4.92;0.36;8.28;-0.08;0.35;-0.48;-2.10;-0.28;0.07
2014;-5.00;0.42;8.24;-0.08;0.35;-0.48;-2.80;0.21;-1.12
2023;-5.10;0.34;8.38;-0.08;0.35;-0.48;-2.87;-0.07;-0.70
2032;-4.97;0.33;8.37;-0.07;0.35;-0.47;-1.68;-0.56;-0.63
2041;-5.10;0.28;8.41;-0.07;0.35;-0.47;-0.56;-0.63;0.00
2049;-4.99;0.28;8.38;-0.07;0.35;-0.47;0.28;-1.05;0.91
2058;-4.97;0.32;8.28;-0.08;0.35;-0.48;0.91;-1.47;1.61
2067;-5.10;0.33;8.36;-0.08;0.35;-0.48;1.33;-1.54;2.10
2076;-5.10;0.37;8.31;-0.08;0.35;-0.48;1.19;-1.61;2.03
2085;-5.02;0.31;8.20;-0.07;0.35;-0.47;1.12;-1.40;2.03
2093;-4.92;0.35;8.36;-0.07;0.35;-0.47;-0.56;-0.77;1.12
2102;-4.99;0.37;8.27;-0.07;0.35;-0.47;-1.82;-0.70;0.14
2111;-4.92;0.29;8.29;-0.07;0.34;-0.48;-3.08;-0.63;-0.49
2120;-4.95;0.37;8.42;-0.07;0.34;-0.48;-2.31;0.00;0.00
2128;-4.87;0.40;8.38;-0.07;0.34;-0.48;-1.12;-0.49;-0.35
2137;-5.01;0.49;8.31;-0.07;0.35;-0.47;0.07;-0.35;-0.28
2146;-5.05;0.40;8.35;-0.07;0.35;-0.47;0.70;-0.77;0.14
2155;-5.02;0.26;8.28;-0.07;0.35;-0.47;0.84;-1.05;0.35
2164;-5.05;0.31;8.30;-0.07;0.35;-0.48;0.63;-1.61;0.49
2172;-5.00;0.30;8.31;-0.07;0.35;-0.48;0.21;-1.40;0.70
2181;-5.07;0.27;8.38;-0.07;0.35;-0.48;-0.98;-0.98;0.28
2190;-4.95;0.33;8.41;-0.08;0.35;-0.48;-0.98;-0.91;-0.07
2199;-5.09;0.36;8.39;-0.08;0.35;-0.48;-1.68;0.14;-0.07
2208;-5.02;0.27;8.44;-0.08;0.35;-0.49;-0.70;-0.14;-0.28
2216;-5.08;0.24;8.37;-0.08;0.35;-0.49;0.35;-0.21;0.28
2225;-4.93;0.34;8.26;-0.08;0.35;-0.49;0.98;0.00;0.14
2234;-5.00;0.34;8.18;-0.07;0.34;-0.49;0.56;-0.14;0.21
2243;-5.00;0.24;8.08;-0.07;0.34;-0.49;0.21;0.28;-0.14
2251;-5.01;0.28;8.10;-0.07;0.34;-0.49;-0.21;-0.14;-0.14
2260;-5.01;0.21;8.14;-0.07;0.34;-0.49;-0.98;-0.63;-0.14
2269;-5.03;0.17;8.22;-0.07;0.34;-0.49;-0.98;-0.70;0.07
2278;-5.00;0.23;8.20;-0.07;0.34;-0.49;-0.14;-0.91;0.77
2287;-5.00;0.27;8.20;-0.07;0.35;-0.48;0.00;-1.26;1.54
2295;-4.98;0.34;8.26;-0.07;0.35;-0.48;-0.63;-1.61;1.19
2304;-4.98;0.29;8.26;-0.07;0.35;-0.48;-2.10;-1.12;0.35
2313;-4.97;0.31;8.40;-0.07;0.35;-0.49;-2.94;-1.33;17.85
2322;-4.95;0.30;8.31;-0.07;0.35;-0.49;-1.61;-1.61;0.42
2330;-4.92;0.29;8.29;-0.07;0.35;-0.49;-0.35;-1.61;0.77
2339;-5.02;0.37;8.40;-0.07;0.35;-0.49;-0.21;-0.77;0.56
2348;-4.93;0.37;8.43;-0.07;0.35;-0.49;0.00;0.21;0.35
2357;-5.00;0.29;8.36;-0.07;0.35;-0.49;-0.21;0.21;0.56
2365;-4.96;0.28;8.21;-0.08;0.35;-0.49;0.35;-0.35;0.56
2374;-5.04;0.14;8.41;-0.08;0.35;-0.49;1.26;-0.28;0.98
2383;-5.04;0.27;8.33;-0.08;0.35;-0.49;1.33;-0.77;0.91
2392;-4.97;0.31;8.14;-0.08;0.35;-0.48;-0.56;-1.33;0.49
2401;-5.05;0.27;8.24;-0.08;0.35;-0.48;-2.87;-1.75;0.49
2409;-5.02;0.22;8.20;-0.08;0.35;-0.48;-3.92;-1.61;0.07
2418;-4.97;0.22;8.34;-0.08;0.35;-0.49;-3.43;-1.68;0.56
2427;-5.03;0.35;8.27;-0.08;0.35;-0.49;-1.47;-1.12;1.26
2436;-5.00;0.35;8.36;-0.08;0.35;-0.49;0.49;-0.77;1.54
2445;-5.03;0.36;8.37;-0.06;0.35;-0.49;1.05;-1.05;1.75
2454;-4.99;0.39;8.18;-0.06;0.35;-0.49;0.91;-1.05;0.98
2462;-5.01;0.36;8.38;-0.06;0.35;-0.49;0.07;-1.26;0.84
2471;-5.11;0.26;8.34;-0.07;0.35;-0.48;-0.42;-1.54;1.05
2480;-5.06;0.29;8.27;-0.07;0.35;-0.48;-0.84;-1.47;1.26
2489;-5.00;0.30;8.38;-0.07;0.35;-0.48;0.00;-1.40;1.12
2497;-5.08;0.32;8.33;-0.06;0.35;-0.47;-0.49;-0.98;0.91
2506;-5.02;0.35;8.41;-0.06;0.35;-0.47;-0.70;-0.35;1.05
2515;-4.95;0.27;8.29;-0.06;0.35;-0.47;-0.84;-0.35;1.33
2524;-4.94;0.26;8.22;-0.07;0.36;-0.47;-0.63;-0.77;1.47
2532;-5.00;0.47;8.36;-0.07;0.36;-0.47;17.57;-1.05;1.54
2541;-5.00;0.36;8.36;-0.07;0.36;-0.48;-0.21;-1.05;1.61
2550;-4.97;0.55;8.42;-0.08;0.35;-0.48;0.63;-0.42;1.61
2559;-5.01;0.38;8.31;-0.08;0.35;-0.48;-0.28;-0.35;0.77
2567;-5.00;0.39;8.21;-0.08;0.35;-0.49;-0.63;-0.07;0.21
2576;-4.98;0.31;8.10;-0.08;0.35;-0.49;-1.68;-0.28;0.14
2585;-4.98;0.34;8.18;-0.08;0.35;-0.49;-0.84;-0.77;0.14
2594;-4.97;0.37;8.32;-0.08;0.35;-0.47;-0.49;-1.40;0.42
2602;-4.90;0.26;8.39;-0.08;0.35;-0.47;-0.77;-1.82;0.77
2611;-4.99;0.40;8.37;-0.08;0.35;-0.47;-0.21;-1.61;0.63
2620;-5.08;0.41;8.47;-0.08;0.36;-0.48;-0.35;-1.05;0.28
2629;-5.08;0.37;8.36;-0.08;0.36;-0.48;0.14;-0.21;0.07
2637;-5.11;0.30;8.39;-0.08;0.36;-0.48;0.63;0.63;0.21
2646;-5.08;0.17;8.32;-0.08;0.35;-0.48;0.77;0.70;0.49
2655;-5.13;0.24;8.23;-0.08;0.35;-0.48;0.98;0.49;0.98
2664;-5.01;0.22;8.23;-0.08;0.35;-0.48;0.63;-0.07;1.47
2673;-5.02;0.31;8.11;-0.07;0.35;-0.48;0.70;-0.49;1.19
2681;-4.89;0.32;8.13;-0.07;0.35;-0.48;0.35;-0.98;1.05
2690;-4.97;0.29;8.22;-0.07;0.35;-0.48;-0.63;-1.12;0.42
2699;-5.02;0.34;8.27;-0.08;0.34;-0.50;-1.61;-1.33;0.21
2708;-4.96;0.40;8.54;-0.08;0.34;-0.50;-0.91;-1.40;0.56
2717;-5.05;0.36;8.35;-0.08;0.34;-0.50;-0.21;-1.40;0.63
2725;-4.97;0.40;8.41;-0.08;0.35;-0.48;0.00;-0.91;0.77
2734;-4.83;0.41;8.35;-0.08;0.35;-0.48;-0.21;-0.98;0.21
2743;-4.92;0.44;8.35;-0.08;0.35;-0.48;-0.49;-0.49;-0.07
2752;-5.05;0.45;8.40;-0.07;0.35;-0.48;-0.98;-0.77;-0.77
2760;-5.08;0.38;8.41;-0.07;0.35;-0.48;-1.33;-1.12;-0.84
2769;-5.09;0.24;8.56;-0.07;0.35;-0.48;0.00;-0.70;-0.21
2778;-5.15;0.26;8.53;-0.07;0.36;-0.48;0.14;-0.49;-0.21
2787;-5.13;0.27;8.33;-0.07;0.36;-0.48;0.28;0.00;0.28
2795;-5.11;0.25;8.27;-0.07;0.36;-0.48;0.14;-0.21;0.56
2804;-5.12;0.35;8.31;-0.07;0.36;-0.48;0.49;-0.35;0.63
2813;-4.98;0.37;8.28;-0.07;0.36;-0.48;-0.49;-0.49;0.00
2822;-5.02;0.32;8.19;-0.07;0.36;-0.48;-0.84;-0.98;-0.42
2830;-5.07;0.26;8.23;-0.07;0.35;-0.49;-1.19;-0.35;-0.28
2839;-5.04;0.37;8.23;-0.07;0.35;-0.49;0.14;-0.28;-0.07
2848;-5.01;0.33;8.26;-0.07;0.35;-0.49;-0.14;-0.42;-0.28
2857;-4.99;0.35;8.33;-0.07;0.35;-0.47;1.05;0.00;0.77
2865;-4.97;0.26;8.18;-0.07;0.35;-0.47;1.05;-0.77;0.56
2874;-4.95;0.39;8.12;-0.07;0.35;-0.47;0.14;-0.98;-0.07
2883;-5.07;0.33;8.18;-0.08;0.36;-0.47;-1.47;-0.63;-0.49
2892;-5.00;0.26;8.30;-0.08;0.36;-0.47;-2.10;-0.98;-0.56
2901;-5.05;0.24;8.35;-0.07;0.35;-0.47;-2.10;-0.28;-0.07
2909;-5.05;0.19;8.41;-0.07;0.35;-0.47;-1.54;-0.35;-0.49
2918;-5.03;0.20;8.33;-0.07;0.35;-0.47;-0.14;-0.49;0.07
2927;-5.00;0.31;8.28;-0.07;0.36;-0.48;0.21;-0.42;0.07
2936;-4.92;0.27;8.31;-0.07;0.36;-0.48;0.49;-0.35;0.63
2945;-4.94;0.38;8.33;-0.07;0.36;-0.48;0.28;-1.05;0.56
2953;-4.90;0.32;8.15;-0.07;0.35;-0.46;-0.14;-1.26;0.42
2962;-4.92;0.29;8.38;-0.07;0.35;-0.46;-0.35;-1.12;0.63
2971;-5.01;0.39;8.23;-0.07;0.35;-0.46;0.42;-0.98;0.42
2980;-4.95;0.37;8.33;-0.08;0.36;-0.49;0.28;-0.77;0.00
2989;-4.96;0.32;8.25;-0.08;0.36;-0.49;-0.77;-0.49;-0.14
2997;-5.05;0.30;8.26;-0.08;0.36;-0.49;-1.82;-0.77;-0.14
3006;-5.10;0.39;8.48;-0.08;0.35;-0.48;-0.84;-0.42;0.07
3015;-5.08;0.35;8.37;-0.08;0.35;-0.48;0.21;-0.28;0.21
3024;-5.00;0.24;8.28;-0.08;0.35;-0.48;0.21;-0.07;0.28
3033;-4.95;0.19;8.21;-0.08;0.36;-0.48;-0.14;-0.28;0.63
3041;-5.02;0.23;8.06;-0.08;0.36;-0.48;17.85;-0.56;0.56
3050;-4.92;0.23;8.18;-0.08;0.36;-0.48;-0.77;-0.84;0.56
3059;-4.97;0.27;8.08;-0.08;0.36;-0.48;-0.63;-2.03;1.33
3068;-5.08;0.31;8.37;-0.08;0.36;-0.48;-0.63;-2.45;0.63
3076;-5.04;0.46;8.44;-0.08;0.36;-0.48;-0.49;-2.45;0.49
3085;-5.08;0.49;8.48;-0.07;0.35;-0.49;-0.42;-1.12;0.07
3094;-5.02;0.40;8.55;-0.07;0.35;-0.49;-0.42;-0.63;-0.84
3103;-5.02;0.42;8.41;-0.07;0.35;-0.49;-0.84;0.28;-0.70
3111;-5.20;0.33;8.34;-0.08;0.36;-0.48;-0.35;-0.21;0.07
3120;-5.02;0.27;8.15;-0.08;0.36;-0.48;0.49;-0.91;0.56
3129;-5.00;0.28;8.26;-0.08;0.36;-0.48;0.42;-1.47;0.91
3138;-5.03;0.29;8.23;-0.07;0.35;-0.46;-0.77;-1.19;0.70
3148;-5.14;0.27;8.40;-0.07;0.35;-0.46;-1.82;-0.07;0.07
3156;-5.01;0.36;8.46;-0.07;0.35;-0.46;-2.31;0.42;0.00
3165;-5.12;0.49;8.54;-0.08;0.35;-0.48;-1.12;0.63;0.49
3174;-5.10;0.43;8.33;-0.08;0.35;-0.48;0.98;-17.92;0.70
3183;-5.03;0.31;8.28;-0.09;0.35;-0.47;1.05;-0.42;0.21
3191;-5.08;0.31;8.28;-0.09;0.35;-0.47;0.00;0.00;0.42
3200;-5.05;0.36;8.15;-0.09;0.35;-0.47;-0.77;0.28;0.21
3209;-4.99;0.31;8.10;-0.09;0.35;-0.48;-1.05;-0.42;0.00
3218;-5.00;0.31;8.12;-0.09;0.35;-0.48;-1.19;-0.42;0.21
3226;-5.15;0.32;8.24;-0.09;0.35;-0.48;-0.63;-0.28;0.63
3235;-5.10;0.33;8.15;-0.08;0.35;-0.48;0.49;-0.28;1.19
3244;-5.05;0.29;8.18;-0.08;0.35;-0.48;0.98;-1.19;1.47
3253;-4.93;0.33;8.11;-0.08;0.35;-0.48;1.26;-0.98;1.75
3261;-4.93;0.39;8.18;-0.08;0.35;-0.49;0.21;-1.26;1.12
3270;-4.95;0.37;8.02;-0.08;0.35;-0.49;-0.21;-2.17;0.49
3279;-4.82;0.23;8.07;-0.08;0.35;-0.49;-0.84;-2.17;-0.28
3288;-5.05;0.31;8.23;-0.09;0.35;-0.50;-0.70;-2.24;0.28
3297;-5.02;0.34;8.41;-0.09;0.35;-0.50;-0.70;-2.10;0.21
3305;-5.05;0.40;8.31;-0.09;0.35;-0.50;-0.77;-1.26;0.56
3314;-5.03;0.34;8.36;-0.08;0.35;-0.47;0.21;-1.12;0.63
3323;-5.00;0.36;8.36;-0.08;0.35;-0.47;0.42;-1.05;0.35
3332;-5.11;0.41;8.32;-0.08;0.35;-0.47;0.70;-1.05;0.35
3340;-5.13;0.33;8.25;-0.09;0.34;-0.47;0.35;-1.54;0.49
3349;-4.97;0.24;8.24;-0.09;0.34;-0.47;-0.07;-1.26;1.19
3358;-5.10;0.27;8.30;-0.09;0.34;-0.47;-0.70;-1.33;0.56
3367;-5.13;0.37;8.25;-0.09;0.35;-0.47;-1.12;-1.05;0.21
3376;-5.14;0.29;8.30;-0.09;0.35;-0.47;-2.10;-0.77;0.28
3384;-5.03;0.37;8.33;-0.09;0.35;-0.47;-1.68;-0.28;0.28
3393;-5.09;0.38;8.28;-0.08;0.35;-0.48;-0.28;-0.63;0.98
3402;-5.00;0.37;8.31;-0.08;0.35;-0.48;0.63;-0.98;1.26
3411;-4.97;0.40;8.11;-0.08;0.35;-0.48;1.19;-1.61;0.84
3419;-4.97;0.45;8.26;-0.08;0.35;-0.48;0.91;-1.68;0.21
3428;-5.00;0.46;8.23;-0.08;0.35;-0.48;0.70;-2.10;-0.42
3437;-4.99;0.44;8.32;-0.08;0.35;-0.48;-0.63;-1.61;-0.84
3446;-5.08;0.23;8.21;-0.07;0.36;-0.48;-1.19;-2.38;-0.84
3455;-5.16;0.19;8.22;-0.07;0.36;-0.48;-1.40;-2.73;-0.98
3463;-5.03;0.13;8.26;-0.07;0.36;-0.48;-2.24;-2.59;-0.35
3472;-5.26;0.17;8.51;-0.08;0.35;-0.47;-2.10;-1.96;0.77
3481;-5.17;0.17;8.54;-0.08;0.35;-0.47;-1.19;-1.47;0.98
3490;-5.16;0.32;8.45;-0.08;0.35;-0.47;0.28;0.00;1.89
3498;-5.05;0.34;8.41;-0.08;0.34;-0.48;1.19;0.49;1.89
3507;-5.08;0.37;8.30;-0.08;0.34;-0.48;1.54;0.35;1.68
3516;-5.02;0.43;8.15;-0.08;0.35;-0.47;0.98;0.28;0.63
3525;-5.05;0.37;8.19;-0.08;0.35;-0.47;-1.47;0.14;0.35
3533;-5.06;0.40;8.28;-0.08;0.35;-0.47;-1.96;-0.35;-0.14
3542;-4.94;0.31;8.25;-0.08;0.34;-0.49;-1.33;-0.63;-0.56
3551;-5.02;0.32;8.19;-0.08;0.34;-0.49;0.21;-0.77;-0.56
3560;-4.97;0.32;8.25;-0.08;0.34;-0.49;-0.21;-1.33;0.07
3569;-5.06;0.29;8.11;-0.08;0.35;-0.47;-0.49;-1.89;0.28
3578;-5.01;0.32;8.26;-0.08;0.35;-0.47;-0.56;-2.52;0.42
3586;-5.04;0.29;8.31;-0.08;0.35;-0.47;-0.77;-2.10;0.56
3595;-4.97;0.28;8.36;-0.08;0.35;-0.48;-0.56;-0.98;1.05
3604;-5.06;0.39;8.38;-0.08;0.35;-0.48;-0.63;-0.42;0.63
3613;-5.04;0.39;8.33;-0.08;0.35;-0.48;0.28;0.70;0.42
3621;-5.07;0.40;8.30;-0.07;0.35;-0.49;1.12;0.70;0.07
3630;-4.97;0.32;8.24;-0.07;0.35;-0.49;1.19;0.21;-0.14
3639;-5.00;0.34;8.02;-0.07;0.35;-0.49;1.75;-0.98;-0.14
3648;-5.05;0.24;8.02;-0.07;0.35;-0.49;1.68;-2.59;-0.07
3657;-5.03;0.12;8.10;-0.07;0.35;-0.49;0.28;-2.80;0.14
3665;-5.06;0.17;8.33;-0.07;0.35;-0.49;-0.35;-2.87;0.07
3674;-5.00;0.17;8.28;-0.08;0.36;-0.47;-0.70;-2.52;0.28
3683;-5.08;0.24;8.26;-0.08;0.36;-0.47;-1.05;-1.12;0.77
3692;-4.98;0.30;8.26;-0.08;0.36;-0.47;-1.33;-1.12;1.05
3700;-5.08;0.34;8.29;-0.08;0.35;-0.49;-0.84;-1.61;0.77
3709;-5.05;0.32;8.26;-0.08;0.35;-0.49;-0.70;-1.82;0.70
3718;-5.14;0.38;8.26;-0.08;0.35;-0.49;-0.07;-2.24;0.63
3727;-5.08;0.37;8.28;-0.07;0.34;-0.48;0.56;-2.80;0.49
3736;-5.05;0.44;8.34;-0.07;0.34;-0.48;-0.49;-2.73;0.35
3744;-4.97;0.35;8.25;-0.07;0.34;-0.48;-0.49;-2.38;0.42
3753;-5.14;0.31;8.33;-0.08;0.35;-0.48;0.00;-2.38;-0.84
3762;-4.97;0.32;8.33;-0.08;0.35;-0.48;0.70;-1.61;0.63
3771;-5.08;0.36;8.18;-0.08;0.35;-0.48;0.63;-0.98;0.84
3779;-5.09;0.37;8.08;-0.09;0.36;-0.47;0.07;-0.91;0.35
3788;-5.10;0.32;8.20;-0.09;0.36;-0.47;-1.54;-1.19;0.28
3797;-5.20;0.22;8.19;-0.09;0.36;-0.47;-3.64;-1.40;-0.35
3806;-5.14;0.14;8.32;-0.09;0.35;-0.49;-3.71;-1.19;0.07
3815;-5.10;0.27;8.27;-0.09;0.35;-0.49;-0.98;-1.26;1.12
3823;-5.08;0.35;8.30;-0.09;0.35;-0.49;1.05;-1.54;1.26
3832;-5.02;0.43;8.28;-0.07;0.35;-0.48;1.89;-1.33;1.89
3841;-4.96;0.43;8.08;-0.07;0.35;-0.48;2.31;-1.89;1.82
3850;-4.90;0.45;8.16;-0.08;0.35;-0.49;1.75;-1.61;0.56
3859;-5.01;0.43;8.08;-0.08;0.35;-0.49;-0.21;-1.33;-0.42
3867;-4.97;0.39;8.25;-0.08;0.35;-0.49;-1.82;-0.70;-0.91
3876;-5.12;0.34;8.27;-0.08;0.36;-0.47;-2.31;-1.05;-0.63
3885;-5.17;0.25;8.38;-0.08;0.36;-0.47;-0.98;-1.05;-0.21
3894;-5.16;0.30;8.32;-0.08;0.36;-0.47;-0.14;-1.12;-0.21
3902;-5.18;0.28;8.33;-0.08;0.35;-0.47;-0.77;-0.49;0.21
3911;-5.23;0.21;8.28;-0.08;0.35;-0.47;-1.47;-0.70;0.14
3920;-5.18;0.15;8.24;-0.08;0.35;-0.47;-1.12;-0.14;0.56
3929;-5.12;0.23;8.32;-0.07;0.35;-0.47;0.28;-0.35;1.26
3938;-5.05;0.27;8.23;-0.07;0.35;-0.47;1.26;-0.42;1.89
3946;-5.08;0.39;8.22;-0.07;0.35;-0.47;1.61;0.14;1.33
3955;-5.00;0.48;8.30;-0.09;0.34;-0.48;-0.21;0.70;0.28
3964;-4.95;0.47;8.22;-0.09;0.34;-0.48;-1.19;0.63;-0.35
3973;-5.09;0.34;8.17;-0.09;0.34;-0.48;-1.26;-0.56;-0.35
3981;-5.11;0.32;8.27;-0.08;0.35;-0.48;0.00;-1.61;-0.14
3990;-5.17;0.26;8.13;-0.08;0.35;-0.48;0.07;-2.10;0.77
3999;-5.17;0.32;8.23;-0.08;0.35;-0.48;0.00;-2.03;1.12
4008;-5.17;0.29;8.23;-0.09;0.36;-0.47;-0.28;-2.10;1.33
4016;-5.02;0.37;8.25;-0.09;0.36;-0.47;-0.98;-1.96;1.12
4025;-5.32;0.29;8.12;-0.09;0.36;-0.47;-1.33;-2.38;1.54
4034;-5.00;0.22;8.15;-0.09;0.35;-0.49;-0.84;-1.89;1.40
4043;-5.14;0.31;8.21;-0.09;0.35;-0.49;0.35;-2.31;1.12
4051;-5.11;0.34;8.25;-0.09;0.35;-0.49;0.91;-1.96;1.33
4060;-5.25;0.33;8.18;-0.08;0.35;-0.48;0.35;-1.47;1.40
4069;-5.13;0.30;8.23;-0.08;0.35;-0.48;0.28;-1.47;1.19
4078;-5.15;0.33;8.28;-0.08;0.35;-0.48;-0.91;-1.33;0.98
4086;-5.21;0.35;8.31;-0.08;0.35;-0.48;-1.05;-0.56;1.19
4095;-5.02;0.41;8.41;-0.08;0.35;-0.48;-0.49;17.85;0.91
4104;-5.08;0.30;8.35;-0.08;0.35;-0.48;-0.35;0.63;0.77
4113;-5.07;0.37;8.13;-0.08;0.35;-0.49;-0.98;0.98;0.84
4122;-5.10;0.40;8.07;-0.08;0.35;-0.49;-2.17;0.21;0.21
4131;-5.02;0.24;8.10;-0.08;0.35;-0.49;-2.03;-0.35;0.00
4139;-5.11;0.31;8.31;-0.08;0.35;-0.47;-1.19;-0.63;0.70
4148;-5.02;0.37;8.28;-0.08;0.35;-0.47;-0.77;-1.26;1.05
4157;-5.11;0.37;8.23;-0.08;0.35;-0.47;0.42;-1.96;1.05
4166;-5.07;0.31;8.27;-0.08;0.35;-0.47;0.35;-1.19;0.70
4175;-5.18;0.39;8.20;-0.08;0.35;-0.47;-0.14;-0.42;0.56
4183;-5.11;0.26;8.11;-0.08;0.36;-0.48;-1.12;0.07;0.00
4192;-5.15;0.30;8.20;-0.08;0.36;-0.48;-1.68;-0.28;-0.21
4201;-5.19;0.19;8.13;-0.08;0.36;-0.48;-1.61;-0.49;0.28
4210;-5.13;0.31;8.05;-0.09;0.35;-0.47;-0.84;-0.98;0.49
4219;-5.08;0.33;8.13;-0.09;0.35;-0.47;-0.49;-1.12;0.14
4227;-5.03;0.32;8.15;-0.09;0.35;-0.47;-1.40;-0.42;-0.35
4236;-4.98;0.37;8.08;-0.09;0.35;-0.48;-1.75;0.14;-0.14
4245;-5.11;0.29;8.31;-0.09;0.35;-0.48;-1.26;0.42;-0.70
4254;-5.19;0.36;8.22;-0.09;0.35;-0.48;-0.91;0.70;-1.05
4262;-5.20;0.39;8.36;-0.08;0.35;-0.48;0.42;-0.21;0.28
4271;-5.08;0.37;8.23;-0.08;0.35;-0.48;1.26;-0.49;0.91
4280;-5.10;0.37;8.18;-0.08;0.35;-0.48;0.77;-1.05;1.19
4289;-5.05;0.45;8.31;-0.08;0.35;-0.47;-0.42;-1.05;0.42
4298;-5.25;0.34;8.29;-0.08;0.35;-0.47;-2.17;-0.70;0.21
4306;-5.16;0.32;8.31;-0.08;0.35;-0.47;-2.52;-0.77;0.07
4315;-5.13;0.27;8.30;-0.08;0.35;-0.49;-1.26;-1.12;0.07
4324;-5.15;0.34;8.33;-0.08;0.35;-0.49;-0.21;-0.70;0.63
4333;-5.13;0.36;8.43;-0.08;0.35;-0.49;0.77;0.14;0.77
4341;-5.13;0.42;8.26;-0.08;0.35;-0.48;0.35;0.14;0.63
4350;-5.07;0.33;8.23;-0.08;0.35;-0.48;0.63;0.42;0.35
4359;-5.13;0.46;8.24;-0.08;0.35;-0.48;-0.14;0.07;-0.21
4368;-5.10;0.39;8.21;-0.09;0.35;-0.49;-0.84;-0.35;-0.77
4377;-5.08;0.32;8.09;-0.09;0.35;-0.49;-1.26;0.00;-0.84
4385;-5.13;0.34;8.19;-0.09;0.35;-0.49;-1.26;-0.35;-0.21
4394;-5.12;0.37;8.17;-0.09;0.35;-0.48;-1.05;-0.21;-0.35
4403;-5.15;0.29;8.25;-0.09;0.35;-0.48;-0.63;-0.35;0.00
4412;-5.18;0.37;8.24;-0.09;0.35;-0.48;-0.28;-0.84;0.49
4420;-5.12;0.27;8.22;-0.08;0.34;-0.48;-0.49;-1.19;0.70
4429;-5.13;0.32;8.16;-0.08;0.34;-0.48;-0.84;-2.17;0.84
4438;-5.13;0.31;8.16;-0.08;0.34;-0.48;-2.24;-2.17;0.28
4447;-5.03;0.28;8.30;-0.09;0.34;-0.47;-3.36;-1.96;0.56
4456;-5.14;0.47;8.42;-0.09;0.34;-0.47;-2.94;-1.26;0.42
4464;-5.14;0.39;8.35;-0.09;0.34;-0.47;-1.68;0.07;0.91
4473;-5.10;0.44;8.24;-0.09;0.34;-0.47;-0.91;0.21;0.35
4482;-5.03;0.39;8.21;-0.09;0.34;-0.47;0.42;0.56;0.56
4491;-5.13;0.32;8.03;-0.09;0.34;-0.47;-0.14;-0.49;0.42
4499;-5.18;0.25;7.95;-0.09;0.35;-0.47;-0.56;-2.31;0.77
4508;-5.07;0.23;8.06;-0.09;0.35;-0.47;-1.82;-2.94;0.91
4517;-5.08;0.31;8.18;-0.09;0.34;-0.48;-2.73;-2.52;1.26
4526;-5.15;0.34;8.27;-0.09;0.34;-0.48;-3.36;-1.54;0.49
4534;-5.13;0.37;8.23;-0.09;0.34;-0.48;-1.96;-0.63;0.91
4543;-5.02;0.39;8.18;-0.09;0.34;-0.48;-0.21;0.28;0.63
4552;-5.07;0.38;8.20;-0.09;0.34;-0.48;-0.70;0.63;0.56
4561;-5.02;0.27;8.18;-0.09;0.34;-0.48;-1.47;0.63;0.00
4569;-5.15;0.36;8.17;-0.09;0.35;-0.47;-0.77;-0.14;-0.35
4578;-5.17;0.32;8.21;-0.09;0.35;-0.47;0.70;-0.56;0.63
4587;-5.20;0.29;8.18;-0.09;0.35;-0.47;1.47;-0.84;1.26
4596;-5.04;0.32;8.16;-0.08;0.34;-0.48;1.54;-0.91;1.40
4604;-5.10;0.37;8.25;-0.08;0.34;-0.48;0.63;0.35;0.70
4613;-5.11;0.34;8.08;-0.08;0.34;-0.48;-1.75;-0.07;0.35
4622;-5.06;0.33;8.18;-0.09;0.35;-0.47;-2.94;-0.49;-0.21
4631;-5.13;0.39;8.18;-0.09;0.35;-0.47;-3.01;-0.98;0.42
4639;-5.13;0.34;8.30;-0.09;0.35;-0.47;-2.24;-0.63;0.77
4648;-5.13;0.36;8.33;-0.09;0.35;-0.47;-0.91;-0.21;1.33
4657;-5.08;0.48;8.33;-0.09;0.35;-0.47;0.00;0.07;1.61
4666;-5.18;0.34;8.26;-0.09;0.35;-0.47;0.91;-0.14;1.82
4675;-5.10;0.45;8.15;-0.09;0.35;-0.47;0.77;-0.98;1.47
4683;-5.04;0.41;8.23;-0.09;0.35;-0.47;0.14;-0.77;1.54
4692;-5.08;0.36;8.25;-0.09;0.35;-0.47;-0.56;-0.63;1.05
4701;-5.17;0.41;8.21;-0.09;0.35;-0.47;-1.68;-0.63;0.49
4710;-5.18;0.47;8.48;-0.09;0.35;-0.47;-1.89;-0.70;0.14
4719;-5.12;0.48;8.36;-0.09;0.35;-0.47;-2.38;-0.63;-0.28
4727;-5.15;0.46;8.43;-0.08;0.35;-0.47;-2.59;-0.63;-0.42
4736;-5.13;0.38;8.23;-0.08;0.35;-0.47;-1.47;-0.91;-0.14
4745;-5.10;0.42;8.26;-0.08;0.35;-0.47;-0.42;-1.12;0.49
4754;-5.13;0.37;8.20;-0.09;0.35;-0.47;0.21;-0.98;0.63
4763;-5.12;0.32;8.25;-0.09;0.35;-0.47;0.35;-0.28;1.19
4771;-5.04;0.40;8.19;-0.09;0.35;-0.47;0.35;0.14;1.12
4780;-5.08;0.39;8.23;-0.08;0.35;-0.48;-0.14;0.77;0.77
4789;-5.07;0.51;8.37;-0.08;0.35;-0.48;-0.84;1.61;-0.14
4798;-5.18;0.57;8.21;-0.08;0.35;-0.48;-1.61;1.33;-0.35
4807;-5.15;0.63;8.15;-0.09;0.34;-0.48;-1.68;-0.07;-0.63
4815;-4.97;0.46;8.20;-0.09;0.34;-0.48;-1.19;-1.26;-0.56
4824;-5.10;0.45;8.11;-0.09;0.34;-0.48;-0.28;-1.82;-0.77
4833;-5.15;0.45;8.16;-0.08;0.34;-0.48;0.21;-2.17;-0.28
4842;-5.11;0.44;8.23;-0.08;0.34;-0.48;-0.56;-1.47;-0.77
4850;-5.07;0.48;8.37;-0.09;0.35;-0.47;-1.68;-0.35;-0.63
4859;-5.11;0.40;8.36;-0.09;0.35;-0.47;-1.68;0.84;-0.70
4868;-5.12;0.34;8.28;-0.09;0.35;-0.47;-1.26;0.21;-0.63
4877;-5.25;0.33;8.21;-0.08;0.35;-0.48;0.07;-0.77;0.49
4885;-5.19;0.37;8.23;-0.08;0.35;-0.48;0.42;-1.05;0.77
4894;-5.16;0.40;8.23;-0.08;0.35;-0.48;0.14;-1.05;0.98
4903;-5.14;0.52;8.32;-0.09;0.35;-0.47;-0.49;-0.91;0.42
4912;-5.08;0.45;8.31;-0.09;0.35;-0.47;-0.56;0.14;-0.35
4920;-5.12;0.51;8.38;-0.09;0.35;-0.47;0.07;0.98;-0.28
4929;-5.10;0.40;8.20;-0.08;0.35;-0.47;0.98;1.40;-0.70
4938;-5.10;0.44;8.14;-0.08;0.35;-0.47;1.26;1.75;-1.12
4947;-5.12;0.39;8.09;-0.08;0.35;-0.47;1.12;0.77;-0.84
4956;-5.09;0.35;8.11;-0.09;0.34;-0.47;-0.07;-0.70;-0.63
4964;-4.99;0.36;8.13;-0.09;0.34;-0.47;-0.84;-1.75;-0.84
4973;-5.08;0.31;8.24;-0.09;0.34;-0.47;-0.56;-2.03;-0.42
4982;-5.13;0.37;8.30;-0.09;0.35;-0.47;-1.33;-1.75;-0.49
4991;-5.15;0.33;8.27;-0.09;0.35;-0.47;-1.68;-1.19;-0.14
4999;-5.09;0.33;8.29;-0.09;0.35;-0.47;-0.98;-0.77;0.00
5008;-5.12;0.33;8.41;-0.09;0.35;-0.46;0.21;-0.21;0.35
5017;-5.14;0.38;8.20;-0.09;0.35;-0.46;0.63;0.70;-0.14
5026;-5.06;0.37;8.32;-0.09;0.35;-0.46;0.21;1.33;0.07
5034;-5.10;0.47;8.20;-0.08;0.35;-0.48;0.28;1.47;-0.91
5043;-5.05;0.37;8.15;-0.08;0.35;-0.48;-0.42;0.98;-1.33
5052;-5.19;0.33;8.10;-0.08;0.35;-0.48;-0.77;0.00;-0.91
5061;-5.19;0.30;8.20;-0.09;0.35;-0.48;-0.21;-1.12;0.14
5070;-5.11;0.37;8.20;-0.09;0.35;-0.48;-0.35;-2.03;0.35
5078;-5.14;0.34;8.28;-0.09;0.35;-0.48;0.07;-1.89;0.49
5087;-5.08;0.22;8.36;-0.10;0.35;-0.49;-0.35;-1.26;0.14
5096;-5.09;0.31;8.40;-0.10;0.35;-0.49;-1.12;-0.07;0.14
5105;-5.08;0.33;8.30;-0.10;0.35;-0.49;-1.96;0.77;-0.14
5113;-5.05;0.34;8.18;-0.08;0.35;-0.48;-1.96;1.82;-0.49
5122;-5.15;0.37;8.14;-0.08;0.35;-0.48;-1.33;2.59;-0.21
5131;-5.10;0.45;8.06;-0.08;0.35;-0.48;0.35;2.52;-17.92
5140;-4.99;0.32;8.05;-0.09;0.36;-0.46;0.49;1.75;-0.42
5149;-5.03;0.29;7.91;-0.09;0.36;-0.46;-0.49;0.56;-0.56
5157;-5.02;0.39;7.98;-0.09;0.36;-0.46;-1.26;-0.49;-0.56
5166;-5.20;0.19;8.08;-0.09;0.34;-0.47;-2.80;-1.68;-1.12
5175;-5.13;0.30;8.18;-0.09;0.34;-0.47;-3.57;-1.33;-1.12
5184;-5.04;0.44;8.23;-0.08;0.34;-0.47;-4.48;-0.49;-1.54
5193;-5.11;0.39;8.33;-0.08;0.34;-0.47;-6.23;0.35;-1.96
5202;-5.02;0.47;8.43;-0.08;0.34;-0.47;-6.79;1.40;-2.45
5210;-5.11;0.42;8.23;-0.08;0.36;-0.48;-6.86;1.05;-1.75
5219;-5.08;0.35;8.27;-0.08;0.36;-0.48;-4.20;-0.28;-0.91
5228;-5.17;0.40;8.35;-0.08;0.36;-0.48;-2.03;-1.33;0.35
5237;-5.02;0.44;8.31;-0.08;0.35;-0.47;-0.84;-1.68;0.98
5245;-5.11;0.52;8.47;-0.08;0.35;-0.47;-0.07;-1.26;1.19
5254;-5.13;0.49;8.36;-0.08;0.35;-0.47;0.84;-0.35;1.19
5263;-5.07;0.47;8.28;-0.09;0.35;-0.47;1.05;0.28;0.98
5272;-5.07;0.39;8.24;-0.09;0.35;-0.47;1.05;0.84;0.91
5280;-5.08;0.41;8.20;-0.09;0.35;-0.47;1.12;1.26;0.56
5289;-5.13;0.34;8.14;-0.08;0.34;-0.47;-0.35;0.70;0.14
5298;-5.05;0.44;8.15;-0.08;0.34;-0.47;-1.75;0.28;-17.85
5307;-5.15;0.39;8.17;-0.08;0.34;-0.47;-2.31;-0.49;-0.07
5316;-5.08;0.36;8.28;-0.09;0.34;-0.47;-1.61;-1.26;0.49
5324;-5.10;0.35;8.36;-0.09;0.34;-0.47;-0.42;-1.26;1.40
5333;-5.10;0.33;8.33;-0.09;0.34;-0.47;0.63;-1.26;2.03
5342;-5.11;0.52;8.31;-0.09;0.34;-0.47;0.63;-0.70;1.82
5351;-5.05;0.42;8.20;-0.09;0.34;-0.47;-0.21;-0.70;1.68
5359;-4.97;0.51;8.23;-0.09;0.34;-0.47;-0.21;-0.28;1.40
5368;-5.04;0.50;8.24;-0.09;0.35;-0.48;-0.63;0.28;1.33
5377;-5.20;0.54;8.16;-0.09;0.35;-0.48;-1.05;1.26;0.84
5386;-4.97;0.63;8.26;-0.09;0.35;-0.48;-1.33;0.98;0.07
5395;-5.04;0.55;8.19;-0.08;0.34;-0.47;-1.75;0.28;-0.14
5403;-5.09;0.42;8.31;-0.08;0.34;-0.47;-1.40;0.56;0.28
5412;-5.12;0.43;8.32;-0.08;0.34;-0.47;-0.28;0.00;0.77
5421;-5.28;0.45;8.37;-0.08;0.35;-0.48;0.56;-0.42;1.26
5430;-5.12;0.37;8.20;-0.08;0.35;-0.48;0.42;-0.56;1.33
5439;-5.07;0.54;8.23;-0.08;0.35;-0.48;-0.42;-0.63;1.47
5447;-4.96;0.57;8.21;-0.08;0.34;-0.47;-0.70;-0.21;1.12
5456;-5.02;0.56;8.24;-0.08;0.34;-0.47;-1.19;0.00;0.35
5465;-5.08;0.59;8.22;-0.08;0.34;-0.47;-1.33;0.42;-0.14
5473;-5.13;0.57;8.41;-0.08;0.35;-0.48;-2.17;0.56;-0.28
5482;-4.96;0.52;8.27;-0.08;0.35;-0.48;-1.89;0.42;-0.21
5491;-5.04;0.46;8.32;-0.08;0.35;-0.48;-1.68;0.35;-0.70
5500;-5.13;0.39;8.23;-0.09;0.35;-0.48;-1.68;-0.49;-0.70
5509;-5.06;0.43;8.20;-0.09;0.35;-0.48;-0.84;-0.91;-0.07
5517;-5.08;0.43;8.32;-0.09;0.34;-0.47;0.91;-1.40;0.70
5526;-5.00;0.41;8.26;-0.09;0.34;-0.47;0.98;-0.63;0.49
5535;-5.02;0.53;8.25;-0.09;0.34;-0.47;-2.10;0.77;-0.63
5544;-4.93;0.71;8.32;-0.08;0.35;-0.47;-5.46;2.38;-2.87
5553;-4.92;0.88;8.27;-0.08;0.35;-0.47;-13.09;5.11;-6.37
5561;-5.12;0.65;8.26;-0.08;0.35;-0.47;-22.26;7.07;-9.87
5570;-5.02;0.45;8.17;-0.08;0.35;-0.46;-23.17;6.93;-10.15
5579;-5.04;0.21;8.12;-0.08;0.35;-0.46;-17.50;4.34;-7.63
5588;-5.02;0.19;8.30;-0.08;0.35;-0.46;-8.47;2.24;-4.20
5597;-4.97;0.29;8.23;-0.08;0.34;-0.48;-0.14;0.21;0.07
5606;-5.05;0.50;8.24;-0.08;0.34;-0.48;4.48;-0.28;3.71
5614;-5.00;0.63;8.24;-0.08;0.34;-0.48;5.88;0.42;4.20
5623;-5.01;0.70;8.36;-0.09;0.34;-0.48;2.45;0.77;2.66
5632;-5.06;0.73;8.10;-0.09;0.34;-0.48;-0.35;0.70;0.91
5641;-5.04;0.55;8.08;-0.09;0.34;-0.48;-0.84;-0.49;0.00
5649;-4.96;0.57;8.23;-0.08;0.34;-0.48;-0.70;-0.98;0.00
5658;-5.02;0.60;8.30;-0.08;0.34;-0.48;-0.70;-1.05;0.21
5667;-5.05;0.63;8.21;-0.08;0.34;-0.48;-1.19;-0.14;-0.42
5676;-5.00;0.62;8.19;-0.07;0.35;-0.47;-1.61;0.14;-0.42
5685;-5.07;0.54;8.30;-0.07;0.35;-0.47;-0.49;0.63;-0.14
5693;-5.11;0.54;8.30;-0.07;0.35;-0.47;0.63;0.56;0.21
5702;-5.12;0.49;8.20;-0.08;0.34;-0.47;1.26;0.21;0.84
5711;-5.11;0.55;8.23;-0.08;0.34;-0.47;1.75;0.77;0.77
5720;-5.12;0.62;8.38;-0.08;0.34;-0.47;-0.77;1.89;0.28
5728;-5.13;0.64;8.25;-0.08;0.35;-0.46;-3.78;3.08;-1.05
5737;-4.95;0.70;8.16;-0.08;0.35;-0.46;-5.25;3.64;-2.03
5746;-5.02;0.65;8.21;-0.08;0.35;-0.46;-5.39;3.92;-2.73
5755;-5.03;0.87;8.15;-0.08;0.34;-0.47;-4.62;4.13;-3.29
5763;-4.92;0.59;8.25;-0.08;0.34;-0.47;-6.51;3.71;-4.34
5772;-5.04;0.50;8.25;-0.08;0.34;-0.47;-7.42;3.71;-3.71
5781;-5.00;0.55;8.10;-0.08;0.34;-0.47;-4.06;1.61;-1.82
5790;-4.88;0.39;8.16;-0.08;0.34;-0.47;0.00;-0.21;1.05
5798;-5.08;0.62;8.41;-0.08;0.34;-0.47;3.57;-1.61;3.08
5807;-4.92;0.73;8.45;-0.08;0.33;-0.47;4.13;-1.47;3.50
5816;-4.97;0.74;8.37;-0.08;0.33;-0.47;2.24;-0.70;2.24
5825;-5.05;0.82;8.32;-0.08;0.34;-0.48;0.21;-0.14;0.63
5834;-5.00;0.67;8.20;-0.08;0.34;-0.48;-2.66;0.14;-0.91
5842;-5.08;0.79;8.21;-0.08;0.34;-0.48;-4.20;0.28;-1.75
5851;-4.99;0.58;8.31;-0.08;0.33;-0.46;-5.18;0.84;-1.61
5860;-5.01;0.53;8.32;-0.08;0.33;-0.46;-4.13;0.49;-1.54
5869;-4.99;0.66;8.36;-0.08;0.33;-0.46;-2.03;0.77;-0.49
5878;-4.96;0.68;8.38;-0.07;0.33;-0.48;-0.28;0.56;0.21
5886;-5.01;0.57;8.30;-0.07;0.33;-0.48;2.31;0.42;1.33
5895;-4.98;0.60;8.31;-0.07;0.33;-0.48;4.90;0.07;1.75
5904;-5.02;0.62;8.31;-0.08;0.34;-0.48;6.02;-0.98;2.66
5913;-5.02;0.58;8.18;-0.08;0.34;-0.48;5.74;-1.61;3.29
5922;-4.98;0.74;8.23;-0.08;0.34;-0.48;3.50;-1.40;2.24
5930;-4.81;0.81;8.08;-0.08;0.34;-0.48;-1.47;-1.12;0.07
5939;-4.84;0.80;8.12;-0.08;0.34;-0.48;-5.39;0.00;-1.47
5948;-4.89;0.73;8.20;-0.08;0.34;-0.48;-8.05;0.21;-2.59
5957;-5.00;0.65;8.35;-0.08;0.34;-0.47;-6.51;-0.28;-2.66
5966;-4.98;0.68;8.51;-0.08;0.34;-0.47;-3.50;-0.21;-1.33
5975;-4.93;0.65;8.53;-0.08;0.34;-0.47;0.07;0.84;-0.63
5983;-5.01;0.68;8.56;-0.08;0.34;-0.49;2.03;1.33;-0.07
5992;-5.04;0.68;8.31;-0.08;0.34;-0.49;2.94;2.24;0.00
6001;-4.84;0.72;8.33;-0.08;0.34;-0.49;1.40;2.59;-1.26
6010;-4.98;0.67;8.25;-0.08;0.35;-0.48;-2.66;1.89;-2.38
6018;-5.00;0.65;8.04;-0.08;0.35;-0.48;-5.04;1.82;-3.22
6027;-4.99;0.67;8.17;-0.08;0.35;-0.48;-6.58;1.26;-4.41
6036;-5.00;0.75;8.23;-0.07;0.34;-0.49;-8.61;2.17;-5.11
6045;-4.89;0.67;8.39;-0.07;0.34;-0.49;-12.74;3.50;-5.67
6054;-4.90;0.46;8.22;-0.07;0.34;-0.49;-11.76;3.50;-5.11
6062;-5.00;0.41;8.23;-0.08;0.34;-0.48;-7.91;2.10;-3.15
6071;-4.92;0.46;8.27;-0.08;0.34;-0.48;-1.89;-0.07;0.35
6080;-5.01;0.52;8.28;-0.08;0.34;-0.48;4.48;-1.47;3.71
6089;-4.89;0.80;8.31;-0.08;0.34;-0.48;6.72;-1.89;4.13
6097;-4.90;0.82;8.25;-0.08;0.34;-0.48;4.34;-0.91;3.15
6106;-4.84;0.88;8.11;-0.08;0.34;-0.48;-0.07;0.28;1.05
6115;-4.79;0.84;8.20;-0.07;0.33;-0.48;-4.48;0.70;-1.05
6124;-4.87;0.72;8.29;-0.07;0.33;-0.48;-5.11;0.98;-1.89
6132;-4.85;0.70;8.38;-0.07;0.33;-0.48;-4.06;1.12;-1.54
6141;-4.99;0.74;8.28;-0.08;0.33;-0.47;-3.01;0.63;-1.12
6150;-4.85;0.82;8.27;-0.08;0.33;-0.47;-2.31;-0.21;-0.49
6159;-4.89;0.73;8.26;-0.07;0.34;-0.48;-1.12;-0.77;-0.14
6168;-4.94;0.68;8.33;-0.07;0.34;-0.48;-0.63;-1.82;0.21
6176;-5.03;0.77;8.35;-0.07;0.34;-0.48;1.33;-1.61;1.40
6185;-4.95;0.78;8.38;-0.08;0.33;-0.47;2.87;-1.68;2.10
6194;-4.96;0.74;8.40;-0.08;0.33;-0.47;3.29;-1.19;1.82
6203;-5.03;0.86;8.33;-0.08;0.33;-0.47;1.19;-0.07;0.56
6212;-4.92;0.81;8.32;-0.08;0.33;-0.46;-2.38;-0.21;-0.49
6220;-4.97;0.70;8.25;-0.08;0.33;-0.46;-3.57;0.21;-1.26
6229;-5.08;0.74;8.41;-0.08;0.33;-0.46;-4.62;-0.14;-2.10
6238;-4.96;0.70;8.42;-0.07;0.33;-0.47;-5.74;0.00;-1.54
6247;-4.92;0.62;8.46;-0.07;0.33;-0.47;-3.50;0.21;-1.19
6255;-4.89;0.73;8.45;-0.07;0.33;-0.47;-0.49;-0.14;-0.35
6264;-5.00;0.70;8.39;-0.06;0.33;-0.46;1.96;0.14;1.26
6273;-5.05;0.75;8.46;-0.06;0.33;-0.46;2.94;-0.07;2.10
6282;-4.93;0.73;8.36;-0.06;0.33;-0.46;2.87;0.00;1.89
6291;-4.95;0.98;8.33;-0.09;0.33;-0.46;0.84;0.70;1.12
6299;-4.96;0.82;8.28;-0.09;0.33;-0.46;-2.52;1.26;-0.56
6308;-4.93;0.75;8.22;-0.09;0.33;-0.46;-3.85;-0.07;-1.05
6317;-5.00;0.65;8.27;-0.07;0.33;-0.46;-1.68;-0.56;-0.28
6326;-4.92;0.67;8.28;-0.07;0.33;-0.46;0.07;-1.40;0.56
6334;-4.95;0.75;8.32;-0.07;0.33;-0.46;1.82;-0.91;1.33
6343;-4.98;0.75;8.31;-0.07;0.33;-0.46;1.05;-0.42;1.33
6352;-4.90;0.80;8.28;-0.07;0.33;-0.46;0.07;-0.14;1.61
6361;-4.90;0.74;8.41;-0.07;0.33;-0.46;0.14;0.07;1.61
6370;-4.76;0.78;8.41;-0.08;0.33;-0.48;0.98;0.21;2.03
6378;-4.91;0.86;8.27;-0.08;0.33;-0.48;2.03;-0.28;2.17
6387;-4.98;0.83;8.31;-0.08;0.33;-0.48;2.10;0.21;1.82
6396;-4.88;0.95;8.13;-0.07;0.34;-0.48;0.49;0.21;0.49
6405;-4.94;0.83;8.12;-0.07;0.34;-0.48;-1.96;0.35;-0.98
6413;-4.96;0.69;8.15;-0.07;0.34;-0.48;-2.59;0.21;-1.19
6422;-4.90;0.62;8.23;-0.07;0.33;-0.47;-1.54;-0.63;-0.56
6431;-4.95;0.65;8.31;-0.07;0.33;-0.47;0.42;-0.63;0.49
6440;-5.05;0.62;8.34;-0.07;0.33;-0.47;1.40;-0.21;1.61
6449;-4.90;0.68;8.28;-0.08;0.32;-0.48;1.82;-0.49;1.96
6457;-4.88;0.74;8.32;-0.08;0.32;-0.48;2.66;-0.35;2.03
6466;-4.87;0.81;8.29;-0.08;0.32;-0.47;2.38;-0.14;1.75
6475;-4.88;0.83;8.17;-0.07;0.33;-0.47;1.89;0.07;1.40
6484;-4.77;0.80;8.18;-0.07;0.33;-0.47;1.19;-0.28;0.91
6493;-4.84;0.80;8.28;-0.07;0.33;-0.48;0.49;0.14;0.84
6501;-4.73;0.78;8.17;-0.07;0.33;-0.48;0.91;-0.63;0.63
6510;-4.82;0.73;8.08;-0.07;0.33;-0.48;1.19;-1.05;0.70
6519;-4.85;0.69;8.13;-0.08;0.33;-0.49;1.12;-1.54;0.84
6528;-4.77;0.72;8.28;-0.08;0.33;-0.49;1.19;-1.61;0.91
6536;-4.85;0.76;8.30;-0.08;0.33;-0.49;1.61;-1.40;1.33
6545;-4.84;0.78;8.20;-0.07;0.34;-0.49;1.47;-1.26;0.35
6554;-4.87;0.70;8.23;-0.07;0.34;-0.49;-0.07;-0.63;0.14
6563;-4.90;0.67;8.32;-0.07;0.34;-0.49;-0.77;-1.47;0.00
6571;-4.93;0.62;8.10;-0.08;0.34;-0.48;-0.70;-1.68;-0.07
6580;-5.02;0.64;8.17;-0.08;0.34;-0.48;0.07;-1.54;0.28
6589;-5.05;0.50;8.21;-0.08;0.34;-0.48;0.56;-2.31;0.84
6598;-4.95;0.57;8.26;-0.08;0.33;-0.49;0.56;-2.31;1.61
6606;-4.91;0.52;8.29;-0.08;0.33;-0.49;0.98;-2.59;1.96
6615;-4.91;0.56;8.46;-0.08;0.33;-0.49;0.98;-1.82;2.10
6624;-5.03;0.57;8.38;-0.07;0.34;-0.48;0.28;-1.12;2.03
6633;-4.94;0.59;8.37;-0.07;0.34;-0.48;0.56;-1.40;2.10
6642;-4.92;0.56;8.42;-0.07;0.34;-0.48;0.77;-1.40;1.68
6650;-4.97;0.73;8.47;-0.09;0.34;-0.48;0.00;-1.05;1.89
6659;-4.86;0.64;8.35;-0.09;0.34;-0.48;-0.63;-0.91;1.54
6668;-5.05;0.75;8.33;-0.09;0.34;-0.48;-1.33;-1.05;1.68
6677;-4.95;0.57;8.43;-0.07;0.34;-0.48;-1.26;-1.61;1.96
6686;-4.90;0.60;8.27;-0.07;0.34;-0.48;0.07;-1.68;2.66
6694;-5.00;0.74;8.32;-0.07;0.34;-0.48;1.54;-2.17;3.15
6703;-4.87;0.71;8.43;-0.07;0.34;-0.46;1.82;-2.10;3.43
6712;-4.97;0.71;8.37;-0.07;0.34;-0.46;1.40;-1.40;3.50
6721;-4.94;0.73;8.47;-0.07;0.34;-0.46;0.91;-1.05;3.08
6729;-4.96;0.78;8.43;-0.07;0.34;-0.46;0.42;-0.49;2.94
6738;-4.92;0.90;8.39;-0.07;0.34;-0.46;0.42;-0.56;2.52
6747;-5.05;0.83;8.44;-0.07;0.34;-0.46;-1.12;-0.14;1.96
6756;-4.93;0.76;8.50;-0.08;0.34;-0.47;-1.89;0.21;1.33
6765;-5.03;0.71;8.43;-0.08;0.34;-0.47;-1.61;0.42;1.19
6774;-4.97;0.81;8.34;-0.08;0.34;-0.47;-0.14;0.00;1.19
6782;-4.99;0.80;8.31;-0.08;0.34;-0.47;0.63;0.14;1.47
6791;-4.94;0.75;8.31;-0.08;0.34;-0.47;0.14;0.42;1.40
6800;-5.08;0.79;8.31;-0.08;0.34;-0.47;0.49;0.49;0.98
6809;-4.99;0.76;8.33;-0.08;0.34;-0.47;0.98;0.00;1.82
6817;-4.96;0.71;8.21;-0.08;0.34;-0.47;1.47;-1.05;2.10
6826;-4.89;0.77;8.43;-0.07;0.34;-0.47;0.49;-0.98;1.75
6835;-5.01;0.95;8.33;-0.07;0.34;-0.47;-1.75;-0.35;0.70
6844;-4.99;0.88;8.45;-0.07;0.34;-0.47;-4.55;0.14;-0.84
6852;-4.98;0.85;8.43;-0.08;0.33;-0.47;-4.34;1.19;-1.54
6861;-5.04;0.86;8.35;-0.08;0.33;-0.47;-2.31;0.98;-0.91
6870;-4.95;0.72;8.31;-0.08;0.33;-0.47;0.35;0.91;0.00
6879;-5.02;0.64;8.21;-0.08;0.34;-0.47;3.50;0.07;0.98
6887;-4.87;0.70;8.28;-0.08;0.34;-0.47;3.71;0.21;1.54
6896;-4.92;0.61;8.10;-0.08;0.34;-0.47;2.87;-0.07;2.10
6905;-4.96;0.71;8.11;-0.08;0.34;-0.48;1.75;-0.49;1.68
6914;-4.86;0.70;8.28;-0.08;0.34;-0.48;0.35;17.64;0.56
6922;-4.91;0.62;8.17;-0.08;0.34;-0.48;-2.45;-0.07;-0.77
6931;-4.92;0.70;8.16;-0.09;0.34;-0.48;-1.47;0.28;-0.42
6940;-4.87;0.55;8.11;-0.09;0.34;-0.48;-0.84;-0.28;0.21
6949;-4.80;0.65;8.21;-0.09;0.34;-0.48;1.05;-0.28;1.47
6957;-4.85;0.77;8.12;-0.07;0.33;-0.46;1.47;-1.33;1.40
6966;-4.84;0.78;8.19;-0.07;0.33;-0.46;0.21;-1.61;1.61
6975;-4.83;0.60;8.17;-0.07;0.33;-0.46;0.00;-2.38;1.61
6984;-4.85;0.59;8.20;-0.08;0.34;-0.47;-0.21;-2.17;1.82
6992;-4.82;0.60;8.38;-0.08;0.34;-0.47;0.21;-1.75;1.26
7001;-5.00;0.65;8.37;-0.08;0.34;-0.47;0.07;-1.75;1.33
7010;-4.83;0.67;8.33;-0.07;0.33;-0.46;-0.35;-1.05;1.12
7019;-4.92;0.75;8.36;-0.07;0.33;-0.46;-1.33;-0.56;-0.14
7028;-5.02;0.68;8.26;-0.07;0.33;-0.46;-2.17;0.00;-0.42
7036;-5.05;0.52;8.23;-0.08;0.34;-0.48;-1.96;-0.63;-0.21
7045;-4.96;0.52;8.31;-0.08;0.34;-0.48;-0.35;-1.05;0.49
7054;-4.97;0.52;8.34;-0.08;0.34;-0.48;0.70;-1.68;1.33
7063;-4.89;0.56;8.27;-0.07;0.34;-0.47;1.61;-1.96;2.17
7071;-4.91;0.57;8.32;-0.07;0.34;-0.47;1.26;-1.68;2.45
7080;-4.96;0.71;8.30;-0.07;0.34;-0.47;-0.49;-1.33;1.19
7089;-4.99;0.78;8.38;-0.08;0.34;-0.46;-1.54;-0.42;0.77
7098;-4.96;0.70;8.36;-0.08;0.34;-0.46;-2.31;0.07;0.63
7106;-4.89;0.67;8.33;-0.08;0.34;-0.46;-1.47;0.07;0.70
7115;-4.85;0.62;8.36;-0.07;0.35;-0.47;0.21;-0.35;1.26
7124;-5.00;0.74;8.25;-0.07;0.35;-0.47;0.77;-1.19;1.26
7133;-4.99;0.65;8.33;-0.07;0.35;-0.47;0.70;-1.54;0.91
7141;-5.05;0.69;8.37;-0.07;0.34;-0.47;0.07;-1.82;0.91
7150;-5.05;0.58;8.33;-0.07;0.34;-0.47;-0.56;-0.98;0.70
7159;-5.07;0.59;8.54;-0.07;0.34;-0.47;-0.91;-0.63;0.91
7168;-5.10;0.71;8.49;-0.07;0.34;-0.47;-0.91;-0.70;0.70
7176;-4.94;0.67;8.39;-0.07;0.34;-0.47;-0.63;0.35;0.63
7185;-5.00;0.62;8.46;-0.08;0.33;-0.47;-0.84;0.56;0.91
7194;-4.95;0.62;8.38;-0.08;0.33;-0.47;0.14;0.49;1.26
7203;-4.98;0.67;8.32;-0.08;0.33;-0.47;0.91;0.21;1.68
7211;-4.89;0.69;8.26;-0.08;0.34;-0.47;1.54;-0.28;1.47
7220;-4.95;0.70;8.24;-0.08;0.34;-0.47;1.54;-0.21;1.40
7229;-4.87;0.78;8.20;-0.08;0.34;-0.47;0.49;-0.70;1.05
7238;-4.87;0.80;8.26;-0.08;0.33;-0.48;-1.26;-1.12;-0.14
7246;-4.95;0.69;8.33;-0.08;0.33;-0.48;-2.45;-0.77;0.28
7255;-4.94;0.64;8.36;-0.08;0.33;-0.48;-1.68;-0.91;0.56
7264;-5.00;0.74;8.46;-0.07;0.33;-0.47;-0.14;-0.63;0.63
7273;-4.93;0.66;8.43;-0.07;0.33;-0.47;0.35;0.56;0.49
7282;-4.98;0.82;8.37;-0.07;0.33;-0.47;0.07;0.77;-0.07
7290;-4.97;0.57;8.36;-0.07;0.34;-0.47;-0.56;0.91;-0.21
7299;-5.05;0.58;8.39;-0.07;0.34;-0.47;-0.21;0.70;0.49
7308;-5.03;0.54;8.36;-0.07;0.34;-0.47;1.05;0.28;1.19
7317;-4.95;0.58;8.33;-0.08;0.34;-0.48;1.75;0.21;1.75
7326;-4.93;0.63;8.37;-0.08;0.34;-0.48;1.26;0.35;1.47
7334;-4.93;0.69;8.20;-0.08;0.34;-0.48;-0.28;0.70;0.49
7343;-4.97;0.62;8.16;-0.08;0.34;-0.48;-1.47;0.91;0.56
7352;-4.87;0.55;8.27;-0.08;0.34;-0.48;-1.26;0.77;0.77
7361;-4.87;0.53;8.21;-0.08;0.34;-0.48;-0.77;0.49;0.77
7369;-4.91;0.62;8.23;-0.08;0.34;-0.48;-0.35;0.49;1.12
7378;-4.91;0.57;8.26;-0.08;0.34;-0.48;-0.56;0.91;1.12
7387;-4.93;0.62;8.26;-0.08;0.34;-0.48;-0.63;1.26;1.05
7396;-4.96;0.65;8.38;-0.08;0.33;-0.48;-0.91;1.26;0.84
7405;-4.99;0.53;8.19;-0.08;0.33;-0.48;-0.49;1.47;1.05
7413;-4.80;0.49;8.27;-0.08;0.33;-0.48;-0.14;1.33;1.96
7422;-4.77;0.52;8.23;-0.08;0.33;-0.48;0.91;1.05;1.89
7431;-4.83;0.57;8.20;-0.08;0.33;-0.48;1.12;0.35;1.96
7440;-4.81;0.70;8.17;-0.08;0.33;-0.48;0.35;-0.49;1.89
7449;-4.88;0.82;8.30;-0.08;0.34;-0.48;-1.40;-0.63;1.68
7457;-4.93;0.63;8.25;-0.08;0.34;-0.48;-2.10;-0.84;0.70
7466;-4.82;0.62;8.36;-0.08;0.34;-0.48;-1.68;-0.63;0.70
7475;-4.91;0.78;8.28;-0.07;0.34;-0.47;-1.75;-0.77;0.42
7484;-4.83;0.64;8.22;-0.07;0.34;-0.47;-1.82;-0.21;0.42
7493;-4.85;0.68;8.33;-0.07;0.34;-0.47;0.00;-0.42;0.91
7501;-4.76;0.67;8.31;-0.08;0.33;-0.47;1.19;-0.91;1.96
7510;-4.90;0.61;8.27;-0.08;0.33;-0.47;0.98;-1.05;2.24
7519;-4.85;0.58;8.27;-0.07;0.34;-0.47;0.77;-1.54;1.96
7528;-4.92;0.73;8.31;-0.07;0.34;-0.47;-0.21;-1.33;1.82
7537;-4.92;0.68;8.34;-0.07;0.34;-0.47;-0.77;-0.70;1.05
7545;-4.94;0.75;8.37;-0.08;0.33;-0.47;-1.47;-0.35;0.28
7554;-4.97;0.62;8.40;-0.08;0.33;-0.47;-2.03;-0.42;0.42
7563;-5.00;0.58;8.31;-0.08;0.33;-0.47;-1.26;0.07;0.63
7572;-5.02;0.62;8.35;-0.08;0.34;-0.47;-0.07;-0.28;0.91
7581;-4.89;0.63;8.33;-0.08;0.34;-0.47;0.91;-0.70;1.40
7589;-4.87;0.58;8.34;-0.08;0.34;-0.47;1.26;-0.35;1.75
7598;-4.93;0.68;8.37;-0.07;0.34;-0.48;0.35;-0.21;1.47
7607;-5.02;0.68;8.44;-0.07;0.34;-0.48;-1.26;-0.07;0.70
7616;-5.01;0.65;8.31;-0.07;0.34;-0.48;-2.17;-0.35;0.42
7624;-5.09;0.63;8.38;-0.07;0.35;-0.47;-2.17;-0.28;0.49
7633;-4.94;0.51;8.44;-0.07;0.35;-0.47;-0.84;-0.21;1.33
7642;-4.95;0.52;8.36;-0.07;0.35;-0.47;1.05;-0.63;2.52
7651;-4.95;0.56;8.34;-0.08;0.34;-0.48;1.75;-0.14;3.36
7660;-4.88;0.64;8.40;-0.08;0.34;-0.48;0.70;0.77;3.08
7668;-4.95;0.66;8.26;-0.08;0.34;-0.48;-0.35;1.12;2.52
7677;-4.88;0.69;8.33;-0.09;0.34;-0.48;-1.54;0.84;1.82
7686;-4.87;0.57;8.41;-0.09;0.34;-0.48;-0.70;0.98;1.89
7695;-4.90;0.72;8.33;-0.09;0.34;-0.48;0.35;0.21;2.73
7704;-4.80;0.64;8.33;-0.07;0.33;-0.48;0.91;0.07;2.31
7712;-5.02;0.67;8.31;-0.07;0.33;-0.48;0.49;-0.77;2.10
7721;-4.82;0.63;8.35;-0.07;0.33;-0.48;-1.12;-0.84;1.68
7730;-4.76;0.70;8.26;-0.08;0.33;-0.47;-1.96;-0.91;1.19
7739;-4.85;0.58;8.33;-0.08;0.33;-0.47;-1.68;-0.84;0.91
7748;-4.80;0.52;8.31;-0.08;0.33;-0.47;-0.35;-0.35;1.47
7756;-4.94;0.58;8.37;-0.07;0.34;-0.46;0.91;-0.07;2.17
7765;-4.91;0.64;8.43;-0.07;0.34;-0.46;1.68;-0.49;2.17
7774;-4.97;0.66;8.36;-0.07;0.34;-0.46;1.96;0.28;2.24
7783;-4.92;0.68;8.40;-0.07;0.33;-0.47;0.70;0.49;1.47
7791;-4.93;0.65;8.23;-0.07;0.33;-0.47;-0.91;1.19;0.77
7800;-5.01;0.58;8.34;-0.07;0.33;-0.47;-1.96;0.63;0.28
7809;-4.93;0.54;8.29;-0.07;0.34;-0.48;-1.47;0.14;0.07
7818;-4.99;0.62;8.32;-0.07;0.34;-0.48;0.07;-0.49;1.19
7826;-4.90;0.63;8.24;-0.07;0.33;-0.48;2.38;-0.21;1.54
7835;-4.92;0.63;8.41;-0.07;0.33;-0.48;2.52;0.28;1.96
7844;-4.89;0.65;8.24;-0.07;0.33;-0.48;2.10;0.77;1.40
7853;-4.85;0.67;8.18;-0.07;0.34;-0.48;0.77;0.42;1.12
7861;-4.89;0.53;8.12;-0.07;0.34;-0.48;-0.98;-0.07;0.35
7870;-4.91;0.42;8.14;-0.07;0.34;-0.48;-0.98;-0.98;0.98
7879;-4.92;0.47;8.31;-0.07;0.34;-0.47;-0.84;-1.61;1.75
7888;-4.93;0.50;8.37;-0.07;0.34;-0.47;-0.77;-1.33;2.10
7896;-4.96;0.57;8.47;-0.07;0.34;-0.47;-1.05;-0.77;2.17
7905;-4.85;0.58;8.46;-0.08;0.34;-0.47;-0.63;0.21;2.10
7914;-4.92;0.68;8.36;-0.08;0.34;-0.47;-0.77;0.56;1.54
7923;-4.92;0.65;8.48;-0.08;0.34;-0.47;-1.26;0.70;0.70
7931;-4.82;0.67;8.28;-0.07;0.34;-0.48;-1.33;0.42;1.19
7940;-4.90;0.50;8.24;-0.07;0.34;-0.48;-0.07;-0.07;1.12
7949;-4.78;0.62;8.21;-0.07;0.34;-0.48;0.98;-0.84;1.68
7958;-4.84;0.62;8.31;-0.07;0.34;-0.48;0.77;-0.70;1.96
7967;-4.88;0.65;8.35;-0.07;0.34;-0.48;0.98;-0.56;2.17
7976;-4.89;0.62;8.18;-0.07;0.34;-0.48;0.84;0.14;1.40
7984;-4.85;0.64;8.43;-0.07;0.34;-0.48;-0.07;0.98;0.84
7993;-4.92;0.70;8.35;-0.07;0.34;-0.48;-0.63;1.33;0.98
8002;-4.92;0.60;8.36;-0.07;0.34;-0.48;-0.21;0.98;1.61
8011;-4.88;0.69;8.23;-0.07;0.34;-0.47;-0.63;0.42;1.75
8020;-4.92;0.70;8.31;-0.07;0.34;-0.47;-0.07;-0.84;1.54
8028;-4.88;0.56;8.27;-0.07;0.34;-0.47;0.63;-1.12;1.47
8037;-4.80;0.56;8.37;-0.07;0.35;-0.47;0.56;-1.12;2.03
8046;-4.87;0.75;8.38;-0.07;0.35;-0.47;0.63;-0.56;1.75
8055;-4.97;0.67;8.26;-0.07;0.35;-0.47;0.28;-0.77;1.68
8064;-4.87;0.66;8.32;-0.07;0.33;-0.46;0.42;-0.56;1.12
8072;-4.87;0.67;8.33;-0.07;0.33;-0.46;-17.85;-0.63;0.77
8081;-4.95;0.69;8.31;-0.07;0.33;-0.46;-0.91;-0.91;0.07
8090;-4.99;0.57;8.29;-0.07;0.35;-0.48;-1.19;-1.47;0.07
8099;-4.95;0.60;8.51;-0.07;0.35;-0.48;-0.35;-1.61;0.49
8108;-5.02;0.51;8.43;-0.07;0.35;-0.48;0.21;-1.19;0.77
8116;-5.03;0.67;8.40;-0.08;0.33;-0.48;0.35;-0.56;0.91
8125;-4.90;0.57;8.36;-0.08;0.33;-0.48;1.33;-1.12;1.05
8134;-4.92;0.49;8.35;-0.08;0.33;-0.48;1.33;-1.68;0.84
8143;-4.84;0.60;8.30;-0.07;0.35;-0.47;1.26;-1.05;1.12
8151;-4.92;0.63;8.32;-0.07;0.35;-0.47;0.56;-0.70;0.77
8160;-4.97;0.61;8.48;-0.07;0.34;-0.46;-0.91;-0.28;0.28
8169;-4.87;0.65;8.36;-0.07;0.34;-0.46;-1.75;-0.21;-0.07
8178;-4.83;0.60;8.42;-0.07;0.34;-0.46;-1.26;0.70;-0.35
8187;-4.78;0.61;8.36;-0.06;0.35;-0.47;-0.49;0.70;-0.14
8195;-4.89;0.63;8.35;-0.06;0.35;-0.47;0.42;0.49;0.21
8204;-4.88;0.61;8.33;-0.06;0.35;-0.47;1.47;0.07;0.35
8213;-4.92;0.62;8.36;-0.07;0.33;-0.47;1.47;-0.84;0.49
8222;-4.91;0.50;8.31;-0.07;0.33;-0.47;1.05;-1.40;0.56
8231;-4.86;0.42;8.29;-0.07;0.33;-0.47;0.91;-1.26;0.63
8239;-4.85;0.48;8.26;-0.08;0.33;-0.47;-0.28;-0.91;0.28
8248;-4.97;0.48;8.36;-0.08;0.33;-0.47;-1.47;-0.91;0.00
8257;-4.92;0.47;8.41;-0.08;0.33;-0.47;-1.33;-0.42;-0.14
8266;-5.08;0.45;8.33;-0.07;0.34;-0.48;-0.98;-0.42;0.14
8275;-4.90;0.49;8.43;-0.07;0.34;-0.48;-0.56;0.42;0.14
8283;-4.96;0.50;8.40;-0.07;0.34;-0.48;0.21;0.49;0.35
8292;-4.92;0.45;8.31;-0.07;0.34;-0.47;1.33;0.21;0.70
8301;-5.00;0.47;8.40;-0.07;0.34;-0.47;1.19;0.07;0.77
8310;-4.87;0.43;8.06;-0.07;0.34;-0.47;0.49;-0.77;1.19
8319;-4.80;0.44;8.18;-0.08;0.34;-0.47;0.42;-0.98;1.54
8327;-4.80;0.50;8.13;-0.08;0.34;-0.47;0.77;-1.54;1.26
8336;-4.82;0.55;8.28;-0.08;0.34;-0.47;-0.14;-1.96;1.33
8345;-4.85;0.58;8.44;-0.07;0.33;-0.46;-1.05;-1.82;1.05
8354;-4.83;0.67;8.47;-0.07;0.33;-0.46;-1.33;-0.77;0.84
8363;-4.82;0.64;8.38;-0.07;0.33;-0.46;-0.70;-0.42;0.98
8371;-4.90;0.62;8.44;-0.07;0.34;-0.47;0.21;0.56;0.49
8380;-4.91;0.60;8.35;-0.07;0.34;-0.47;-0.70;1.26;-0.21
8389;-4.95;0.57;8.18;-0.07;0.34;-0.47;-0.91;0.63;-0.28
8398;-4.92;0.43;8.07;-0.07;0.34;-0.47;-0.49;-0.28;-0.21
8407;-4.87;0.54;8.19;-0.07;0.34;-0.47;-0.56;-1.40;0.49
8416;-4.97;0.42;8.23;-0.07;0.34;-0.47;-0.56;-2.10;0.91
8424;-4.89;0.48;8.41;-0.07;0.34;-0.46;-0.84;-2.31;1.33
8433;-4.92;0.50;8.38;-0.07;0.34;-0.46;-1.33;-1.61;1.12
8442;-4.95;0.55;8.42;-0.07;0.34;-0.46;-1.75;-0.84;1.12
8451;-4.90;0.52;8.40;-0.07;0.34;-0.46;-1.47;-0.14;0.56
8460;-4.85;0.56;8.26;-0.07;0.34;-0.46;-0.56;-0.14;0.70
8468;-4.92;0.54;8.26;-0.08;0.33;-0.47;-0.49;0.21;0.70
8477;-4.75;0.59;8.13;-0.08;0.33;-0.47;-0.14;-0.21;1.12
8486;-4.88;0.49;8.31;-0.08;0.33;-0.47;0.35;-1.05;1.19
8495;-4.90;0.60;8.35;-0.07;0.33;-0.46;0.98;-1.96;1.40
8504;-4.88;0.64;8.33;-0.07;0.33;-0.46;0.91;-1.26;1.12
8512;-4.93;0.58;8.20;-0.07;0.33;-0.46;-0.14;-1.19;0.42
8521;-4.87;0.63;8.23;-0.08;0.34;-0.46;-1.19;-0.98;0.35
8530;-4.92;0.53;8.28;-0.08;0.34;-0.46;-1.26;-1.75;0.77
8539;-4.92;0.52;8.39;-0.08;0.34;-0.46;-0.91;-1.19;0.56
8547;-4.91;0.57;8.32;-0.07;0.34;-0.48;-1.26;-0.98;0.70
8556;-4.90;0.64;8.25;-0.07;0.34;-0.48;-1.82;-1.33;0.28
8565;-5.00;0.67;8.33;-0.07;0.34;-0.48;-0.98;-1.33;0.63
8574;-4.92;0.67;8.41;-0.07;0.35;-0.46;-0.28;-0.49;0.21
8583;-4.97;0.60;8.35;-0.07;0.35;-0.46;0.49;-0.70;0.35
8591;-4.97;0.65;8.43;-0.07;0.35;-0.46;0.56;-0.84;-0.07
8600;-4.89;0.50;8.33;-0.07;0.33;-0.48;0.21;-0.70;0.00
8609;-4.98;0.55;8.18;-0.07;0.33;-0.48;-0.14;-1.12;0.28
8618;-4.96;0.51;8.27;-0.07;0.33;-0.48;0.00;-1.54;0.49
8626;-4.95;0.44;8.28;-0.07;0.34;-0.48;-0.42;-2.10;0.63
8635;-4.86;0.62;8.28;-0.07;0.34;-0.48;-0.63;-1.61;0.98
8644;-4.88;0.63;8.37;-0.07;0.34;-0.48;-0.70;-1.12;0.84
8653;-4.92;0.63;8.35;-0.08;0.34;-0.47;-1.05;-1.40;0.49
8661;-4.90;0.67;8.38;-0.08;0.34;-0.47;-1.19;-1.12;0.07
8670;-4.94;0.69;8.36;-0.08;0.34;-0.47;-0.49;-1.05;0.56
8679;-4.88;0.69;8.37;-0.07;0.34;-0.48;0.07;-1.12;0.14
8688;-4.85;0.52;8.29;-0.07;0.34;-0.48;0.14;-0.49;-0.07
8697;-4.85;0.55;8.32;-0.07;0.34;-0.48;-0.49;-0.63;0.28
8706;-4.87;0.61;8.15;-0.07;0.34;-0.47;-0.56;-0.98;0.07
8714;-4.90;0.52;8.33;-0.07;0.34;-0.47;-0.42;-1.40;-0.70
8723;-4.91;0.59;8.21;-0.07;0.34;-0.47;-1.05;-1.05;-0.77
8732;-4.99;0.47;8.28;-0.08;0.33;-0.46;-1.89;-1.68;-0.56
8741;-4.90;0.61;8.33;-0.08;0.33;-0.46;-2.10;-1.96;-0.63
8750;-5.02;0.56;8.38;-0.08;0.33;-0.46;-1.54;-1.68;0.00
8758;-4.96;0.60;8.43;-0.08;0.33;-0.47;-0.28;-1.54;0.07
8767;-4.90;0.52;8.41;-0.08;0.33;-0.47;0.49;-0.98;0.35
8776;-5.00;0.54;8.53;-0.08;0.34;-0.46;1.12;-0.49;0.49
8785;-4.86;0.60;8.44;-0.08;0.34;-0.46;0.42;-0.49;-0.07
8794;-4.92;0.59;8.18;-0.08;0.34;-0.46;-0.28;0.28;-0.42
8802;-5.02;0.56;8.24;-0.07;0.34;-0.46;-1.54;-0.21;0.28
8811;-4.95;0.50;8.23;-0.07;0.34;-0.46;-1.05;-0.42;-0.14
8820;-4.98;0.47;8.21;-0.07;0.34;-0.46;-0.42;-0.77;0.07
8829;-4.88;0.49;8.25;-0.08;0.34;-0.48;0.35;-1.19;0.42
8838;-5.03;0.47;8.26;-0.08;0.34;-0.48;0.21;-1.26;0.35
8846;-4.95;0.57;8.31;-0.08;0.34;-0.48;-0.42;-1.26;0.21
8855;-4.95;0.54;8.41;-0.08;0.34;-0.45;-0.42;-1.40;0.77
8864;-4.95;0.55;8.32;-0.08;0.34;-0.45;-0.70;-1.47;0.56
8873;-4.92;0.50;8.38;-0.08;0.34;-0.45;-1.12;-1.54;0.42
8882;-4.88;0.63;8.43;-0.07;0.35;-0.47;-0.77;-1.19;0.84
8890;-5.00;0.70;8.45;-0.07;0.35;-0.47;-0.91;-0.77;0.77
8899;-4.94;0.56;8.46;-0.07;0.35;-0.47;0.14;-0.84;1.19
8908;-4.94;0.52;8.31;-0.08;0.34;-0.46;0.98;-0.42;1.26
8917;-4.91;0.58;8.39;-0.08;0.34;-0.46;0.63;-0.35;1.19
8925;-4.90;0.44;8.23;-0.08;0.34;-0.46;0.49;-0.35;0.91
8934;-4.88;0.57;8.26;-0.08;0.34;-0.46;-0.14;-0.21;0.56
8943;-5.02;0.45;8.31;-0.08;0.34;-0.46;-1.12;-0.35;0.28
8952;-4.97;0.54;8.36;-0.08;0.34;-0.46;-0.28;-0.63;0.63
8960;-4.95;0.51;8.37;-0.08;0.34;-0.47;-0.35;-0.91;0.70
8969;-4.97;0.53;8.29;-0.08;0.34;-0.47;0.49;-0.84;1.19
8978;-4.97;0.65;8.31;-0.08;0.34;-0.47;1.12;-1.26;2.03
8987;-4.92;0.58;8.31;-0.08;0.34;-0.48;2.38;-1.47;2.24
8996;-4.82;0.52;8.16;-0.08;0.34;-0.48;3.85;-1.68;2.94
9004;-4.87;0.67;8.29;-0.08;0.34;-0.48;4.20;-1.68;2.80
9013;-4.90;0.67;8.20;-0.08;0.35;-0.48;2.38;-0.91;1.89
9022;-4.92;0.67;8.28;-0.08;0.35;-0.48;-0.14;-1.19;0.84
9031;-5.00;0.65;8.31;-0.08;0.35;-0.48;-1.33;-0.56;-0.14
9039;-4.89;0.57;8.32;-0.06;0.34;-0.48;-1.05;-0.70;-0.21
9048;-4.90;0.65;8.37;-0.06;0.34;-0.48;-0.70;-0.42;-0.56
9057;-4.84;0.55;8.43;-0.06;0.34;-0.48;-0.49;-0.56;-0.21
9066;-4.94;0.62;8.38;-0.08;0.34;-0.47;-0.42;-0.49;-0.28
9075;-4.95;0.67;8.41;-0.08;0.34;-0.47;-0.56;-0.49;-0.21
9083;-5.00;0.70;8.44;-0.08;0.34;-0.47;-0.21;-0.35;-0.63
9092;-5.10;0.63;8.45;-0.08;0.34;-0.47;0.35;-0.56;0.14
9101;-4.99;0.58;8.23;-0.08;0.34;-0.47;1.33;-1.26;0.42
9110;-4.93;0.56;8.18;-0.07;0.35;-0.47;1.19;-1.12;0.28
9119;-4.90;0.58;8.38;-0.07;0.35;-0.47;-0.77;-0.56;-0.21
9127;-4.89;0.57;8.24;-0.07;0.35;-0.47;-2.24;0.07;-0.98
9136;-5.00;0.60;8.30;-0.07;0.34;-0.47;-2.10;-0.28;-1.26
9145;-4.99;0.55;8.28;-0.07;0.34;-0.47;-1.40;-0.21;-0.56
9154;-4.90;0.56;8.24;-0.07;0.34;-0.47;0.21;-1.12;-0.07
9163;-4.94;0.52;8.29;-0.07;0.34;-0.48;0.98;-1.54;0.35
9171;-4.89;0.57;8.25;-0.07;0.34;-0.48;1.12;-1.75;0.42
9180;-4.97;0.63;8.20;-0.07;0.34;-0.48;1.33;-2.17;0.49
9189;-4.85;0.49;8.10;-0.08;0.33;-0.48;1.54;-2.52;0.07
9198;-4.90;0.62;8.26;-0.08;0.33;-0.48;0.49;-1.96;-0.28
9206;-4.97;0.60;8.33;-0.08;0.33;-0.48;-0.49;-1.96;-0.28
9215;-4.99;0.55;8.33;-0.08;0.34;-0.45;-0.70;-2.10;-0.42
9224;-4.84;0.43;8.24;-0.08;0.34;-0.45;-0.56;-1.68;-0.56
9233;-4.91;0.50;8.27;-0.08;0.34;-0.45;-0.77;-1.96;-0.77
9242;-4.97;0.44;8.23;-0.08;0.34;-0.47;-1.12;-2.24;-1.33
9250;-4.93;0.47;8.27;-0.08;0.34;-0.47;-0.77;-2.10;-0.70
9259;-4.99;0.45;8.39;-0.08;0.34;-0.47;-0.70;-1.89;-0.49
9268;-4.92;0.43;8.33;-0.08;0.35;-0.47;-0.21;-1.75;0.00
9277;-5.05;0.39;8.38;-0.08;0.35;-0.47;0.21;-1.96;0.14
9286;-5.00;0.50;8.41;-0.08;0.35;-0.47;0.35;-2.10;0.07
9295;-5.02;0.48;8.33;-0.07;0.35;-0.48;0.70;-1.12;0.49
9303;-4.99;0.42;8.28;-0.07;0.35;-0.48;0.77;-2.10;1.26
9312;-5.06;0.39;8.28;-0.07;0.35;-0.48;0.91;-1.75;0.56
9321;-4.97;0.55;8.30;-0.08;0.34;-0.47;-0.63;-1.40;0.21
9330;-5.05;0.39;8.39;-0.08;0.34;-0.47;-2.24;-0.42;0.14
9339;-4.97;0.53;8.45;-0.08;0.34;-0.47;-2.10;-0.49;0.14
9347;-4.97;0.53;8.27;-0.09;0.35;-0.47;-0.70;-0.49;0.07
9356;-4.94;0.50;8.36;-0.09;0.35;-0.47;0.07;-0.42;0.70
9365;-5.00;0.53;8.27;-0.09;0.35;-0.47;-0.14;-0.35;0.84
9374;-4.90;0.49;8.35;-0.08;0.35;-0.48;0.07;-0.28;0.91
9382;-4.94;0.60;8.15;-0.08;0.35;-0.48;-0.28;-0.49;0.70
9391;-4.97;0.58;8.29;-0.08;0.35;-0.48;-1.26;-0.42;0.42
9400;-5.08;0.60;8.33;-0.07;0.33;-0.48;-0.91;-0.63;-0.14
9409;-4.99;0.62;8.30;-0.07;0.33;-0.48;-0.63;-1.19;0.28
9418;-4.93;0.55;8.32;-0.08;0.34;-0.48;0.07;-1.05;0.70
9427;-4.97;0.50;8.33;-0.08;0.34;-0.48;1.05;-0.84;0.91
9435;-4.97;0.52;8.26;-0.08;0.34;-0.48;1.40;-0.77;0.98
9444;-4.92;0.40;8.32;-0.08;0.34;-0.47;0.91;-0.84;0.70
9453;-4.83;0.50;8.24;-0.08;0.34;-0.47;-0.28;-0.28;0.42
9462;-5.02;0.51;8.25;-0.08;0.34;-0.47;-1.12;0.21;0.28
9471;-4.97;0.48;8.43;-0.07;0.34;-0.47;-2.17;0.35;-0.56
9479;-5.05;0.46;8.40;-0.07;0.34;-0.47;-1.54;0.77;0.35
9488;-5.02;0.47;8.35;-0.07;0.34;-0.47;-0.07;0.35;0.49
9497;-5.00;0.53;8.23;-0.07;0.34;-0.48;1.33;0.00;1.12
9506;-4.99;0.53;8.39;-0.07;0.34;-0.48;1.68;0.07;1.75
9515;-4.97;0.57;8.34;-0.07;0.34;-0.48;1.19;0.21;1.40
9523;-4.92;0.52;8.18;-0.08;0.34;-0.47;0.14;-0.42;1.05
9532;-4.97;0.57;8.13;-0.08;0.34;-0.47;0.00;-0.77;0.63
9541;-4.99;0.48;8.28;-0.08;0.34;-0.47;-0.56;-1.26;0.28
9550;-4.98;0.54;8.21;-0.07;0.35;-0.47;-0.77;-1.75;0.35
9559;-4.96;0.60;8.26;-0.07;0.35;-0.47;-0.42;-1.05;0.42
9567;-4.88;0.59;8.51;-0.07;0.35;-0.47;-0.49;-1.47;0.42
9576;-5.00;0.46;8.33;-0.08;0.34;-0.48;-0.70;-0.91;0.21
9585;-4.92;0.50;8.34;-0.08;0.34;-0.48;-0.77;-0.42;0.07
9594;-4.98;0.53;8.46;-0.08;0.34;-0.48;-0.70;-0.91;0.42
9603;-4.94;0.53;8.32;-0.09;0.34;-0.46;0.00;-0.91;1.05
9611;-4.97;0.53;8.26;-0.09;0.34;-0.46;0.14;-0.42;1.26
9620;-5.02;0.62;8.21;-0.09;0.34;-0.46;-0.42;-0.84;0.84
9629;-5.00;0.57;8.35;-0.09;0.34;-0.48;-0.49;-0.70;0.77
9638;-5.06;0.59;8.32;-0.09;0.34;-0.48;-0.07;-1.12;0.42
9646;-5.01;0.53;8.29;-0.09;0.34;-0.48;-0.42;-1.33;0.42
9655;-4.98;0.53;8.31;-0.08;0.35;-0.47;-0.28;-1.40;0.98
9664;-4.99;0.57;8.44;-0.08;0.35;-0.47;-0.21;-0.77;0.56
9673;-5.10;0.57;8.41;-0.08;0.35;-0.47;-0.84;-1.12;0.77
9682;-5.01;0.58;8.33;-0.08;0.34;-0.46;-0.14;-1.40;1.05
9690;-4.94;0.67;8.38;-0.08;0.34;-0.46;-0.42;-1.05;0.70
9699;-4.95;0.57;8.35;-0.08;0.34;-0.46;-0.84;-0.70;0.42
9708;-5.15;0.57;8.41;-0.08;0.35;-0.46;-1.33;-0.42;0.84
9717;-5.05;0.62;8.43;-0.08;0.35;-0.46;0.07;-1.19;0.63
9726;-4.99;0.57;8.32;-0.08;0.33;-0.46;1.19;-1.26;0.91
9734;-4.94;0.55;8.33;-0.08;0.33;-0.46;0.84;-0.91;1.61
9743;-4.97;0.56;8.36;-0.08;0.33;-0.46;0.14;-0.49;1.19
9752;-5.05;0.58;8.25;-0.09;0.34;-0.46;-0.56;-0.28;0.07
9761;-5.06;0.67;8.47;-0.09;0.34;-0.46;-2.03;0.35;-0.49
9770;-4.99;0.55;8.33;-0.09;0.34;-0.46;-1.61;0.70;-0.77
9778;-5.05;0.47;8.17;-0.07;0.34;-0.47;-0.35;0.21;-0.28
9787;-4.95;0.44;8.09;-0.07;0.34;-0.47;0.56;-0.42;0.28
9796;-4.96;0.42;8.10;-0.07;0.34;-0.47;1.05;-0.84;0.98
9805;-5.00;0.42;8.19;-0.09;0.34;-0.46;1.89;-0.98;1.54
9813;-5.08;0.57;8.24;-0.09;0.34;-0.46;2.10;-1.19;1.33
9822;-4.95;0.48;8.22;-0.09;0.34;-0.46;0.77;-1.54;0.70
9831;-5.08;0.70;8.22;-0.08;0.34;-0.47;-0.84;-1.33;0.28
9840;-5.07;0.57;8.41;-0.08;0.34;-0.47;-1.89;-1.61;0.00
9849;-5.05;0.59;8.48;-0.08;0.34;-0.47;-2.10;-0.77;-0.28
9857;-4.92;0.52;8.23;-0.08;0.34;-0.47;-1.82;-0.77;0.28
9866;-4.94;0.52;8.31;-0.08;0.34;-0.47;-1.19;-0.84;0.56
9875;-4.90;0.59;8.20;-0.08;0.34;-0.47;0.14;-0.98;0.63
9884;-4.94;0.56;8.26;-0.08;0.34;-0.46;0.70;-1.05;0.77
9893;-5.03;0.52;8.26;-0.08;0.34;-0.46;1.05;-0.84;0.63
9901;-5.02;0.55;8.34;-0.08;0.34;-0.46;0.56;-0.49;0.63
9910;-5.07;0.62;8.33;-0.07;0.33;-0.48;0.56;-0.35;0.42
9919;-5.01;0.58;8.30;-0.07;0.33;-0.48;-0.07;-0.84;0.56
9928;-5.02;0.49;8.20;-0.07;0.33;-0.48;-0.28;-0.07;0.21
9937;-4.98;0.45;8.26;-0.08;0.34;-0.49;-0.63;0.21;0.49
9945;-4.95;0.55;8.19;-0.08;0.34;-0.49;-0.28;-0.35;0.14
9954;-4.96;0.55;8.31;-0.08;0.34;-0.49;0.49;-0.49;-0.07
9963;-4.95;0.56;8.13;-0.08;0.34;-0.46;0.49;-1.12;0.00
9972;-4.97;0.53;8.18;-0.08;0.34;-0.46;0.21;-1.33;0.14
9981;-5.05;0.47;8.26;-0.08;0.34;-0.46;-0.14;-1.96;0.28
9989;-5.08;0.49;8.23;-0.08;0.33;-0.47;0.07;-1.68;-0.21
9998;-5.08;0.48;8.39;-0.08;0.33;-0.47;-0.56;-1.33;0.07
10007;-5.01;0.47;8.21;-0.08;0.33;-0.47;-0.77;-1.12;0.28
10016;-4.98;0.39;8.36;-0.08;0.35;-0.46;-0.77;-0.98;0.35
10025;-5.06;0.50;8.37;-0.08;0.35;-0.46;-0.14;-0.07;0.98
10034;-5.01;0.58;8.37;-0.08;0.34;-0.48;0.35;0.00;0.84
10042;-5.01;0.48;8.21;-0.08;0.34;-0.48;0.21;0.63;0.63
10051;-4.94;0.52;8.13;-0.08;0.34;-0.48;0.28;1.05;0.70
10060;-4.90;0.57;8.11;-0.08;0.34;-0.48;0.91;0.42;0.77
10069;-4.97;0.63;8.15;-0.08;0.34;-0.48;0.77;-0.42;0.70
10077;-4.92;0.66;8.15;-0.08;0.34;-0.48;0.21;-1.19;0.49
10086;-4.97;0.57;8.19;-0.08;0.36;-0.47;0.28;-1.89;0.07
10095;-4.91;0.61;8.22;-0.08;0.36;-0.47;-0.14;-2.10;-0.14
10104;-4.85;0.50;8.18;-0.08;0.36;-0.47;-0.28;-2.59;-0.49
10112;-4.87;0.51;8.20;-0.08;0.34;-0.46;0.21;-3.15;-0.56
10121;-4.94;0.47;8.16;-0.08;0.34;-0.46;1.33;-3.08;-0.42
10130;-4.92;0.49;8.23;-0.08;0.34;-0.46;1.54;-3.01;0.00
10139;-5.06;0.54;8.23;-0.08;0.34;-0.48;0.98;-2.94;-0.28
10148;-4.90;0.48;8.32;-0.08;0.34;-0.48;1.54;-2.66;0.28
10156;-5.05;0.45;8.36;-0.08;0.34;-0.48;1.12;-2.59;0.21
10165;-5.06;0.46;8.28;-0.08;0.34;-0.47;0.14;-2.31;0.00
10174;-5.15;0.49;8.40;-0.08;0.34;-0.47;0.63;-2.03;0.70
10183;-5.11;0.45;8.37;-0.08;0.34;-0.47;1.33;-1.82;1.12
10192;-5.14;0.30;8.38;-0.07;0.34;-0.47;2.38;-1.89;1.96
10200;-5.19;0.32;8.28;-0.07;0.34;-0.47;3.36;-1.96;2.59
10209;-5.18;0.42;8.44;-0.07;0.34;-0.47;3.64;-1.82;2.59
10218;-5.02;0.48;8.30;-0.09;0.35;-0.48;1.75;-0.77;2.38
10227;-5.13;0.46;8.28;-0.09;0.35;-0.48;-0.49;-0.21;1.96
10236;-5.03;0.45;8.20;-0.09;0.35;-0.48;-1.26;-0.35;1.61
10244;-5.10;0.42;8.41;-0.08;0.34;-0.47;-0.63;-0.56;1.54
10253;-5.05;0.52;8.28;-0.08;0.34;-0.47;-0.56;-0.98;1.89
10262;-5.02;0.64;8.31;-0.08;0.34;-0.47;-0.42;-0.56;1.75
10271;-4.98;0.72;8.35;-0.08;0.34;-0.46;-0.84;0.07;0.77
10280;-5.04;0.60;8.23;-0.08;0.34;-0.46;-1.47;0.28;-0.49
10288;-4.94;0.62;8.15;-0.08;0.34;-0.46;-0.63;-0.35;-0.77
10297;-4.98;0.49;8.31;-0.08;0.35;-0.47;-0.14;-1.26;0.07
10306;-5.06;0.45;8.25;-0.08;0.35;-0.47;-0.21;-2.31;0.56
10315;-5.08;0.51;8.38;-0.08;0.35;-0.47;0.07;-2.38;0.91
10324;-5.03;0.55;8.29;-0.08;0.34;-0.47;-1.05;-1.61;0.42
10333;-5.09;0.55;8.37;-0.08;0.34;-0.47;-1.82;-1.19;0.07
10341;-5.11;0.50;8.45;-0.08;0.35;-0.46;-2.17;-0.49;0.07
10350;-5.10;0.42;8.39;-0.08;0.35;-0.46;-0.35;-0.35;0.14
10359;-4.98;0.42;8.41;-0.08;0.35;-0.46;0.98;0.00;0.84
10368;-5.04;0.52;8.34;-0.09;0.33;-0.47;1.33;0.42;1.12
10376;-5.08;0.57;8.33;-0.09;0.33;-0.47;-17.92;1.05;0.35
10385;-5.08;0.56;8.23;-0.09;0.33;-0.47;-1.05;-0.21;0.21
10394;-4.95;0.50;8.21;-0.08;0.35;-0.46;-1.26;-0.28;-0.21
10403;-5.10;0.49;8.40;-0.08;0.35;-0.46;-1.05;-0.49;-0.21
10412;-5.08;0.50;8.38;-0.08;0.35;-0.46;-0.14;-0.42;-0.14
10420;-5.25;0.47;8.54;-0.08;0.34;-0.46;0.07;0.00;-0.21
10429;-5.06;0.51;8.35;-0.08;0.34;-0.46;0.49;0.77;-0.14
10438;-5.02;0.46;8.36;-0.08;0.34;-0.46;0.91;1.61;-0.56
10447;-5.07;0.45;8.28;-0.08;0.34;-0.47;0.63;1.47;0.07
10456;-5.07;0.45;8.18;-0.08;0.34;-0.47;0.63;1.05;0.35
10464;-5.08;0.47;8.31;-0.08;0.34;-0.47;0.21;-0.56;0.77
10473;-5.04;0.50;8.26;-0.08;0.34;-0.47;-0.28;-0.49;0.77
10482;-5.16;0.60;8.41;-0.08;0.34;-0.47;-0.35;0.00;0.77
10491;-5.02;0.57;8.54;-0.08;0.34;-0.47;-1.33;0.56;0.35
10500;-5.05;0.57;8.42;-0.09;0.35;-0.46;-1.47;1.47;0.00
10509;-5.01;0.61;8.29;-0.09;0.35;-0.46;-1.19;1.26;0.21
10517;-4.96;0.59;8.26;-0.09;0.35;-0.46;-0.21;0.91;0.56
10526;-5.04;0.55;8.21;-0.08;0.34;-0.47;0.77;0.70;0.63
10535;-4.97;0.62;8.29;-0.08;0.34;-0.47;0.21;0.56;0.28
10544;-4.97;0.63;8.32;-0.08;0.34;-0.47;-0.49;0.56;-0.21
10553;-4.97;0.58;8.23;-0.08;0.34;-0.47;-0.77;0.91;-0.63
10561;-5.02;0.62;8.33;-0.08;0.34;-0.47;0.07;0.91;-0.21
10570;-4.98;0.55;8.24;-0.08;0.34;-0.47;0.98;0.84;0.28
10579;-4.97;0.57;8.21;-0.08;0.34;-0.46;0.63;1.12;0.35
10588;-5.05;0.64;8.24;-0.08;0.34;-0.46;-1.40;0.98;0.00
10597;-4.90;0.66;8.15;-0.08;0.34;-0.46;-2.45;0.49;-0.77
10605;-4.91;0.61;8.22;-0.09;0.35;-0.47;-1.61;0.77;-0.98
10614;-4.93;0.57;8.21;-0.09;0.35;-0.47;0.35;0.28;-0.21
10623;-4.77;0.56;8.21;-0.09;0.35;-0.47;1.82;-0.14;0.00
10632;-4.85;0.52;8.17;-0.09;0.34;-0.47;3.29;-0.07;0.84
10641;-4.89;0.53;8.12;-0.09;0.34;-0.47;3.15;0.14;0.56
10649;-4.88;0.64;8.15;-0.09;0.34;-0.46;1.47;0.28;-0.42
10658;-4.93;0.68;8.18;-0.09;0.34;-0.46;0.00;0.28;-0.63
10667;-4.90;0.62;8.13;-0.09;0.34;-0.46;0.00;-0.07;-1.33
10675;-4.88;0.54;8.03;-0.08;0.33;-0.47;0.56;-0.56;-1.75
10684;-4.87;0.49;8.01;-0.08;0.33;-0.47;0.42;-0.77;-1.33
10693;-4.90;0.61;7.95;-0.08;0.33;-0.47;1.05;-1.75;-0.70
10702;-4.87;0.57;8.17;-0.08;0.34;-0.47;1.26;-1.96;-1.26
10711;-4.89;0.51;8.22;-0.08;0.34;-0.47;1.26;-2.10;-1.05
10720;-5.02;0.51;8.31;-0.08;0.34;-0.47;1.12;-2.03;-1.47
10728;-5.08;0.43;8.28;-0.08;0.35;-0.48;1.40;-1.75;-1.12
10737;-4.97;0.38;8.08;-0.08;0.35;-0.48;1.96;-2.03;-0.35
10746;-4.95;0.28;8.26;-0.08;0.35;-0.48;1.82;-1.68;-0.42
10755;-5.00;0.30;8.22;-0.08;0.35;-0.47;1.68;-1.40;0.00
10764;-5.02;0.49;8.28;-0.08;0.35;-0.47;0.63;-0.91;-0.49
10772;-4.94;0.41;8.05;-0.08;0.35;-0.47;-0.14;-1.05;-0.56
10781;-4.96;0.42;8.23;-0.08;0.34;-0.46;0.77;-1.19;-0.84
10790;-4.91;0.37;8.22;-0.08;0.34;-0.46;1.54;-1.68;-0.42
10799;-5.07;0.32;8.19;-0.08;0.34;-0.46;1.96;-2.03;0.14
10808;-5.04;0.46;8.22;-0.08;0.34;-0.47;2.17;-2.80;0.28
10816;-4.95;0.30;8.36;-0.08;0.34;-0.47;2.17;-3.08;0.14
10825;-4.92;0.32;8.21;-0.08;0.34;-0.47;1.61;-3.43;0.21
10834;-4.96;0.34;8.33;-0.08;0.34;-0.47;1.68;-3.15;0.21
10843;-5.06;0.29;8.42;-0.08;0.34;-0.47;1.68;-2.52;0.14
10852;-5.12;0.20;8.38;-0.08;0.34;-0.47;1.05;-1.75;0.07
10860;-5.05;0.15;8.44;-0.08;0.34;-0.48;-0.35;-1.19;0.00
10869;-4.97;0.23;8.35;-0.08;0.34;-0.48;-0.84;-0.84;-0.14
10878;-5.12;0.27;8.41;-0.08;0.34;-0.48;-0.77;-0.84;-0.56
10887;-5.01;0.33;8.34;-0.08;0.35;-0.49;-0.35;-1.68;0.14
10896;-5.00;0.30;8.41;-0.08;0.35;-0.49;-0.14;-1.26;0.14
10904;-5.10;0.29;8.43;-0.08;0.35;-0.49;0.07;-1.96;0.49
10913;-5.12;0.28;8.38;-0.08;0.35;-0.47;0.63;-1.61;0.77
10922;-5.08;0.33;8.43;-0.08;0.35;-0.47;0.14;-1.89;0.63
10931;-5.13;0.31;8.37;-0.08;0.35;-0.47;-0.63;-1.47;0.63
10939;-5.15;0.30;8.48;-0.09;0.34;-0.48;-0.98;-1.05;0.49
10948;-5.10;0.27;8.52;-0.09;0.34;-0.48;-0.77;-0.84;0.56
10957;-5.10;0.30;8.38;-0.09;0.34;-0.46;0.35;-0.63;0.91
10966;-5.10;0.32;8.43;-0.09;0.35;-0.46;1.40;-1.33;1.19
10975;-5.10;0.23;8.30;-0.09;0.35;-0.46;1.68;-1.33;1.68
10984;-4.95;0.27;8.18;-0.08;0.35;-0.48;0.98;-1.05;2.10
10992;-5.08;0.39;8.33;-0.08;0.35;-0.48;-0.28;-0.98;1.26
11001;-5.09;0.39;8.36;-0.08;0.35;-0.48;-2.31;-0.21;0.49
11010;-5.18;0.39;8.35;-0.08;0.35;-0.46;-2.87;0.63;0.14
11019;-5.20;0.32;8.43;-0.08;0.35;-0.46;-2.94;0.70;0.28
11028;-5.15;0.34;8.30;-0.08;0.35;-0.46;-2.24;1.05;0.49
11036;-5.15;0.34;8.32;-0.07;0.35;-0.48;-1.68;0.91;1.19
11045;-5.08;0.37;8.33;-0.07;0.35;-0.48;-1.47;0.98;1.47
11054;-5.12;0.36;8.34;-0.07;0.35;-0.48;-0.21;0.77;2.45
11063;-5.11;0.37;8.28;-0.08;0.35;-0.46;0.21;0.56;2.87
11071;-5.04;0.52;8.31;-0.08;0.35;-0.46;0.42;0.77;3.08
11080;-4.99;0.55;8.32;-0.08;0.35;-0.46;0.14;0.63;2.94
11089;-4.95;0.65;8.23;-0.08;0.35;-0.48;0.07;0.77;2.45
11098;-4.94;0.66;8.10;-0.08;0.35;-0.48;-1.05;1.26;1.40
11106;-4.85;0.69;8.09;-0.08;0.35;-0.48;-2.38;1.47;0.49
11115;-4.95;0.55;8.26;-0.07;0.35;-0.47;-2.87;0.56;0.56
11124;-4.87;0.58;8.34;-0.07;0.35;-0.47;-1.12;0.28;0.91
11133;-4.97;0.59;8.17;-0.07;0.35;-0.47;-0.77;0.07;0.35
11142;-4.91;0.57;8.32;-0.09;0.35;-0.47;-0.49;0.14;0.14
11150;-4.95;0.55;8.20;-0.09;0.35;-0.47;-1.12;0.07;-0.14
11159;-5.05;0.45;8.15;-0.09;0.35;-0.47;-0.49;-0.21;0.35
11168;-5.00;0.43;8.20;-0.08;0.35;-0.47;0.98;-0.70;1.05
11177;-5.06;0.42;8.20;-0.08;0.35;-0.47;1.61;-0.70;1.61
11186;-5.05;0.50;8.26;-0.08;0.35;-0.47;0.56;-0.77;1.12
11194;-5.10;0.49;8.23;-0.07;0.35;-0.46;-0.91;-0.98;0.77
11203;-5.02;0.53;8.28;-0.07;0.35;-0.46;-1.19;-0.21;0.42
11212;-5.14;0.48;8.23;-0.07;0.35;-0.46;-1.68;-0.63;-0.14
11221;-5.08;0.45;8.24;-0.08;0.35;-0.47;-1.40;-0.91;0.49
11230;-4.93;0.47;8.38;-0.08;0.35;-0.47;-0.70;-1.05;1.12
11239;-4.88;0.53;8.36;-0.08;0.35;-0.47;-0.56;-0.77;1.40
11247;-4.90;0.58;8.33;-0.08;0.34;-0.46;0.28;-0.98;1.33
11256;-4.91;0.45;8.23;-0.08;0.34;-0.46;0.98;-0.91;0.63
11265;-4.85;0.61;8.33;-0.08;0.34;-0.48;0.49;-0.42;0.77
11274;-4.90;0.61;8.18;-0.08;0.35;-0.48;0.98;-0.63;0.21
11283;-4.91;0.50;8.00;-0.08;0.35;-0.48;0.98;-1.12;-0.42
11292;-4.89;0.47;8.15;-0.09;0.35;-0.47;0.42;-1.54;-0.49
11300;-4.98;0.46;8.20;-0.09;0.35;-0.47;0.28;-2.03;-0.28
11309;-5.00;0.41;8.31;-0.09;0.35;-0.47;0.14;-1.82;-0.56
11318;-4.95;0.47;8.33;-0.08;0.35;-0.47;0.07;-1.89;-0.63
11327;-4.92;0.48;8.40;-0.08;0.35;-0.47;-0.14;-0.98;-0.49
11336;-5.05;0.41;8.38;-0.08;0.35;-0.47;-0.07;-0.56;-0.07
11345;-5.05;0.37;8.28;-0.08;0.34;-0.47;0.35;-0.70;-0.28
11353;-5.05;0.39;8.18;-0.08;0.34;-0.47;1.19;-1.26;0.00
11362;-5.02;0.45;8.27;-0.08;0.34;-0.47;1.89;-2.17;0.63
11371;-4.96;0.47;8.25;-0.08;0.34;-0.47;1.89;-2.52;0.70
11380;-5.02;0.47;8.29;-0.08;0.34;-0.47;1.54;-1.82;0.28
11389;-5.07;0.40;8.41;-0.08;0.34;-0.47;0.70;-1.61;-0.21
11397;-5.07;0.51;8.38;-0.07;0.34;-0.47;1.05;-1.19;17.85
11406;-4.92;0.34;8.31;-0.07;0.34;-0.47;1.54;-1.05;0.35
11415;-4.95;0.45;8.32;-0.07;0.34;-0.47;2.52;-1.47;0.49
11424;-4.96;0.29;8.26;-0.08;0.35;-0.48;3.15;-1.12;0.21
11433;-5.02;0.40;8.16;-0.08;0.35;-0.48;0.91;-1.26;0.21
11442;-5.10;0.28;8.25;-0.08;0.35;-0.48;0.28;-1.68;0.21
11450;-5.07;0.32;8.49;-0.08;0.36;-0.47;0.00;-1.89;0.07
11459;-5.18;0.32;8.52;-0.08;0.36;-0.47;-0.14;-1.40;0.14
11468;-5.07;0.34;8.46;-0.08;0.36;-0.47;-1.47;-0.49;-0.07
11477;-5.05;0.30;8.42;-0.08;0.36;-0.48;-0.91;0.21;-0.35
11486;-5.10;0.25;8.42;-0.08;0.36;-0.48;0.00;0.49;-17.85
11495;-5.04;0.31;8.31;-0.08;0.36;-0.48;-0.14;0.63;0.28
11503;-5.11;0.35;8.34;-0.08;0.35;-0.48;-0.42;0.21;0.63
11512;-5.03;0.37;8.24;-0.08;0.35;-0.48;-0.07;-0.56;0.77
11521;-4.99;0.39;8.37;-0.08;0.35;-0.48;0.91;-0.98;0.84
11530;-5.05;0.39;8.40;-0.08;0.35;-0.47;1.40;-0.98;1.40
11538;-4.99;0.37;8.34;-0.08;0.35;-0.47;0.70;-0.63;0.63
11547;-5.03;0.32;8.36;-0.08;0.35;-0.47;-0.07;-0.77;0.49
11556;-5.00;0.38;8.37;-0.08;0.35;-0.48;-1.68;-0.56;0.14
11565;-5.09;0.42;8.37;-0.08;0.35;-0.48;-2.31;0.14;-0.28
11574;-5.09;0.36;8.38;-0.08;0.34;-0.47;-2.94;0.63;-0.42
11582;-5.01;0.37;8.29;-0.08;0.34;-0.47;-2.38;0.49;-0.49
11591;-5.03;0.34;8.27;-0.08;0.34;-0.47;-2.24;0.63;0.00
11600;-5.00;0.34;8.27;-0.08;0.34;-0.49;-0.49;0.35;0.70
11609;-5.05;0.32;8.21;-0.08;0.34;-0.49;0.21;0.07;1.47
11618;-4.94;0.42;8.23;-0.08;0.34;-0.49;0.63;-0.14;1.33
11626;-4.95;0.36;8.23;-0.08;0.35;-0.47;0.77;0.00;1.40
11635;-4.88;0.41;8.15;-0.08;0.35;-0.47;-0.35;-0.56;0.91
11644;-4.97;0.50;8.13;-0.08;0.35;-0.47;-1.82;-0.21;0.56
11653;-4.96;0.49;8.36;-0.08;0.36;-0.47;-2.17;-0.70;-0.28
11662;-4.98;0.45;8.33;-0.08;0.36;-0.47;-2.94;-0.49;-0.63
11670;-4.95;0.42;8.42;-0.08;0.36;-0.47;-1.82;-0.28;-0.21
11679;-4.90;0.48;8.38;-0.07;0.35;-0.48;0.14;-0.21;0.35
11688;-5.02;0.44;8.33;-0.07;0.35;-0.48;1.26;-0.35;0.42
11697;-4.95;0.55;8.23;-0.07;0.35;-0.48;1.33;-0.56;0.42
11706;-4.96;0.42;8.13;-0.08;0.35;-0.48;0.77;-0.91;0.28
11715;-4.95;0.33;8.09;-0.08;0.35;-0.48;-0.42;-1.19;-0.35
11723;-5.03;0.31;8.26;-0.08;0.35;-0.48;-2.45;-1.05;-0.42
11732;-5.05;0.32;8.33;-0.08;0.35;-0.48;-3.08;-1.26;-0.42
11741;-5.10;0.41;8.51;-0.08;0.35;-0.48;-2.17;-1.54;0.14
11750;-4.94;0.33;8.45;-0.08;0.35;-0.48;-0.84;-0.77;0.84
11759;-5.07;0.36;8.29;-0.08;0.36;-0.49;0.49;-0.07;1.05
11767;-5.02;0.37;8.29;-0.08;0.36;-0.49;0.98;-0.21;1.05
11776;-4.90;0.32;8.23;-0.08;0.36;-0.49;0.21;-0.91;0.98
11785;-5.05;0.45;8.24;-0.07;0.35;-0.47;-0.84;-1.33;1.19
11794;-4.93;0.41;8.31;-0.07;0.35;-0.47;-0.49;-1.26;0.84
11803;-4.97;0.51;8.36;-0.07;0.35;-0.47;-0.28;-1.19;0.91
11811;-5.00;0.53;8.37;-0.08;0.35;-0.48;0.70;-0.63;0.77
11820;-4.97;0.55;8.35;-0.08;0.35;-0.48;-0.35;-0.42;0.21
11829;-5.03;0.46;8.43;-0.08;0.35;-0.48;-1.75;-0.14;-0.14
11838;-5.01;0.52;8.37;-0.08;0.35;-0.47;-2.87;0.14;-0.35
11847;-5.05;0.36;8.37;-0.08;0.35;-0.47;-2.31;-0.42;-0.21
11855;-5.00;0.50;8.46;-0.08;0.35;-0.47;-0.21;-0.42;0.42
11864;-5.07;0.45;8.47;-0.08;0.35;-0.47;1.26;-0.42;0.63
11873;-5.05;0.55;8.28;-0.08;0.35;-0.47;1.12;0.21;0.35
11882;-5.00;0.39;8.26;-0.08;0.35;-0.47;0.35;-0.21;0.07
11891;-4.99;0.51;8.26;-0.08;0.35;-0.47;0.77;-0.28;0.21
11899;-5.02;0.37;8.28;-0.08;0.35;-0.47;0.70;-0.77;0.21
11908;-4.95;0.39;8.32;-0.08;0.35;-0.47;-0.56;-0.70;-0.07
11917;-5.08;0.32;8.26;-0.08;0.35;-0.47;-1.54;-0.91;0.00
11926;-5.05;0.37;8.27;-0.08;0.35;-0.47;-1.82;-1.05;-0.35
11935;-5.10;0.35;8.41;-0.08;0.35;-0.48;-0.84;-0.77;0.35
11943;-5.04;0.37;8.27;-0.08;0.35;-0.48;-0.07;-0.63;0.14
11952;-5.06;0.35;8.30;-0.08;0.35;-0.48;0.14;-0.77;0.98
11961;-4.99;0.38;8.30;-0.07;0.35;-0.47;0.21;-0.35;1.19
11970;-5.12;0.27;8.28;-0.07;0.35;-0.47;0.28;0.21;1.47
11979;-5.07;0.47;8.28;-0.07;0.35;-0.47;0.49;0.35;1.33
11988;-4.85;0.56;8.33;-0.07;0.34;-0.48;0.63;-0.14;1.12
11996;-4.95;0.37;8.15;-0.07;0.34;-0.48;-0.49;0.00;0.63
12005;-4.95;0.32;8.28;-0.07;0.34;-0.48;-1.33;0.07;0.21
12014;-4.89;0.41;8.28;-0.08;0.35;-0.47;-1.68;-0.84;0.00
12023;-4.97;0.41;8.37;-0.08;0.35;-0.47;-1.82;-0.77;-0.21
12032;-4.95;0.42;8.36;-0.08;0.35;-0.47;-1.19;-0.49;-0.07
12040;-4.95;0.51;8.26;-0.08;0.35;-0.48;-0.56;0.00;-0.35
12049;-4.99;0.52;8.26;-0.08;0.35;-0.48;-0.49;-0.14;0.07
12058;-5.02;0.39;8.23;-0.08;0.35;-0.48;0.42;-0.63;0.21
12067;-4.90;0.43;8.22;-0.08;0.35;-0.47;1.19;-0.42;0.70
12076;-5.06;0.37;8.20;-0.08;0.35;-0.47;0.21;-0.98;0.14
12084;-4.95;0.37;8.21;-0.08;0.35;-0.47;-1.05;-1.19;0.28
12093;-5.05;0.47;8.30;-0.09;0.35;-0.47;-1.12;-0.63;0.35
12102;-5.00;0.42;8.48;-0.09;0.35;-0.47;-0.70;-0.98;0.14
12111;-4.98;0.31;8.32;-0.09;0.35;-0.47;-0.28;-0.49;0.07
12120;-4.99;0.33;8.18;-0.08;0.35;-0.47;0.49;-0.49;0.63
12128;-4.99;0.29;8.21;-0.08;0.35;-0.47;0.49;-0.21;1.33
12137;-4.97;0.25;8.16;-0.08;0.35;-0.47;0.70;-0.63;1.33
12146;-5.01;0.30;8.31;-0.08;0.35;-0.48;0.42;-0.42;1.05
12155;-5.06;0.34;8.20;-0.08;0.35;-0.48;-1.19;-0.14;1.26
12164;-4.95;0.50;8.34;-0.08;0.35;-0.48;-1.61;0.07;0.77
12173;-4.92;0.41;8.26;-0.08;0.35;-0.48;-1.68;0.00;0.84
12181;-5.06;0.46;8.39;-0.08;0.35;-0.48;-0.56;0.21;0.56
12190;-4.90;0.46;8.37;-0.09;0.36;-0.48;-0.21;-0.42;0.70
12199;-5.07;0.42;8.17;-0.09;0.36;-0.48;0.07;-1.40;1.19
12208;-5.00;0.47;8.36;-0.09;0.36;-0.48;0.14;-2.38;1.19
12217;-4.99;0.45;8.31;-0.08;0.36;-0.48;-0.07;-2.52;1.33
12225;-4.99;0.47;8.30;-0.08;0.36;-0.48;-0.21;-2.31;0.84
12234;-4.99;0.42;8.56;-0.08;0.36;-0.48;0.07;-2.17;0.84
12243;-5.01;0.46;8.43;-0.09;0.36;-0.47;-0.70;-1.40;0.35
12252;-5.07;0.45;8.51;-0.09;0.36;-0.47;-1.40;-0.63;0.28
12260;-5.01;0.40;8.46;-0.09;0.36;-0.47;-1.54;-0.42;0.42
12269;-5.04;0.44;8.35;-0.08;0.34;-0.47;-0.63;-0.14;0.42
12278;-4.99;0.46;8.46;-0.08;0.34;-0.47;0.14;-0.21;0.77
12287;-5.01;0.42;8.38;-0.08;0.34;-0.47;0.21;-0.35;0.56
12296;-4.99;0.44;8.29;-0.08;0.35;-0.46;-0.07;-0.14;0.49
12304;-5.05;0.44;8.32;-0.08;0.35;-0.46;0.00;-0.70;0.56
12313;-5.00;0.47;8.24;-0.08;0.35;-0.46;-0.14;-1.12;0.63
12322;-5.00;0.49;8.34;-0.09;0.35;-0.47;-0.14;-1.05;0.91
12331;-4.99;0.54;8.36;-0.09;0.35;-0.47;-0.21;-0.84;0.35
12340;-5.08;0.48;8.42;-0.09;0.35;-0.47;-0.35;-0.42;0.28
12349;-4.95;0.45;8.36;-0.09;0.35;-0.47;-0.63;-0.21;0.14
12357;-5.02;0.47;8.35;-0.09;0.35;-0.47;-0.84;0.14;-0.35
12366;-5.05;0.47;8.32;-0.09;0.35;-0.47;-1.19;0.56;-0.56
12375;-5.01;0.38;8.36;-0.08;0.34;-0.48;-1.05;0.07;-0.42
12384;-5.05;0.32;8.35;-0.08;0.34;-0.48;-0.63;-0.07;17.71
12393;-5.02;0.38;8.32;-0.08;0.34;-0.48;0.21;-0.49;0.14
12401;-5.02;0.39;8.29;-0.08;0.35;-0.47;0.28;-0.07;-0.07
12410;-5.06;0.37;8.30;-0.08;0.35;-0.47;0.28;0.00;0.49
12419;-5.02;0.33;8.26;-0.08;0.35;-0.47;0.35;0.07;0.77
12428;-5.10;0.30;8.26;-0.08;0.35;-0.47;-17.92;0.07;0.91
12437;-5.09;0.37;8.24;-0.08;0.35;-0.47;0.07;0.07;0.91
12446;-4.98;0.47;8.20;-0.08;0.35;-0.47;-0.91;-0.35;0.91
12454;-4.87;0.49;8.30;-0.07;0.36;-0.47;-0.49;-0.21;0.70
12463;-4.85;0.48;8.28;-0.07;0.36;-0.47;-1.05;-0.84;0.21
12472;-4.82;0.38;8.14;-0.08;0.35;-0.47;-1.26;-0.63;-0.07
12481;-4.91;0.39;8.26;-0.08;0.35;-0.47;-1.61;-0.49;-0.42
12490;-4.92;0.39;8.27;-0.08;0.35;-0.47;-1.26;-0.91;-0.49
12498;-4.98;0.38;8.27;-0.09;0.36;-0.47;-0.84;-1.05;-0.35
12507;-4.96;0.37;8.37;-0.09;0.36;-0.47;-0.21;-0.91;-0.21
12516;-5.00;0.36;8.34;-0.09;0.36;-0.47;-0.21;-0.28;0.00
12525;-5.02;0.38;8.28;-0.08;0.35;-0.46;0.14;-0.28;0.35
12534;-5.10;0.47;8.33;-0.08;0.35;-0.46;0.42;0.21;0.70
12543;-5.04;0.34;8.31;-0.08;0.35;-0.46;0.21;-0.35;0.28
12551;-5.10;0.29;8.20;-0.08;0.35;-0.47;0.49;-0.49;0.21
12560;-5.08;0.32;8.29;-0.08;0.35;-0.47;-0.28;-0.70;0.28
12569;-4.99;0.30;8.22;-0.08;0.35;-0.47;-0.21;-0.98;0.70
12578;-4.96;0.40;8.14;-0.08;0.35;-0.46;0.14;-1.40;1.05
12586;-5.01;0.37;8.16;-0.08;0.35;-0.46;0.07;-1.40;1.05
12595;-4.85;0.38;8.36;-0.08;0.35;-0.46;0.14;-1.68;1.05
12604;-4.93;0.43;8.41;-0.08;0.35;-0.46;-0.56;-0.91;0.56
12613;-4.87;0.41;8.36;-0.08;0.35;-0.46;-1.19;-0.84;0.35
12622;-5.00;0.50;8.32;-0.08;0.35;-0.46;-1.40;-0.77;-0.21
12630;-5.00;0.51;8.41;-0.08;0.35;-0.46;-1.26;-1.19;0.00
12639;-4.99;0.44;8.38;-0.08;0.35;-0.46;-0.70;-1.12;0.00
12648;-4.97;0.42;8.46;-0.08;0.35;-0.46;-0.49;-0.77;-0.14
12657;-5.06;0.41;8.36;-0.09;0.35;-0.47;-0.21;-0.35;0.00
12665;-5.10;0.33;8.26;-0.09;0.35;-0.47;-0.70;-0.21;-17.85
12674;-5.13;0.32;8.29;-0.09;0.35;-0.47;0.07;-0.35;0.70
12683;-5.06;0.42;8.27;-0.08;0.35;-0.46;0.63;-0.70;0.84
12692;-5.04;0.37;8.25;-0.08;0.35;-0.46;0.35;-0.70;0.98
12701;-5.02;0.43;8.26;-0.08;0.35;-0.46;0.14;-0.63;1.12
12709;-4.99;0.43;8.23;-0.09;0.36;-0.48;-0.98;-0.70;0.63
12718;-5.04;0.37;8.24;-0.09;0.36;-0.48;-1.05;-1.12;0.63
12727;-5.01;0.40;8.35;-0.09;0.36;-0.48;-0.49;-1.33;1.05
12736;-5.02;0.44;8.29;-0.08;0.35;-0.47;0.00;-1.40;1.26
12745;-4.96;0.39;8.31;-0.08;0.35;-0.47;0.49;-0.91;0.84
12754;-5.00;0.48;8.54;-0.08;0.35;-0.47;-0.42;-0.56;0.70
12763;-5.01;0.53;8.47;-0.09;0.36;-0.47;-1.40;0.21;0.14
12771;-4.99;0.50;8.37;-0.09;0.36;-0.47;-1.47;0.21;0.14
12780;-5.07;0.48;8.31;-0.08;0.35;-0.47;-0.42;-0.35;0.42
12789;-5.10;0.53;8.28;-0.08;0.35;-0.47;0.56;-0.84;0.56
12798;-4.94;0.44;8.34;-0.08;0.35;-0.47;0.98;-1.75;0.84
12807;-5.00;0.34;8.22;-0.08;0.35;-0.46;0.77;-1.54;0.84
12815;-4.95;0.39;8.17;-0.08;0.35;-0.46;0.84;-1.89;1.12
12824;-5.00;0.32;8.29;-0.08;0.35;-0.46;0.21;-2.17;1.26
12833;-4.99;0.49;8.26;-0.08;0.35;-0.46;-0.77;-1.75;0.84
12842;-4.95;0.43;8.41;-0.08;0.35;-0.46;-2.66;-2.10;-0.21
12851;-4.92;0.46;8.46;-0.08;0.35;-0.46;-2.59;-1.68;0.21
12859;-4.90;0.40;8.38;-0.08;0.35;-0.47;-0.63;-2.17;0.35
12868;-5.04;0.51;8.38;-0.08;0.35;-0.47;1.26;-1.96;0.84
12877;-4.95;0.41;8.41;-0.08;0.35;-0.47;0.91;-1.68;0.98
12886;-4.94;0.35;8.28;-0.08;0.35;-0.47;0.84;-0.63;0.42
12895;-4.97;0.34;8.30;-0.08;0.35;-0.47;0.70;-0.70;0.49
12903;-4.95;0.44;8.18;-0.08;0.35;-0.47;0.42;-0.35;0.21
12912;-4.95;0.29;8.18;-0.08;0.36;-0.47;-0.35;-1.05;0.42
12921;-5.04;0.37;8.18;-0.08;0.36;-0.47;-0.42;-1.75;0.00
12930;-5.03;0.33;8.11;-0.08;0.36;-0.47;-0.63;-2.10;0.21
12938;-5.02;0.26;8.22;-0.09;0.35;-0.46;-0.70;-2.17;0.49
12947;-5.13;0.32;8.26;-0.09;0.35;-0.46;-0.56;-1.89;0.84
12956;-4.96;0.32;8.47;-0.09;0.35;-0.46;-1.40;-1.26;0.70
12965;-5.04;0.28;8.51;-0.09;0.35;-0.48;-0.84;-0.28;0.28
12974;-5.12;0.29;8.38;-0.09;0.35;-0.48;-0.42;0.49;0.98
12982;-5.09;0.33;8.34;-0.09;0.35;-0.48;-0.21;0.07;1.12
12991;-5.08;0.35;8.30;-0.09;0.35;-0.47;0.21;0.00;1.12
13000;-4.99;0.37;8.17;-0.09;0.35;-0.47;0.98;-0.49;1.33
13009;-4.98;0.40;8.29;-0.09;0.35;-0.47;1.40;-1.05;1.47
13017;-4.91;0.45;8.18;-0.08;0.35;-0.47;0.91;-1.05;1.12
13026;-4.88;0.39;8.23;-0.08;0.35;-0.47;-0.49;-1.19;0.84
13035;-5.00;0.50;8.24;-0.08;0.35;-0.47;-1.75;-1.68;0.07
13044;-4.92;0.42;8.20;-0.08;0.35;-0.47;-1.33;-1.68;0.21
13052;-4.95;0.45;8.41;-0.08;0.35;-0.47;-1.82;-1.89;0.14
13061;-5.10;0.47;8.49;-0.08;0.35;-0.47;-1.61;-1.82;0.21
13070;-5.17;0.52;8.56;-0.08;0.35;-0.47;-1.12;-1.40;-0.14
13079;-5.25;0.42;8.60;-0.08;0.35;-0.47;-0.91;-0.56;-0.28
13088;-5.03;0.34;8.28;-0.08;0.34;-0.46;-0.63;0.42;0.07
13096;-5.08;0.27;8.30;-0.09;0.34;-0.46;0.63;0.91;0.42
13105;-5.14;0.43;8.26;-0.09;0.34;-0.46;1.12;0.63;0.63
13114;-5.14;0.34;8.18;-0.08;0.35;-0.47;0.14;0.63;0.77
13123;-5.00;0.30;8.25;-0.08;0.35;-0.47;-0.98;0.56;-0.07
13132;-5.12;0.41;8.28;-0.08;0.35;-0.47;-1.68;0.00;0.14
13140;-5.13;0.34;8.22;-0.08;0.35;-0.48;-2.24;-0.42;0.07
13149;-4.94;0.31;8.38;-0.08;0.35;-0.48;-1.61;-0.84;0.14
13158;-5.05;0.37;8.39;-0.08;0.35;-0.48;-1.40;-0.56;0.21
13167;-5.03;0.36;8.20;-0.08;0.35;-0.47;-1.54;-0.63;0.21
13176;-5.02;0.37;8.38;-0.08;0.35;-0.47;-0.77;-0.49;0.42
13184;-5.05;0.37;8.36;-0.08;0.35;-0.47;-0.35;-0.63;0.56
13193;-5.04;0.47;8.26;-0.08;0.36;-0.48;0.35;-0.07;0.70
13202;-4.99;0.34;8.31;-0.08;0.36;-0.48;-0.84;-0.07;0.49
13211;-4.95;0.37;8.23;-0.08;0.36;-0.48;-0.98;0.00;0.00
13219;-4.97;0.39;8.15;-0.09;0.35;-0.48;-1.75;0.21;0.28
13228;-5.00;0.30;8.27;-0.09;0.35;-0.48;-1.54;0.14;0.14
13237;-5.00;0.37;8.24;-0.09;0.35;-0.48;-0.98;0.28;0.21
13246;-5.01;0.34;8.25;-0.09;0.35;-0.47;-0.70;0.35;0.14
13254;-5.06;0.32;8.26;-0.09;0.35;-0.47;-0.56;0.35;0.28
13263;-5.02;0.38;8.26;-0.09;0.35;-0.47;-0.07;0.42;0.42
13272;-5.04;0.34;8.23;-0.09;0.35;-0.48;0.00;-0.07;0.84
13281;-4.96;0.27;8.11;-0.09;0.35;-0.48;-0.21;-0.42;1.33
13290;-4.92;0.46;8.18;-0.09;0.35;-0.48;-1.05;-0.77;0.77
13298;-4.86;0.42;8.13;-0.08;0.35;-0.47;-2.24;-1.47;0.84
13307;-4.96;0.44;8.26;-0.08;0.35;-0.47;-2.38;-1.68;0.35
13316;-5.02;0.49;8.47;-0.08;0.35;-0.47;-1.33;-1.12;0.77
13325;-5.00;0.41;8.38;-0.09;0.35;-0.48;-0.14;-0.91;1.19
13334;-4.95;0.45;8.31;-0.09;0.35;-0.48;0.49;-1.05;0.63
13342;-5.03;0.34;8.31;-0.09;0.35;-0.48;-0.35;-1.33;0.91
13351;-5.01;0.39;8.29;-0.08;0.36;-0.46;-0.35;-1.26;0.49
13360;-4.99;0.34;8.32;-0.08;0.36;-0.46;-0.42;-1.19;0.63
13369;-5.00;0.41;8.28;-0.08;0.36;-0.46;-0.35;-0.98;0.42
13377;-5.04;0.43;8.33;-0.09;0.35;-0.47;-1.33;-0.70;0.49
13386;-5.14;0.39;8.31;-0.09;0.35;-0.47;-2.10;-0.56;0.00
13395;-5.06;0.43;8.35;-0.09;0.35;-0.47;-1.54;-0.56;0.21
13404;-5.06;0.42;8.28;-0.09;0.35;-0.46;-0.42;-1.12;0.49
13413;-5.00;0.40;8.21;-0.09;0.35;-0.46;0.84;-1.61;0.91
13421;-5.00;0.45;8.25;-0.08;0.36;-0.49;1.05;-1.68;1.26
13430;-4.89;0.47;8.25;-0.08;0.36;-0.49;0.28;-1.47;0.70
13439;-4.99;0.42;8.24;-0.08;0.36;-0.49;-0.56;-1.61;0.63
13448;-5.05;0.38;8.38;-0.09;0.36;-0.47;-0.56;-1.05;0.49
13457;-4.98;0.54;8.36;-0.09;0.36;-0.47;-0.28;-0.42;0.35
13465;-4.98;0.55;8.31;-0.09;0.36;-0.47;-0.84;0.07;-0.14
13474;-4.99;0.52;8.33;-0.09;0.35;-0.48;-1.89;0.07;-0.42
13483;-5.00;0.62;8.33;-0.09;0.35;-0.48;-1.75;-0.63;-0.84
13492;-4.95;0.52;8.22;-0.09;0.35;-0.48;-1.89;-1.19;-0.91
13501;-4.96;0.45;8.33;-0.09;0.35;-0.47;-1.68;-1.47;-1.05
13510;-5.07;0.42;8.30;-0.09;0.35;-0.47;-1.47;-1.40;-0.91
13518;-5.05;0.42;8.36;-0.09;0.35;-0.47;-0.84;-1.82;-0.56
13527;-5.19;0.40;8.35;-0.09;0.35;-0.47;0.00;-1.40;-0.28
13536;-4.96;0.37;8.28;-0.09;0.35;-0.47;-0.35;-0.98;-0.21
13545;-5.09;0.43;8.36;-0.09;0.35;-0.47;0.07;-0.84;0.07
13554;-5.11;0.44;8.45;-0.08;0.36;-0.46;1.26;-0.42;0.21
13562;-4.95;0.47;8.46;-0.08;0.36;-0.46;0.91;-0.14;-0.49
13571;-4.97;0.51;8.31;-0.08;0.36;-0.46;-1.75;0.63;-1.19
13580;-5.01;0.48;8.28;-0.09;0.36;-0.47;-4.06;0.63;-1.89
13589;-5.07;0.53;8.41;-0.09;0.36;-0.47;-3.29;0.63;-2.10
13598;-5.04;0.51;8.38;-0.09;0.36;-0.47;-1.89;0.49;-1.26
13607;-4.94;0.52;8.47;-0.08;0.36;-0.47;-0.35;0.63;-0.98
13616;-4.98;0.55;8.31;-0.08;0.36;-0.47;-0.28;0.49;-0.91
13624;-5.01;0.49;8.35;-0.08;0.36;-0.47;-0.63;0.28;-0.98
13633;-5.02;0.45;8.28;-0.08;0.36;-0.48;17.78;0.00;-0.77
13642;-5.00;0.50;8.42;-0.08;0.36;-0.48;0.77;-0.35;-0.28
13651;-5.06;0.50;8.38;-0.08;0.36;-0.48;0.00;-0.49;-1.05
13659;-4.95;0.49;8.26;-0.08;0.35;-0.47;-1.47;-0.07;-1.82
13668;-5.08;0.33;8.20;-0.08;0.35;-0.47;-3.01;0.21;-1.82
13677;-5.03;0.28;8.23;-0.08;0.35;-0.47;-2.87;0.00;-1.61
13686;-5.02;0.17;8.35;-0.09;0.36;-0.46;-1.05;-0.63;-0.56
13695;-4.96;0.25;8.32;-0.09;0.36;-0.46;0.70;-1.19;0.56
13704;-5.09;0.25;8.31;-0.09;0.35;-0.47;0.56;-1.33;0.77
13712;-4.94;0.42;8.33;-0.08;0.35;-0.47;0.56;-0.70;0.63
13721;-4.96;0.34;8.34;-0.08;0.35;-0.47;-0.49;-0.35;0.63
13730;-5.01;0.47;8.38;-0.07;0.35;-0.47;-1.40;0.56;0.00
13739;-4.96;0.36;8.31;-0.07;0.35;-0.47;-1.68;1.12;-0.42
13747;-4.95;0.29;8.20;-0.07;0.35;-0.47;-0.77;0.70;-0.42
13756;-4.90;0.32;8.25;-0.08;0.35;-0.47;-0.14;0.49;0.35
13765;-4.93;0.32;8.17;-0.08;0.35;-0.47;0.63;0.28;1.19
13774;-4.80;0.44;8.09;-0.08;0.35;-0.47;0.49;-0.56;0.84
13783;-4.82;0.48;8.22;-0.08;0.35;-0.47;-0.42;-0.77;-0.07
13791;-4.85;0.39;8.12;-0.08;0.35;-0.47;-1.82;-1.47;-0.07
13800;-4.93;0.38;8.31;-0.08;0.35;-0.47;-1.26;-1.19;-0.14
13809;-4.89;0.44;8.29;-0.09;0.35;-0.48;-0.49;-1.12;-0.49
13818;-4.97;0.34;8.31;-0.09;0.35;-0.48;-0.56;-0.63;-0.42
13827;-4.97;0.35;8.28;-0.09;0.35;-0.48;-0.56;-0.49;0.14
13836;-5.01;0.34;8.31;-0.09;0.35;-0.47;-0.56;-0.56;0.35
13844;-5.03;0.39;8.10;-0.09;0.35;-0.47;-0.70;-0.70;0.91
13853;-5.04;0.44;7.99;-0.09;0.35;-0.47;-1.89;-1.12;0.35
13862;-5.00;0.35;8.15;-0.09;0.34;-0.49;-2.17;-1.54;0.28
13871;-5.08;0.35;8.20;-0.09;0.34;-0.49;-1.89;-2.45;0.42
13880;-5.02;0.29;8.33;-0.09;0.34;-0.49;-0.98;-2.66;0.56
13888;-4.97;0.47;8.46;-0.09;0.35;-0.48;-0.70;-2.66;0.98
13897;-4.99;0.45;8.40;-0.09;0.35;-0.48;-1.47;-1.75;1.19
13906;-4.98;0.45;8.45;-0.09;0.35;-0.48;-1.89;-1.33;1.19
13915;-4.97;0.55;8.42;-0.08;0.35;-0.49;-2.31;-0.42;0.49
13924;-5.00;0.60;8.39;-0.08;0.35;-0.49;-2.59;0.35;-0.07
13932;-5.03;0.64;8.44;-0.08;0.35;-0.49;-3.85;0.77;-0.91
13941;-5.09;0.69;8.33;-0.08;0.35;-0.48;-4.34;0.35;-1.54
13950;-5.10;0.54;8.32;-0.08;0.35;-0.48;-4.69;-0.28;-1.61
13959;-5.05;0.53;8.41;-0.08;0.35;-0.48;-3.36;-1.05;-0.98
13968;-5.04;0.47;8.33;-0.08;0.34;-0.47;-2.10;-1.89;-0.49
13976;-5.08;0.50;8.38;-0.08;0.34;-0.47;-0.21;-1.54;0.42
13985;-5.02;0.50;8.30;-0.08;0.34;-0.47;0.77;-1.47;1.19
13994;-4.94;0.49;8.36;-0.09;0.35;-0.47;1.33;-0.91;1.40
14003;-4.95;0.50;8.20;-0.09;0.35;-0.47;1.61;-1.19;1.68
14012;-4.92;0.62;8.08;-0.08;0.35;-0.47;1.54;-1.54;1.75
14021;-4.91;0.73;8.14;-0.08;0.35;-0.47;0.63;-0.98;1.26
14029;-4.92;0.93;8.26;-0.08;0.35;-0.47;-2.24;0.00;-0.42
14038;-4.97;0.80;8.22;-0.08;0.34;-0.48;-4.48;0.35;-1.40
14047;-4.93;0.73;8.26;-0.08;0.34;-0.48;-4.06;0.00;-1.40
14056;-4.83;0.69;8.13;-0.08;0.34;-0.48;-2.03;-0.77;-0.91
14065;-4.97;0.69;8.27;-0.09;0.35;-0.46;-0.42;-1.40;-0.77
14073;-4.90;0.70;8.14;-0.09;0.35;-0.46;-0.07;-1.68;-1.61
14082;-4.96;0.67;8.19;-0.09;0.35;-0.46;-0.56;-1.33;-1.75
14091;-5.02;0.64;8.37;-0.09;0.35;-0.48;-1.12;-2.03;-1.68
14100;-4.95;0.56;8.14;-0.09;0.35;-0.48;-0.21;-1.89;-1.54
14109;-5.05;0.54;8.35;-0.09;0.35;-0.48;0.28;-1.89;-1.54
14117;-5.11;0.56;8.33;-0.08;0.34;-0.47;0.49;-1.33;-1.54
14126;-5.04;0.52;8.40;-0.08;0.34;-0.47;0.42;-1.47;-1.68
14135;-5.09;0.47;8.31;-0.08;0.34;-0.47;-0.07;-1.40;-1.75
14144;-5.01;0.47;8.24;-0.10;0.35;-0.46;-0.91;-0.91;-2.03
14153;-5.00;0.45;8.31;-0.10;0.35;-0.46;-0.49;-1.26;-1.47
14162;-4.96;0.51;8.30;-0.10;0.35;-0.46;0.07;-1.54;-0.84
14170;-5.01;0.43;8.28;-0.09;0.34;-0.48;0.14;-1.75;-1.12
14179;-5.08;0.64;8.37;-0.09;0.34;-0.48;-0.07;-1.68;-1.19
14188;-5.10;0.42;8.31;-0.09;0.34;-0.48;0.21;-1.54;-1.05
14197;-5.08;0.51;8.43;-0.08;0.35;-0.48;0.63;-1.26;-0.98
14206;-5.15;0.45;8.31;-0.08;0.35;-0.48;1.26;-1.68;-0.91
14215;-5.04;0.47;8.45;-0.08;0.35;-0.48;0.35;-0.98;-1.61
14223;-5.12;0.37;8.36;-0.08;0.35;-0.47;-0.77;-0.42;-1.75
14232;-5.14;0.33;8.36;-0.08;0.35;-0.47;-1.54;-0.28;-1.61
14241;-5.09;0.35;8.31;-0.08;0.35;-0.47;-1.33;-0.42;-1.05
14250;-5.05;0.36;8.33;-0.08;0.35;-0.47;-0.35;-0.49;-0.63
14259;-4.96;0.48;8.38;-0.08;0.35;-0.47;-0.21;-0.35;-0.21
14268;-4.90;0.52;8.22;-0.08;0.35;-0.47;0.21;0.14;0.14
14277;-5.07;0.51;8.33;-0.07;0.34;-0.47;-0.28;0.07;-0.84
14285;-4.97;0.48;8.20;-0.07;0.34;-0.47;-0.91;-0.63;-1.33
14294;-5.08;0.52;8.26;-0.08;0.34;-0.46;-1.61;-0.56;-1.68
14303;-4.92;0.34;8.38;-0.08;0.34;-0.46;-2.94;-1.05;-2.31
14312;-5.04;0.44;8.36;-0.08;0.34;-0.46;-3.22;-1.12;-2.17
14321;-5.05;0.39;8.42;-0.08;0.34;-0.48;-3.22;-1.05;-1.89
14330;-5.08;0.43;8.44;-0.08;0.34;-0.48;-3.29;-0.14;-1.68
14339;-5.02;0.44;8.52;-0.08;0.34;-0.48;-3.43;0.35;-1.40
14347;-5.17;0.54;8.53;-0.07;0.34;-0.48;-2.80;0.07;-0.77
14356;-5.06;0.51;8.52;-0.07;0.34;-0.48;-1.33;0.14;-0.42
14365;-5.10;0.47;8.47;-0.07;0.34;-0.48;0.21;-0.56;0.14
14374;-5.16;0.52;8.38;-0.08;0.35;-0.48;-0.28;17.57;0.07
14383;-5.15;0.54;8.42;-0.08;0.35;-0.48;-1.82;-0.14;-0.70
14391;-5.11;0.56;8.47;-0.08;0.35;-0.48;-3.57;0.00;-1.40
14400;-5.09;0.46;8.41;-0.07;0.35;-0.47;-4.34;0.49;-1.96
14409;-5.12;0.39;8.51;-0.07;0.35;-0.47;-3.36;0.84;-1.33
14418;-5.13;0.37;8.31;-0.07;0.35;-0.47;-1.54;0.49;-0.14
14427;-5.03;0.55;8.23;-0.08;0.35;-0.48;-0.07;0.14;1.33
14436;-5.00;0.46;8.48;-0.08;0.35;-0.48;-0.42;0.14;1.19
14444;-4.89;0.57;8.34;-0.08;0.35;-0.48;-2.10;0.77;0.56
14453;-4.94;0.53;8.40;-0.07;0.35;-0.46;-2.59;1.33;0.35
14462;-4.93;0.56;8.28;-0.07;0.35;-0.46;-2.10;1.68;0.00
14471;-4.82;0.57;8.14;-0.07;0.35;-0.46;-3.08;2.17;-0.56
14480;-4.97;0.47;8.23;-0.08;0.34;-0.46;-3.85;1.89;-0.63
14488;-4.90;0.55;8.29;-0.08;0.34;-0.46;-2.80;1.05;-0.07
14497;-4.94;0.42;8.12;-0.08;0.34;-0.46;-1.96;1.68;0.14
14506;-4.84;0.47;8.16;-0.08;0.35;-0.47;-1.40;1.05;1.19
14515;-4.80;0.58;8.08;-0.08;0.35;-0.47;-0.70;0.70;0.63
14524;-4.86;0.55;8.08;-0.08;0.35;-0.47;-1.26;0.21;0.49
14532;-4.80;0.45;8.14;-0.08;0.34;-0.48;-2.10;0.56;0.63
14541;-4.84;0.47;8.03;-0.08;0.34;-0.48;-3.08;0.63;-0.21
14550;-4.85;0.57;8.08;-0.08;0.34;-0.48;-3.64;0.28;-0.07
14559;-4.98;0.45;8.08;-0.08;0.35;-0.48;-3.43;0.07;0.21
14568;-5.02;0.45;8.10;-0.08;0.35;-0.48;-2.52;-0.42;0.14
14576;-5.02;0.43;8.10;-0.08;0.34;-0.47;-1.89;-0.70;1.12
14585;-5.06;0.46;8.30;-0.08;0.34;-0.47;-1.54;-0.42;1.68
14594;-5.02;0.47;8.22;-0.08;0.34;-0.47;-0.63;0.07;2.38
14603;-4.99;0.41;8.18;-0.08;0.33;-0.47;0.49;-0.21;2.87
14612;-4.94;0.55;8.13;-0.08;0.33;-0.47;0.28;0.14;3.08
14620;-4.92;0.68;8.10;-0.08;0.33;-0.47;-0.28;0.35;2.31
14629;-4.99;0.69;8.21;-0.08;0.35;-0.47;-2.24;0.63;1.96
14638;-4.91;0.75;8.13;-0.08;0.35;-0.47;-3.64;0.21;0.70
14647;-4.87;0.70;8.23;-0.08;0.35;-0.47;-4.20;-0.21;-0.21
14656;-5.05;0.62;8.36;-0.08;0.34;-0.48;-3.08;-0.49;0.49
14664;-4.98;0.55;8.34;-0.08;0.34;-0.48;-1.40;-0.56;1.19
14673;-4.97;0.57;8.28;-0.08;0.34;-0.48;-0.49;-1.40;1.54
14682;-5.02;0.56;8.36;-0.08;0.34;-0.46;0.49;-1.40;1.89
14691;-4.97;0.62;8.50;-0.08;0.34;-0.46;-0.28;-1.26;2.38
14700;-4.85;0.54;8.35;-0.08;0.34;-0.46;-0.49;-0.98;2.59
14709;-4.99;0.63;8.40;-0.07;0.34;-0.46;-0.35;-0.07;2.94
14717;-4.97;0.70;8.32;-0.07;0.34;-0.46;0.35;0.70;2.80
14726;-4.96;0.80;8.32;-0.07;0.34;-0.46;-0.49;0.63;2.17
14735;-4.98;0.85;8.31;-0.08;0.35;-0.47;-2.45;1.40;0.35
14744;-4.87;0.79;8.36;-0.08;0.35;-0.47;-3.99;1.40;-0.35
14752;-5.04;0.67;8.26;-0.08;0.35;-0.47;-3.22;0.98;-0.07
14761;-4.92;0.73;8.36;-0.08;0.34;-0.47;-2.10;-0.07;0.56
14770;-4.95;0.75;8.41;-0.08;0.34;-0.47;-0.98;-0.70;0.84
14779;-4.88;0.72;8.35;-0.08;0.34;-0.47;-1.12;-0.35;1.26
14788;-4.92;0.70;8.41;-0.08;0.35;-0.47;-1.19;-0.14;1.12
14797;-4.84;0.63;8.48;-0.08;0.35;-0.47;-1.54;-0.07;1.12
14805;-4.93;0.67;8.41;-0.08;0.35;-0.47;-0.21;-0.14;1.54
14814;-4.92;0.81;8.41;-0.08;0.34;-0.47;0.07;-0.42;1.47
14823;-4.97;0.85;8.42;-0.08;0.34;-0.47;-0.63;0.42;1.05
14832;-4.93;0.75;8.27;-0.08;0.34;-0.47;-1.19;0.28;0.49
14840;-4.98;0.70;8.16;-0.08;0.34;-0.46;-2.31;0.56;0.21
14849;-4.98;0.69;8.40;-0.08;0.34;-0.46;-2.52;0.21;-0.56
14858;-5.02;0.75;8.36;-0.08;0.34;-0.46;-2.24;0.49;-0.56
14867;-5.06;0.69;8.36;-0.09;0.35;-0.46;-1.68;-0.28;-0.42
14876;-5.02;0.65;8.26;-0.09;0.35;-0.46;-0.77;-0.35;-0.35
14884;-5.03;0.60;8.27;-0.09;0.35;-0.46;-1.19;-0.84;-0.28
14893;-4.99;0.58;8.56;-0.07;0.35;-0.46;-0.98;-0.35;0.21
14902;-5.06;0.67;8.38;-0.07;0.35;-0.46;-1.26;-0.07;0.35
14911;-4.88;0.61;8.33;-0.08;0.34;-0.45;-0.35;0.07;0.49
14920;-4.95;0.70;8.29;-0.08;0.34;-0.45;-0.42;0.28;0.49
14928;-4.95;0.69;8.39;-0.08;0.34;-0.45;-0.42;0.70;0.91
14937;-4.92;0.70;8.28;-0.09;0.34;-0.46;-0.63;0.91;0.63
14946;-4.90;0.54;8.21;-0.09;0.34;-0.46;-0.49;0.91;0.07
14955;-4.93;0.62;8.31;-0.09;0.34;-0.46;-0.98;1.05;0.28
14963;-4.88;0.68;8.23;-0.07;0.34;-0.47;-0.98;1.19;-0.28
14972;-4.81;0.60;8.18;-0.07;0.34;-0.47;-0.77;0.35;0.07
14981;-4.82;0.58;8.12;-0.07;0.34;-0.47;-0.14;-0.21;0.21
14990;-4.85;0.65;8.28;-0.07;0.35;-0.48;0.00;-0.49;0.42
14999;-4.86;0.63;8.18;-0.07;0.35;-0.48;-0.84;-1.12;0.00
complete
