Time(ms);AccX(m/s^2);AccY(m/s^2);AccZ(m/s^2);MagX(gauss);MagY(gauss);MagZ(gauss);GyroX(dps);GyroY(dps);GyroZ(dps)
2479.0;-7.82;5.27;1.64;-0.37;-0.04;-0.28;0.98;-0.35;0.98
2490.0;-7.9;5.31;1.6;-0.37;-0.04;-0.28;0.0;-0.49;0.0
2499.0;-7.83;5.23;1.59;-0.37;-0.05;-0.29;0.56;0.7;0.56
2508.0;-7.86;5.3;1.61;-0.36;-0.05;-0.29;0.49;0.98;0.49
2517.0;-7.78;5.25;1.54;-0.36;-0.05;-0.29;1.47;1.05;1.47
2526.0;-7.77;5.3;1.62;-0.37;-0.04;-0.27;2.03;0.98;2.03
2535.0;-7.88;5.27;1.58;-0.37;-0.04;-0.27;1.47;1.33;1.47
2544.0;-7.85;5.28;1.6;-0.37;-0.04;-0.27;1.26;2.52;1.26
2553.0;-7.72;5.25;1.61;-0.36;-0.05;-0.28;0.77;1.75;0.77
2564.0;-7.77;5.28;1.57;-0.36;-0.05;-0.28;2.45;2.1;2.45
2573.0;-7.84;5.24;1.54;-0.36;-0.05;-0.28;2.1;0.0;2.1
2582.0;-7.77;5.23;1.56;-0.36;-0.06;-0.3;0.56;1.19;0.56
2591.0;-7.89;5.28;1.64;-0.36;-0.06;-0.3;-0.21;1.12;-0.21
2600.0;-7.82;5.33;1.6;-0.36;-0.06;-0.28;0.7;1.33;0.7
2609.0;-7.77;5.29;1.61;-0.36;-0.06;-0.28;2.03;1.05;2.03
2618.0;-7.85;5.2;1.6;-0.36;-0.06;-0.28;2.24;0.14;2.24
2627.0;-7.82;5.15;1.62;-0.38;-0.05;-0.28;1.19;1.4;1.19
2636.0;-7.87;5.24;1.49;-0.38;-0.05;-0.28;-0.7;0.35;-0.7
2645.0;-7.87;5.25;1.49;-0.38;-0.05;-0.28;-0.21;1.19;-0.21
2654.0;-7.82;5.32;1.63;-0.36;-0.04;-0.27;0.84;0.21;0.84
2664.0;-7.9;5.23;1.71;-0.36;-0.04;-0.27;1.89;0.84;1.89
2673.0;-7.85;5.26;1.66;-0.36;-0.04;-0.27;1.05;1.68;1.05
2682.0;-7.79;5.21;1.49;-0.38;-0.05;-0.29;0.91;1.82;0.91
2691.0;-7.8;5.28;1.56;-0.38;-0.05;-0.29;1.12;1.54;1.12
2700.0;-7.79;5.34;1.68;-0.38;-0.05;-0.29;2.24;1.26;2.24
2709.0;-7.77;5.29;1.57;-0.37;-0.05;-0.28;2.1;0.98;2.1
2718.0;-7.85;5.21;1.59;-0.37;-0.05;-0.28;1.19;0.98;1.19
2727.0;-7.83;5.15;1.6;-0.37;-0.05;-0.28;0.28;0.91;0.28
2736.0;-7.94;5.2;1.51;-0.37;-0.05;-0.28;0.21;1.26;0.21
2745.0;-7.87;5.28;1.56;-0.37;-0.05;-0.28;1.54;1.47;1.54
2754.0;-7.77;5.28;1.59;-0.37;-0.04;-0.28;2.24;1.12;2.24
2764.0;-7.95;5.22;1.59;-0.37;-0.04;-0.28;1.89;1.19;1.89
2774.0;-7.78;5.2;1.56;-0.37;-0.04;-0.28;0.7;0.91;0.7
2782.0;-7.86;5.29;1.67;-0.38;-0.05;-0.28;-0.42;1.47;-0.42
2809.0;-7.82;5.33;1.62;-0.37;-0.05;-0.29;1.4;-0.49;1.4
2818.0;-7.88;5.23;1.6;-0.37;-0.05;-0.29;0.49;0.7;0.49
2827.0;-7.85;5.24;1.62;-0.37;-0.05;-0.28;0.0;0.63;0.0
2836.0;-7.9;5.31;1.56;-0.37;-0.05;-0.28;0.63;1.54;0.63
2845.0;-7.8;5.33;1.56;-0.37;-0.05;-0.28;2.52;1.47;2.52
2854.0;-7.86;5.25;1.56;-0.37;-0.04;-0.28;2.45;2.17;2.45
2864.0;-7.88;5.16;1.63;-0.37;-0.04;-0.28;2.1;2.87;2.1
2874.0;-7.77;5.24;1.61;-0.37;-0.04;-0.28;1.19;1.68;1.19
2883.0;-7.78;5.23;1.63;-0.36;-0.05;-0.28;1.19;1.61;1.19
2892.0;-7.8;5.3;1.56;-0.36;-0.05;-0.28;1.26;0.28;1.26
2901.0;-7.78;5.2;1.54;-0.36;-0.05;-0.28;0.42;0.49;0.42
2910.0;-7.82;5.25;1.55;-0.35;-0.04;-0.28;0.49;0.0;0.49
2919.0;-7.85;5.3;1.5;-0.35;-0.04;-0.28;-0.14;-0.21;-0.14
2928.0;-7.9;5.26;1.59;-0.36;-0.05;-0.28;-0.07;-0.21;-0.07
2937.0;-7.9;5.25;1.52;-0.36;-0.05;-0.28;0.21;1.05;0.21
2946.0;-7.83;5.3;1.61;-0.36;-0.05;-0.28;1.61;1.19;1.61
2955.0;-7.9;5.28;1.51;-0.36;-0.04;-0.28;1.4;1.19;1.4
2964.0;-7.9;5.25;1.56;-0.36;-0.04;-0.28;1.89;1.19;1.89
2974.0;-7.81;5.29;1.64;-0.36;-0.04;-0.28;1.4;1.89;1.4
2983.0;-7.83;5.24;1.57;-0.36;-0.05;-0.29;1.47;1.19;1.47
2992.0;-7.67;5.17;1.63;-0.36;-0.05;-0.29;1.26;1.05;1.26
3001.0;-7.86;5.23;1.58;-0.36;-0.05;-0.29;1.19;1.05;1.19
3010.0;-7.74;5.21;1.64;-0.37;-0.05;-0.28;0.49;0.49;0.49
3019.0;-7.81;5.28;1.54;-0.37;-0.05;-0.28;0.77;0.98;0.77
3028.0;-7.73;5.21;1.61;-0.36;-0.05;-0.27;1.05;1.05;1.05
3037.0;-7.87;5.26;1.62;-0.36;-0.05;-0.27;1.96;1.75;1.96
3046.0;-7.69;5.28;1.53;-0.36;-0.05;-0.27;2.17;1.96;2.17
3055.0;-7.83;5.23;1.59;-0.37;-0.04;-0.27;1.75;1.68;1.75
3064.0;-7.7;5.15;1.67;-0.37;-0.04;-0.27;1.47;1.12;1.47
3075.0;-7.8;5.13;1.62;-0.37;-0.04;-0.27;-0.42;0.49;-0.42
3093.0;-7.75;5.26;1.59;-0.36;-0.04;-0.29;0.0;-0.35;0.0
3102.0;-7.91;5.24;1.56;-0.36;-0.04;-0.29;0.77;0.07;0.77
3111.0;-7.8;5.23;1.49;-0.37;-0.05;-0.28;0.77;0.49;0.77
3120.0;-7.93;5.25;1.62;-0.37;-0.05;-0.28;1.19;1.33;1.19
3129.0;-7.89;5.18;1.61;-0.37;-0.04;-0.27;1.47;2.03;1.47
3139.0;-7.84;5.28;1.61;-0.37;-0.04;-0.27;2.31;2.59;2.31
3148.0;-7.8;5.25;1.59;-0.37;-0.04;-0.27;2.87;1.82;2.87
3157.0;-7.82;5.24;1.65;-0.36;-0.05;-0.29;1.75;1.26;1.75
3166.0;-7.83;5.23;1.71;-0.36;-0.05;-0.29;0.84;0.98;0.84
3176.0;-7.84;5.15;1.51;-0.36;-0.05;-0.29;-0.35;0.42;-0.35
3185.0;-7.8;5.24;1.6;-0.37;-0.05;-0.29;0.28;0.07;0.28
3194.0;-7.89;5.27;1.63;-0.37;-0.05;-0.29;0.35;0.56;0.35
3203.0;-7.91;5.18;1.62;-0.37;-0.05;-0.29;1.54;1.19;1.54
3212.0;-7.85;5.25;1.51;-0.37;-0.04;-0.29;1.54;2.31;1.54
3221.0;-7.85;5.18;1.6;-0.37;-0.04;-0.29;2.03;2.59;2.03
3230.0;-7.8;5.27;1.67;-0.37;-0.05;-0.28;1.89;1.89;1.89
3239.0;-7.82;5.23;1.71;-0.37;-0.05;-0.28;2.24;1.47;2.24
3248.0;-7.82;5.17;1.59;-0.37;-0.05;-0.28;0.91;1.12;0.91
3266.0;-7.79;5.27;1.68;-0.37;-0.05;-0.29;-0.63;-0.49;-0.63
3276.0;-7.92;5.28;1.53;-0.37;-0.05;-0.29;-0.42;-0.21;-0.42
3286.0;-7.85;5.31;1.53;-0.36;-0.04;-0.28;0.49;0.42;0.49
3295.0;-7.85;5.25;1.57;-0.36;-0.04;-0.28;1.68;2.38;1.68
3304.0;-7.87;5.3;1.57;-0.36;-0.04;-0.28;3.36;1.54;3.36
3313.0;-7.9;5.23;1.63;-0.36;-0.05;-0.29;2.45;2.03;2.45
3322.0;-7.8;5.21;1.67;-0.36;-0.05;-0.29;1.54;1.19;1.54
3331.0;-7.8;5.17;1.64;-0.36;-0.04;-0.28;-0.63;1.82;-0.63
3340.0;-7.8;5.16;1.69;-0.36;-0.04;-0.28;0.14;-0.14;0.14
3349.0;-7.78;5.27;1.55;-0.36;-0.04;-0.28;0.63;0.7;0.63
3358.0;-7.9;5.33;1.58;-0.36;-0.05;-0.28;1.4;-1.26;1.4
3367.0;-7.86;5.29;1.63;-0.36;-0.05;-0.28;0.56;1.19;0.56
3377.0;-7.83;5.33;1.56;-0.36;-0.05;-0.28;1.19;0.98;1.19
3386.0;-7.83;5.23;1.56;-0.36;-0.04;-0.3;1.26;0.35;1.26
3395.0;-7.87;5.2;1.64;-0.36;-0.04;-0.3;0.7;2.59;0.7
3404.0;-7.85;5.28;1.53;-0.36;-0.04;-0.3;1.26;2.1;1.26
3413.0;-7.89;5.16;1.54;-0.36;-0.04;-0.29;2.59;2.52;2.59
3422.0;-7.79;5.18;1.54;-0.36;-0.04;-0.29;3.22;1.47;3.22
3431.0;-7.8;5.15;1.74;-0.36;-0.05;-0.29;1.68;1.26;1.68
3440.0;-7.8;5.13;1.69;-0.36;-0.05;-0.29;0.49;0.28;0.49
3449.0;-7.87;5.18;1.54;-0.36;-0.05;-0.29;-0.98;0.0;-0.98
3458.0;-7.82;5.24;1.51;-0.36;-0.05;-0.28;0.28;-0.21;0.28
3467.0;-7.93;5.24;1.59;-0.36;-0.05;-0.28;0.42;0.42;0.42
3476.0;-7.91;5.28;1.49;-0.36;-0.05;-0.28;2.17;0.91;2.17
3486.0;-7.83;5.2;1.62;-0.36;-0.04;-0.3;1.89;2.38;1.89
3495.0;-7.87;5.21;1.63;-0.36;-0.04;-0.3;2.31;1.61;2.31
3504.0;-7.78;5.29;1.64;-0.36;-0.04;-0.3;0.49;1.68;0.49
3513.0;-7.84;5.33;1.62;-0.36;-0.04;-0.28;0.56;0.49;0.56
3522.0;-7.77;5.24;1.57;-0.36;-0.04;-0.28;0.35;0.28;0.35
3531.0;-7.91;5.33;1.51;-0.36;-0.04;-0.28;0.56;0.35;0.56
3540.0;-7.82;5.27;1.56;-0.36;-0.05;-0.28;0.28;0.0;0.28
3549.0;-7.87;5.19;1.56;-0.36;-0.05;-0.28;0.63;0.49;0.63
3558.0;-7.81;5.18;1.55;-0.36;-0.05;-0.29;0.7;1.26;0.7
3567.0;-7.86;5.26;1.56;-0.36;-0.05;-0.29;1.4;1.75;1.4
3576.0;-7.85;5.28;1.46;-0.36;-0.05;-0.29;2.73;1.54;2.73
3586.0;-7.74;5.28;1.6;-0.37;-0.04;-0.28;2.52;2.03;2.52
3595.0;-7.81;5.21;1.62;-0.37;-0.04;-0.28;1.75;1.26;1.75
3604.0;-7.84;5.23;1.62;-0.37;-0.04;-0.28;0.42;1.05;0.42
3613.0;-7.86;5.17;1.67;-0.37;-0.05;-0.28;-0.21;1.12;-0.21
3622.0;-7.78;5.22;1.51;-0.37;-0.05;-0.28;0.56;0.91;0.56
3631.0;-7.85;5.22;1.69;-0.37;-0.05;-0.28;1.82;-0.35;1.82
3640.0;-7.87;5.21;1.67;-0.36;-0.04;-0.29;0.84;1.19;0.84
3649.0;-7.82;5.19;1.64;-0.36;-0.04;-0.29;0.63;1.68;0.63
3658.0;-7.86;5.32;1.51;-0.37;-0.04;-0.29;0.7;2.52;0.7
3667.0;-7.87;5.26;1.53;-0.37;-0.04;-0.29;2.03;2.94;2.03
3676.0;-7.81;5.27;1.68;-0.37;-0.04;-0.29;2.94;3.64;2.94
3686.0;-7.9;5.18;1.72;-0.36;-0.03;-0.29;3.43;3.36;3.43
3696.0;-7.63;5.3;1.61;-0.36;-0.03;-0.29;3.15;2.66;3.15
3704.0;-7.81;5.29;1.64;-0.36;-0.03;-0.29;1.05;2.17;1.05
3713.0;-7.7;5.28;1.67;-0.37;-0.05;-0.29;-0.91;2.1;-0.91
3722.0;-7.85;5.2;1.64;-0.37;-0.05;-0.29;-1.33;1.33;-1.33
3731.0;-7.87;5.08;1.5;-0.37;-0.05;-0.29;0.35;0.35;0.35
3740.0;-8.0;5.27;1.58;-0.36;-0.04;-0.28;2.1;1.96;2.1
3749.0;-7.77;5.23;1.63;-0.36;-0.04;-0.28;3.64;0.98;3.64
3758.0;-7.82;5.25;1.65;-0.36;-0.04;-0.29;2.87;1.54;2.87
3767.0;-7.71;5.32;1.68;-0.37;-0.04;-0.29;0.98;0.28;0.98
3776.0;-7.83;5.32;1.59;-0.37;-0.04;-0.29;-1.26;0.91;-1.26
3786.0;-7.8;5.15;1.62;-0.36;-0.04;-0.28;-0.91;-0.63;-0.91
3796.0;-7.85;5.28;1.62;-0.36;-0.04;-0.28;-0.49;-1.54;-0.49
3805.0;-7.96;5.12;1.46;-0.36;-0.04;-0.28;-0.63;-1.26;-0.63
3814.0;-7.86;5.18;1.51;-0.37;-0.04;-0.27;-1.05;0.63;-1.05
3832.0;-7.87;5.2;1.55;-0.37;-0.04;-0.27;1.89;1.82;1.89
3841.0;-7.93;5.14;1.45;-0.36;-0.05;-0.28;4.9;2.66;4.9
3850.0;-7.93;5.15;1.83;-0.36;-0.05;-0.28;4.69;0.63;4.69
3943.0;-7.75;5.15;1.54;-0.36;-0.04;-0.27;1.54;2.59;1.54
3952.0;-7.67;5.3;1.51;-0.36;-0.04;-0.27;3.43;1.26;3.43
3961.0;-7.85;5.29;1.71;-0.36;-0.05;-0.28;1.75;-0.7;1.75
3970.0;-7.84;5.15;1.72;-0.36;-0.05;-0.28;-0.14;1.19;-0.14
3979.0;-7.9;5.2;1.62;-0.36;-0.05;-0.28;-2.66;0.07;-2.66
3989.0;-7.84;5.23;1.56;-0.36;-0.04;-0.28;17.78;1.4;17.78
3997.0;-7.86;5.31;1.62;-0.36;-0.04;-0.28;2.17;0.07;2.17
4007.0;-7.88;5.29;1.67;-0.36;-0.04;-0.28;4.55;1.89;4.55
4016.0;-7.88;5.2;1.64;-0.37;-0.05;-0.29;2.17;3.36;2.17
4025.0;-7.74;5.2;1.72;-0.37;-0.05;-0.29;1.33;2.66;1.33
4034.0;-7.84;5.17;1.62;-0.37;-0.05;-0.29;1.26;2.59;1.26
4043.0;-7.87;5.25;1.68;-0.36;-0.04;-0.29;1.96;-0.63;1.96
4052.0;-7.85;5.13;1.74;-0.36;-0.04;-0.29;0.7;0.35;0.7
4061.0;-7.89;5.18;1.52;-0.36;-0.05;-0.3;-1.54;-1.68;-1.54
4070.0;-7.9;5.3;1.61;-0.36;-0.05;-0.3;-1.54;0.7;-1.54
4079.0;-7.98;5.32;1.5;-0.36;-0.05;-0.3;-0.21;0.49;-0.21
4088.0;-7.88;5.28;1.58;-0.36;-0.04;-0.28;2.38;2.31;2.38
4097.0;-7.8;5.2;1.54;-0.36;-0.04;-0.28;3.71;2.17;3.71
4106.0;-7.84;5.12;1.69;-0.36;-0.04;-0.28;2.94;1.61;2.94
4115.0;-7.82;5.17;1.71;-0.37;-0.05;-0.29;0.77;1.75;0.77
