Time(ms);AccX(m/s^2);AccY(m/s^2);AccZ(m/s^2);MagX(gauss);MagY(gauss);MagZ(gauss);GyroX(dps);GyroY(dps);GyroZ(dps)
31;-2.93;1.18;9.22;-0.19;0.40;-0.45;0.07;1.54;0.07
40;-2.99;1.21;9.11;-0.19;0.40;-0.45;1.19;2.38;1.19
48;-2.95;1.19;9.22;-0.19;0.40;-0.45;1.26;2.03;1.26
57;-2.99;1.21;9.16;-0.20;0.39;-0.45;1.26;1.82;1.26
66;-3.04;1.15;9.14;-0.20;0.39;-0.45;1.19;1.61;1.19
75;-3.07;1.23;9.17;-0.20;0.39;-0.45;1.54;1.54;1.54
83;-3.12;1.22;9.30;-0.19;0.39;-0.46;2.03;0.42;2.03
92;-2.94;1.23;9.25;-0.19;0.39;-0.46;1.54;0.14;1.54
101;-2.99;1.27;9.15;-0.19;0.39;-0.46;0.91;1.40;0.91
109;-2.96;1.24;9.21;-0.19;0.39;-0.45;0.84;1.82;0.84
118;-2.96;1.14;9.12;-0.19;0.39;-0.45;0.84;1.40;0.84
127;-3.02;1.18;9.08;-0.18;0.39;-0.46;1.12;0.84;1.12
136;-2.95;1.23;9.07;-0.18;0.39;-0.46;1.33;0.07;1.33
144;-2.94;1.28;9.10;-0.18;0.39;-0.46;1.40;-0.56;1.40
153;-2.89;1.29;9.16;-0.19;0.38;-0.44;0.77;-0.49;0.77
162;-3.01;1.23;9.20;-0.19;0.38;-0.44;0.21;0.00;0.21
171;-3.05;1.18;9.17;-0.19;0.38;-0.44;0.28;0.35;0.28
179;-3.05;1.26;9.20;-0.19;0.40;-0.46;0.70;-17.64;0.70
188;-3.03;1.26;9.14;-0.19;0.40;-0.46;1.47;-0.21;1.47
293;-2.84;1.40;9.29;-0.18;0.39;-0.49;4.83;1.26;4.83
302;-2.94;1.49;9.43;-0.18;0.39;-0.49;5.67;2.59;5.67
311;-3.07;1.62;9.36;-0.17;0.39;-0.46;6.86;2.45;6.86
328;-3.22;1.75;9.40;-0.17;0.39;-0.46;7.91;0.56;7.91
337;-3.07;1.47;9.55;-0.18;0.38;-0.46;8.89;-0.63;8.89
346;-3.08;1.59;9.58;-0.18;0.38;-0.46;10.92;-0.42;10.92
354;-3.09;1.54;9.60;-0.18;0.38;-0.46;12.67;-0.49;12.67
363;-2.94;1.51;9.57;-0.17;0.38;-0.47;13.72;-17.92;13.72
372;-2.74;1.39;9.54;-0.17;0.38;-0.47;14.91;0.84;14.91
381;-2.73;1.41;9.45;-0.17;0.38;-0.47;14.07;2.31;14.07
389;-2.70;1.39;9.23;-0.17;0.39;-0.45;12.60;3.71;12.60
398;-2.56;1.31;9.30;-0.17;0.39;-0.45;11.34;4.20;11.34
407;-2.46;1.21;9.30;-0.17;0.39;-0.45;9.73;4.83;9.73
415;-2.59;1.16;9.34;-0.16;0.38;-0.46;7.28;4.48;7.28
424;-2.58;0.97;9.30;-0.16;0.38;-0.46;7.28;4.83;7.28
433;-2.55;0.97;9.26;-0.16;0.38;-0.46;7.77;4.76;7.77
442;-2.51;0.89;9.41;-0.16;0.37;-0.46;8.75;3.85;8.75
450;-2.58;0.88;9.43;-0.16;0.37;-0.46;10.08;3.08;10.08
459;-2.48;0.86;9.42;-0.16;0.37;-0.46;9.38;2.03;9.38
468;-2.51;0.75;9.58;-0.15;0.38;-0.45;8.12;3.36;8.12
477;-2.53;0.75;9.63;-0.15;0.38;-0.45;7.35;3.78;7.35
485;-2.56;0.93;9.56;-0.15;0.36;-0.46;5.88;5.39;5.88
494;-2.44;0.68;9.59;-0.15;0.36;-0.46;5.32;6.16;5.32
503;-2.46;0.71;9.72;-0.15;0.36;-0.46;4.90;6.37;4.90
512;-2.37;0.70;9.67;-0.15;0.37;-0.45;5.46;6.16;5.46
520;-2.35;0.66;9.56;-0.15;0.37;-0.45;5.53;4.83;5.53
529;-2.31;0.73;9.68;-0.15;0.37;-0.45;4.90;3.64;4.90
538;-2.20;0.78;9.78;-0.15;0.38;-0.46;4.41;3.36;4.41
547;-2.15;0.78;9.78;-0.15;0.38;-0.46;3.92;3.85;3.92
555;-2.20;0.80;9.81;-0.15;0.38;-0.46;2.87;4.90;2.87
564;-2.14;0.80;9.83;-0.14;0.37;-0.47;2.94;6.09;2.94
573;-2.18;0.61;9.87;-0.14;0.37;-0.47;2.24;7.07;2.24
582;-2.25;0.67;9.86;-0.14;0.37;-0.47;2.03;6.65;2.03
590;-2.25;0.57;9.79;-0.14;0.37;-0.45;2.45;6.93;2.45
599;-2.11;0.65;9.88;-0.14;0.37;-0.45;1.68;6.23;1.68
608;-2.08;0.62;9.88;-0.14;0.37;-0.45;0.84;6.86;0.84
616;-2.05;0.73;9.94;-0.14;0.38;-0.46;-0.28;6.72;-0.28
625;-1.99;0.70;10.10;-0.14;0.38;-0.46;-1.19;7.70;-1.19
634;-1.94;0.82;10.20;-0.14;0.38;-0.46;-1.12;8.89;-1.12
643;-2.01;0.71;10.14;-0.14;0.38;-0.46;-0.42;9.80;-0.42
651;-2.02;0.72;10.19;-0.14;0.38;-0.46;0.42;10.36;0.42
660;-1.97;0.77;10.01;-0.14;0.38;-0.46;0.56;10.92;0.56
669;-1.95;0.80;10.08;-0.14;0.36;-0.46;-0.07;12.74;-0.07
678;-1.97;0.75;10.02;-0.14;0.36;-0.46;-1.40;14.00;-1.40
686;-1.92;0.67;10.08;-0.14;0.36;-0.46;-2.94;15.33;-2.94
695;-1.93;0.70;10.07;-0.13;0.36;-0.44;-3.57;16.52;-3.57
704;-1.78;0.52;10.13;-0.13;0.36;-0.44;-2.87;17.85;-2.87
713;-1.77;0.53;10.09;-0.13;0.36;-0.44;-1.61;16.59;-1.61
721;-1.68;0.48;10.00;-0.12;0.36;-0.44;0.21;15.96;0.21
730;-1.51;0.55;9.97;-0.12;0.36;-0.44;1.61;15.82;1.61
739;-1.38;0.59;9.94;-0.12;0.36;-0.44;2.03;15.33;2.03
757;-1.08;0.55;9.97;-0.13;0.37;-0.47;-0.98;15.82;-0.98
765;-0.90;0.52;10.09;-0.13;0.37;-0.47;-2.52;16.87;-2.52
774;-0.74;0.55;10.09;-0.12;0.36;-0.47;-4.27;17.57;-4.27
783;-0.44;0.70;10.19;-0.12;0.36;-0.47;-3.99;18.20;-3.99
809;0.12;0.57;10.39;-0.11;0.37;-0.46;-1.82;13.79;-1.82
818;0.46;0.47;10.46;-0.11;0.36;-0.45;-0.84;12.04;-0.84
827;0.79;0.41;10.58;-0.11;0.36;-0.45;-1.40;11.62;-1.40
835;1.21;0.41;10.56;-0.11;0.36;-0.45;-3.57;11.69;-3.57
844;1.77;0.37;10.62;-0.11;0.38;-0.46;-7.00;10.64;-7.00
853;1.98;0.28;10.72;-0.11;0.38;-0.46;-9.17;9.17;-9.17
862;2.33;0.10;10.90;-0.11;0.38;-0.46;-10.08;6.65;-10.08
871;2.53;-0.05;11.06;-0.11;0.37;-0.47;-7.98;3.71;-7.98
879;2.87;-0.09;11.09;-0.11;0.37;-0.47;-3.64;0.21;-3.64
888;3.15;0.08;12.82;-0.11;0.37;-0.47;-2.31;-1.05;-2.31
897;3.47;0.28;11.04;-0.10;0.37;-0.45;-4.62;-1.26;-4.62
906;3.78;0.77;11.27;-0.10;0.37;-0.45;-11.76;1.12;-11.76
914;4.32;1.13;11.70;-0.10;0.37;-0.45;-24.92;4.83;-24.92
1072;-44.15;15.01;-15.43;-0.13;0.30;-0.42;-1.54;-457.59;-1.54
1081;-56.15;12.30;-8.78;-0.22;0.28;-0.35;-150.01;-401.73;-150.01
1090;-72.67;-12.12;16.14;-0.22;0.28;-0.35;-369.04;-414.05;-369.04
1099;-72.04;-66.49;54.67;-0.22;0.28;-0.35;-667.38;-217.63;-667.38
1107;-17.45;-68.75;58.06;-0.32;0.24;-0.30;-614.46;74.90;-614.46
1116;-12.48;-36.18;37.59;-0.32;0.24;-0.30;150.57;333.97;150.57
1125;-23.64;5.30;-3.81;-0.17;0.18;-0.31;478.38;323.40;478.38
1134;-12.35;37.59;-27.97;-0.25;0.18;-0.31;399.56;140.00;399.56
1142;8.22;38.43;-22.99;-0.25;0.18;-0.31;-19.53;25.97;-19.53
1151;13.62;30.12;-10.90;-0.25;0.25;-0.34;-274.54;16.31;-274.54
1160;8.70;18.87;-2.88;-0.25;0.25;-0.34;-251.02;30.94;-251.02
1169;0.86;14.64;-1.15;-0.25;0.25;-0.34;-111.30;7.70;-111.30
1186;-3.98;15.09;4.30;-0.27;0.23;-0.33;-4.97;-59.85;-4.97
1195;-5.56;8.88;6.22;-0.27;0.23;-0.33;-39.20;-53.48;-39.20
1204;-8.61;2.55;7.38;-0.26;0.23;-0.31;-50.47;-51.52;-50.47
1213;-10.80;-0.60;9.52;-0.26;0.23;-0.31;-26.88;-53.97;-26.88
1222;-10.90;-0.90;11.54;-0.26;0.23;-0.31;-4.48;-46.41;-4.48
1230;-10.15;-0.98;11.47;-0.28;0.22;-0.32;-4.34;-26.25;-4.34
1239;-9.25;-0.45;9.71;-0.28;0.22;-0.32;-14.56;-5.11;-14.56
1248;-8.88;-0.05;8.09;-0.28;0.22;-0.32;-29.82;0.28;-29.82
1256;-8.43;0.61;7.87;-0.28;0.21;-0.31;-38.29;-0.49;-38.29
1265;-7.64;2.20;8.35;-0.28;0.21;-0.31;-32.20;-1.05;-32.20
1274;-7.03;4.23;8.43;-0.28;0.21;-0.31;-16.10;-3.15;-16.10
1283;-6.29;5.82;8.64;-0.27;0.21;-0.30;1.19;-6.86;1.19
1292;-5.48;7.00;8.47;-0.27;0.21;-0.30;12.39;-9.10;12.39
1300;-5.09;7.28;7.73;-0.27;0.21;-0.30;16.10;-12.11;16.10
1309;-5.07;6.58;7.26;-0.28;0.19;-0.35;10.71;-17.57;10.71
1318;-5.51;5.93;7.41;-0.28;0.19;-0.35;-2.31;-19.60;-2.31
1327;-5.94;4.97;8.13;-0.28;0.19;-0.35;-10.50;-20.02;-10.50
1335;-6.35;4.16;8.75;-0.29;0.22;-0.30;-11.27;-17.08;-11.27
1344;-6.55;3.89;9.12;-0.29;0.22;-0.30;-8.05;-8.40;-8.05
1353;-6.57;3.99;8.54;-0.29;0.22;-0.30;5.95;-4.27;5.95
1362;-6.37;3.91;5.59;-0.28;0.21;-0.31;14.84;-4.27;14.84
1370;-6.08;3.88;6.65;-0.28;0.21;-0.31;15.96;-4.83;15.96
1379;-5.87;3.46;6.02;-0.28;0.21;-0.31;16.66;-6.30;16.66
1388;-5.74;3.12;5.74;-0.27;0.21;-0.31;13.16;-8.33;13.16
1397;-6.02;3.04;5.97;-0.27;0.21;-0.31;1.68;-8.26;1.68
1405;-6.14;2.94;6.40;-0.27;0.21;-0.31;-8.96;-7.28;-8.96
1414;-6.52;2.73;7.03;-0.29;0.21;-0.31;-13.23;-7.98;-13.23
1423;-6.53;2.68;7.72;-0.29;0.21;-0.31;-12.32;-6.30;-12.32
1432;-6.35;2.95;7.95;-0.29;0.21;-0.31;-4.34;-3.78;-4.34
1440;-6.20;3.53;7.64;-0.28;0.21;-0.31;3.36;-2.03;3.36
1449;-6.14;3.90;7.36;-0.28;0.21;-0.31;5.74;-0.77;5.74
1458;-5.99;4.04;7.32;-0.30;0.22;-0.30;5.25;0.14;5.25
1467;-6.09;3.80;7.10;-0.30;0.22;-0.30;1.89;0.63;1.89
1475;-6.25;3.60;6.80;-0.30;0.22;-0.30;-1.54;-2.24;-1.54
1484;-6.34;3.30;7.01;-0.29;0.22;-0.32;-6.44;-3.78;-6.44
1493;-6.41;3.29;7.16;-0.29;0.22;-0.32;-8.96;-4.55;-8.96
1502;-6.60;3.17;7.28;-0.29;0.22;-0.32;-10.29;-4.62;-10.29
1510;-6.73;3.25;7.57;-0.28;0.21;-0.32;-9.59;-3.36;-9.59
1519;-6.86;3.50;7.64;-0.28;0.21;-0.32;-4.97;-2.31;-4.97
1528;-6.91;3.73;7.50;-0.28;0.21;-0.32;2.45;-2.17;2.45
1537;-6.65;3.85;7.42;-0.28;0.21;-0.31;7.56;-2.31;7.56
1545;-6.58;4.06;7.09;-0.28;0.21;-0.31;8.47;-2.31;8.47
1554;-6.53;4.37;6.90;-0.28;0.21;-0.31;7.42;-2.10;7.42
1563;-6.71;4.34;6.73;-0.28;0.21;-0.32;4.20;-1.54;4.20
1571;-6.81;4.04;6.80;-0.28;0.21;-0.32;-1.05;-0.35;-1.05
1580;-6.95;3.93;7.06;-0.28;0.21;-0.32;-3.71;2.94;-3.71
1589;-7.29;3.53;7.03;-0.28;0.21;-0.30;-2.80;7.00;-2.80
1598;-7.34;3.33;7.22;-0.28;0.21;-0.30;2.59;11.69;2.59
1607;-7.35;3.22;7.03;-0.28;0.21;-0.30;9.87;15.54;9.87
1616;-7.29;3.25;6.59;-0.28;0.21;-0.31;17.43;18.55;17.43
1625;-7.34;3.28;6.25;-0.28;0.21;-0.31;21.14;20.16;21.14
1633;-7.16;3.49;5.99;-0.28;0.21;-0.31;21.21;20.30;21.21
1642;-6.96;3.76;5.79;-0.28;0.22;-0.33;18.76;21.35;18.76
1651;-7.13;4.01;5.78;-0.28;0.22;-0.33;13.30;22.05;13.30
1659;-6.96;3.91;6.07;-0.28;0.22;-0.33;5.53;23.38;5.53
1668;-6.78;3.93;6.12;-0.28;0.23;-0.33;-0.42;25.20;-0.42
1677;-6.98;3.98;6.11;-0.28;0.23;-0.33;-3.36;26.74;-3.36
1686;-7.26;4.16;6.32;-0.28;0.23;-0.33;-7.00;28.07;-7.00
1694;-7.42;4.03;6.65;-0.28;0.23;-0.32;-10.01;31.71;-10.01
1703;-7.67;3.83;6.86;-0.28;0.23;-0.32;-9.59;33.60;-9.59
1712;-7.88;3.61;6.80;-0.28;0.23;-0.32;-7.98;33.74;-7.98
1721;-7.88;3.31;6.75;-0.27;0.25;-0.32;-4.55;32.55;-4.55
1730;-7.89;3.17;6.64;-0.27;0.25;-0.32;-1.40;32.13;-1.40
1738;-7.86;2.97;6.55;-0.27;0.25;-0.32;0.84;31.64;0.84
1747;-7.47;2.45;6.79;-0.27;0.25;-0.34;3.36;34.51;3.36
1756;-7.59;3.24;5.58;-0.27;0.25;-0.34;5.04;37.10;5.04
1765;-7.90;3.18;5.36;-0.27;0.26;-0.33;3.22;30.87;3.22
1773;-7.47;3.32;5.55;-0.28;0.26;-0.33;-4.48;28.63;-4.48
1782;-7.26;3.69;5.58;-0.28;0.26;-0.33;-14.56;32.83;-14.56
1791;-7.26;3.70;5.78;-0.28;0.27;-0.34;-25.90;37.66;-25.90
1800;-6.93;3.57;6.13;-0.28;0.27;-0.34;-34.72;43.89;-34.72
1808;-7.11;3.35;6.26;-0.28;0.27;-0.34;-35.63;47.81;-35.63
1817;-6.86;2.94;6.11;-0.27;0.28;-0.33;-29.54;47.32;-29.54
1826;-6.69;2.53;5.89;-0.27;0.28;-0.33;-18.90;44.66;-18.90
1835;-6.77;2.26;5.74;-0.27;0.28;-0.33;-9.45;40.67;-9.45
1843;-6.32;1.95;5.38;-0.27;0.27;-0.35;1.96;33.88;1.96
1852;-5.83;1.93;5.02;-0.27;0.27;-0.35;7.77;25.20;7.77
1861;-5.64;2.10;5.07;-0.27;0.27;-0.35;5.60;18.76;5.60
1878;-5.67;3.28;5.61;-0.26;0.28;-0.36;-15.47;17.78;-15.47
1887;-5.93;3.85;6.29;-0.26;0.28;-0.36;-29.47;23.17;-29.47
1896;-6.05;4.20;6.81;-0.23;0.30;-0.35;-40.95;31.99;-40.95
1905;-6.16;4.25;7.34;-0.23;0.30;-0.35;-48.02;40.46;-48.02
1914;-5.83;3.65;7.37;-0.23;0.30;-0.35;-41.51;39.97;-41.51
1922;-5.26;2.76;7.31;-0.26;0.28;-0.40;-29.68;35.98;-29.68
1931;-4.87;1.92;7.35;-0.26;0.28;-0.40;-17.78;33.53;-17.78
1940;-4.80;1.56;7.11;-0.26;0.28;-0.40;-8.26;29.05;-8.26
1949;-4.72;1.46;6.74;-0.25;0.28;-0.39;-2.45;22.33;-2.45
1957;-4.57;1.55;6.59;-0.25;0.28;-0.39;2.80;16.24;2.80
1966;-4.63;2.27;6.32;-0.25;0.28;-0.39;6.51;11.69;6.51
1975;-4.52;2.98;6.26;-0.24;0.32;-0.37;7.70;6.16;7.70
1984;-4.29;3.60;6.32;-0.24;0.32;-0.37;5.88;3.36;5.88
1992;-4.29;4.09;6.49;-0.24;0.32;-0.37;4.34;2.59;4.34
2001;-4.38;4.31;7.00;-0.24;0.32;-0.37;0.84;2.45;0.84
2010;-4.24;4.15;7.44;-0.24;0.32;-0.37;0.21;2.38;0.21
2019;-4.32;3.88;8.05;-0.24;0.32;-0.37;2.66;2.59;2.66
2028;-4.14;3.50;8.39;-0.24;0.32;-0.37;6.58;1.61;6.58
2036;-4.06;3.22;8.67;-0.24;0.32;-0.37;11.06;-1.82;11.06
2045;-3.88;2.94;8.86;-0.24;0.32;-0.37;17.29;-2.94;17.29
2062;-4.06;3.29;8.44;-0.23;0.33;-0.39;22.75;-4.69;22.75
2071;-4.16;3.35;8.48;-0.23;0.33;-0.39;21.35;-6.65;21.35
2080;-4.35;3.29;8.59;-0.23;0.34;-0.39;17.50;-5.53;17.50
2089;-4.50;3.24;8.87;-0.23;0.34;-0.39;14.42;-4.97;14.42
2098;-4.44;2.94;9.30;-0.24;0.34;-0.38;13.86;-5.32;13.86
2107;-4.29;2.72;9.56;-0.24;0.34;-0.38;13.79;-4.83;13.79
2116;-4.16;2.61;9.78;-0.24;0.34;-0.38;13.65;-3.08;13.65
2124;-4.01;2.64;9.78;-0.26;0.34;-0.40;14.21;-0.98;14.21
2133;-3.93;2.73;9.80;-0.26;0.34;-0.40;13.79;1.05;13.79
2142;-3.89;2.83;9.75;-0.26;0.34;-0.40;14.00;1.19;14.00
2151;-3.85;3.09;9.72;-0.25;0.35;-0.39;17.29;1.05;17.29
2159;-3.83;3.36;9.56;-0.25;0.35;-0.39;23.24;-0.28;23.24
2168;-3.98;3.42;9.38;-0.25;0.35;-0.39;28.98;-0.84;28.98
2177;-4.08;3.20;9.34;-0.25;0.36;-0.40;29.75;1.33;29.75
2186;-3.96;2.91;9.20;-0.25;0.36;-0.40;26.88;6.02;26.88
2194;-4.06;2.66;9.13;-0.25;0.36;-0.40;19.18;11.41;19.18
2203;-3.95;2.25;9.00;-0.24;0.36;-0.40;11.27;16.52;11.27
2212;-3.98;1.95;8.82;-0.24;0.36;-0.40;10.99;16.38;10.99
2221;-3.95;1.59;8.82;-0.24;0.36;-0.40;12.32;13.65;12.32
2230;-3.88;1.50;8.64;-0.24;0.36;-0.39;15.68;10.64;15.68
2238;-3.83;1.64;8.61;-0.24;0.36;-0.39;22.61;6.02;22.61
2247;-3.75;2.08;8.53;-0.24;0.36;-0.39;29.40;1.26;29.40
2256;-3.77;2.44;8.47;-0.24;0.34;-0.42;32.34;-3.71;32.34
2265;-3.66;2.51;8.43;-0.24;0.34;-0.42;31.57;-5.04;31.57
2273;-3.35;2.53;8.70;-0.24;0.34;-0.42;29.47;-5.25;29.47
2282;-3.47;2.63;8.71;-0.25;0.37;-0.41;27.09;-4.06;27.09
2291;-3.52;2.60;9.04;-0.25;0.37;-0.41;23.45;-2.66;23.45
2300;-3.42;2.29;8.98;-0.25;0.37;-0.41;21.07;-0.56;21.07
2308;-3.53;2.26;9.25;-0.25;0.36;-0.40;21.98;0.49;21.98
2317;-3.67;2.05;9.52;-0.25;0.36;-0.40;23.73;-0.91;23.73
2326;-3.55;1.72;9.50;-0.25;0.36;-0.40;28.00;-2.59;28.00
2335;-3.68;1.56;9.40;-0.26;0.37;-0.40;33.95;-2.66;33.95
2344;-3.68;1.47;9.19;-0.26;0.37;-0.40;37.73;-3.99;37.73
2352;-3.56;1.18;9.02;-0.26;0.37;-0.40;41.37;-7.35;41.37
2361;-3.35;1.33;8.84;-0.26;0.36;-0.39;44.38;-11.06;44.38
2370;-3.10;1.14;8.62;-0.26;0.36;-0.39;41.23;-13.72;41.23
2379;-2.99;1.06;8.68;-0.26;0.37;-0.40;34.16;-12.60;34.16
2387;-3.12;0.92;8.77;-0.26;0.37;-0.40;24.36;-9.66;24.36
2396;-3.03;0.75;8.82;-0.26;0.37;-0.40;14.77;-7.14;14.77
2405;-3.09;0.62;8.87;-0.27;0.37;-0.39;8.19;-5.32;8.19
2414;-3.12;0.57;8.99;-0.27;0.37;-0.39;5.95;-4.69;5.95
2423;-3.44;0.62;9.32;-0.27;0.37;-0.39;5.18;-6.44;5.18
2432;-3.49;0.68;9.49;-0.27;0.38;-0.39;7.84;-10.22;7.84
2440;-3.29;0.85;9.73;-0.27;0.38;-0.39;11.83;-12.67;11.83
2449;-3.37;0.95;10.11;-0.27;0.38;-0.39;15.61;-15.19;15.61
2458;-3.29;1.15;10.27;-0.28;0.37;-0.40;17.64;-14.56;17.64
2467;-3.21;1.22;10.19;-0.28;0.37;-0.40;17.71;-11.76;17.71
2475;-3.30;1.30;10.21;-0.28;0.37;-0.40;13.79;-8.12;13.79
2484;-3.41;1.33;10.27;-0.28;0.37;-0.40;6.86;-4.34;6.86
2493;-3.46;1.38;10.32;-0.28;0.37;-0.40;0.56;-0.84;0.56
2501;-3.50;1.34;10.30;-0.28;0.37;-0.40;-2.31;2.38;-2.31
2510;-3.57;1.35;10.42;-0.28;0.37;-0.38;-3.22;3.64;-3.22
2519;-3.59;1.28;10.16;-0.28;0.37;-0.38;-2.38;3.64;-2.38
2528;-3.47;1.23;10.10;-0.28;0.37;-0.38;0.00;2.73;0.00
2537;-3.29;1.31;9.93;-0.29;0.38;-0.38;4.76;1.75;4.76
2545;-3.19;1.44;9.68;-0.29;0.38;-0.38;8.05;1.40;8.05
2554;-3.19;1.40;9.54;-0.29;0.38;-0.38;9.73;1.82;9.73
2563;-3.27;1.49;9.26;-0.27;0.37;-0.39;8.61;3.08;8.61
2572;-3.35;1.51;9.07;-0.27;0.37;-0.39;4.06;5.74;4.06
2580;-3.33;1.49;8.93;-0.27;0.37;-0.39;-2.45;8.96;-2.45
2589;-3.70;1.36;8.90;-0.28;0.38;-0.41;-8.96;12.53;-8.96
2598;-3.70;1.21;8.91;-0.28;0.38;-0.41;-13.23;13.93;-13.23
2607;-3.83;1.06;8.89;-0.28;0.38;-0.41;-15.75;14.49;-15.75
2615;-4.02;0.91;8.79;-0.28;0.37;-0.40;-15.75;13.93;-15.75
2624;-4.05;0.90;8.92;-0.28;0.37;-0.40;-13.44;11.69;-13.44
2633;-4.04;0.86;8.93;-0.28;0.37;-0.40;-9.17;8.75;-9.17
2642;-4.02;0.98;8.94;-0.26;0.37;-0.39;-4.48;6.30;-4.48
2651;-3.91;1.12;8.96;-0.26;0.37;-0.39;-1.68;4.48;-1.68
2660;-4.01;1.21;8.84;-0.26;0.37;-0.39;-2.66;5.39;-2.66
2668;-4.04;1.31;8.91;-0.25;0.36;-0.40;-7.07;7.70;-7.07
2677;-4.26;1.33;8.93;-0.25;0.36;-0.40;-11.20;9.03;-11.20
2686;-4.24;1.29;9.14;-0.25;0.36;-0.40;-13.37;10.43;-13.37
2695;-4.26;1.25;9.10;-0.27;0.37;-0.40;-14.63;10.29;-14.63
2703;-3.93;1.39;9.09;-0.27;0.37;-0.40;-14.91;10.43;-14.91
2712;-3.91;1.34;9.20;-0.27;0.35;-0.40;-14.07;9.87;-14.07
2721;-3.75;1.45;9.25;-0.27;0.35;-0.40;-12.67;8.47;-12.67
2730;-3.54;1.48;9.32;-0.27;0.35;-0.40;-10.71;7.84;-10.71
2739;-3.30;1.67;9.32;-0.26;0.36;-0.40;-10.01;7.98;-10.01
2748;-3.33;1.85;9.53;-0.26;0.36;-0.40;-9.94;8.61;-9.94
2757;-3.30;1.87;9.83;-0.26;0.36;-0.40;-12.74;10.22;-12.74
2765;-3.14;1.75;9.81;-0.26;0.36;-0.40;-16.03;13.23;-16.03
2774;-3.19;1.72;9.93;-0.26;0.36;-0.40;-18.34;16.03;-18.34
2783;-3.05;1.64;10.04;-0.26;0.36;-0.40;-20.02;17.71;-20.02
2792;-2.98;1.64;10.05;-0.25;0.36;-0.42;-20.37;18.13;-20.37
2800;-2.76;1.62;10.11;-0.25;0.36;-0.42;-19.32;17.43;-19.32
2809;-2.49;1.60;10.15;-0.25;0.36;-0.42;-18.34;16.87;-18.34
2818;-2.40;1.55;10.07;-0.26;0.36;-0.41;-16.94;14.84;-16.94
2827;-2.06;1.52;10.12;-0.26;0.36;-0.41;-16.17;13.37;-16.17
2836;-1.75;1.46;10.29;-0.26;0.36;-0.41;-14.98;13.09;-14.98
2845;-1.49;1.56;10.27;-0.25;0.35;-0.43;-13.23;12.88;-13.23
2853;-1.28;1.62;10.31;-0.25;0.35;-0.43;-10.78;11.62;-10.78
2862;-0.75;1.77;10.24;-0.25;0.35;-0.43;-8.82;12.04;-8.82
2871;-0.42;2.06;10.42;-0.25;0.35;-0.41;-9.94;14.00;-9.94
2880;-0.09;2.38;10.52;-0.25;0.35;-0.41;-14.98;15.75;-14.98
2888;0.33;2.43;10.66;-0.25;0.35;-0.41;-22.47;18.76;-22.47
2897;0.72;2.43;10.80;-0.22;0.34;-0.42;-33.60;22.47;-33.60
2906;0.88;2.47;11.13;-0.22;0.34;-0.42;-46.41;25.20;-46.41
2915;1.02;2.21;11.54;-0.22;0.34;-0.42;-59.78;28.07;-59.78
2923;1.26;2.07;12.08;-0.22;0.33;-0.42;-65.66;31.15;-65.66
2932;1.50;2.14;12.28;-0.22;0.33;-0.42;-64.61;31.78;-64.61
2941;1.77;2.00;12.22;-0.22;0.33;-0.42;-56.14;30.24;-56.14
2950;2.30;2.08;12.17;-0.21;0.32;-0.42;-47.81;28.77;-47.81
2959;2.65;2.25;12.04;-0.21;0.32;-0.42;-41.30;28.07;-41.30
2968;3.22;2.43;12.20;-0.19;0.31;-0.42;-38.92;29.26;-38.92
2977;3.37;3.01;12.54;-0.19;0.31;-0.42;-41.37;32.97;-41.37
2986;3.63;3.73;12.91;-0.19;0.31;-0.42;-45.50;34.51;-45.50
2995;4.39;3.92;13.47;-0.19;0.30;-0.42;-41.93;38.01;-41.93
3003;5.33;4.20;13.60;-0.19;0.30;-0.42;-33.46;38.92;-33.46
3012;7.28;4.26;13.18;-0.19;0.30;-0.42;-11.76;34.79;-11.76
3021;9.53;4.34;12.52;-0.20;0.31;-0.43;12.67;29.33;12.67
3030;11.52;5.20;11.13;-0.20;0.31;-0.43;38.22;29.68;38.22
3039;11.31;7.01;8.82;-0.20;0.31;-0.43;61.11;33.32;61.11
3047;8.93;9.17;4.53;-0.19;0.31;-0.42;69.93;12.53;69.93
3056;6.32;12.09;-1.51;-0.19;0.31;-0.42;74.97;-26.46;74.97
3065;1.67;15.43;-7.12;-0.19;0.31;-0.42;84.14;-90.30;84.14
3074;-1.96;18.10;-13.14;-0.19;0.29;-0.40;105.98;-167.65;105.98
3083;-7.12;20.55;-17.59;-0.19;0.29;-0.40;127.47;-249.34;127.47
3091;-14.70;22.49;-18.65;-0.19;0.29;-0.40;121.38;-339.15;121.38
3100;-23.18;23.30;-17.80;-0.22;0.26;-0.37;86.38;-356.23;86.38
3109;-33.03;23.88;-16.09;-0.22;0.26;-0.37;34.09;-337.61;34.09
3118;-47.34;20.95;-11.92;-0.22;0.26;-0.37;-77.14;-310.45;-77.14
3127;-68.60;9.95;0.62;-0.27;0.21;-0.34;-266.70;-360.22;-266.70
3188;18.01;43.77;-19.90;-0.26;0.15;-0.31;-255.01;25.97;-255.01
3196;10.01;25.41;-10.34;-0.26;0.15;-0.31;-279.23;2.94;-279.23
3205;-0.38;13.88;-4.85;-0.27;0.16;-0.31;-85.54;-51.87;-85.54
3214;-8.65;11.18;3.63;-0.27;0.16;-0.31;11.76;-105.21;11.76
3223;-11.72;2.01;9.63;-0.27;0.16;-0.31;-23.10;-103.67;-23.10
3232;-11.41;-5.76;13.46;-0.30;0.16;-0.29;-71.82;-39.90;-71.82
3241;-10.88;-6.17;12.21;-0.30;0.16;-0.29;-39.62;5.04;-39.62
3250;-10.27;-0.70;8.76;-0.30;0.16;-0.28;8.96;19.04;8.96
3259;-8.48;4.64;6.49;-0.30;0.16;-0.28;30.03;13.79;30.03
3267;-6.73;8.10;5.73;-0.30;0.16;-0.28;15.96;8.26;15.96
3276;-5.50;8.44;5.25;-0.30;0.17;-0.29;-6.51;7.77;-6.51
3285;-5.29;7.03;4.95;-0.30;0.17;-0.29;-2.17;1.89;-2.17
3293;-5.51;6.13;4.92;-0.30;0.17;-0.29;21.28;-7.21;21.28
3302;-5.38;5.91;5.29;-0.29;0.16;-0.29;39.90;-14.28;39.90
3311;-5.38;5.77;6.07;-0.29;0.16;-0.29;44.73;-18.34;44.73
3320;-5.76;5.28;7.34;-0.29;0.16;-0.29;38.57;-21.00;38.57
3329;-6.20;4.62;8.60;-0.30;0.19;-0.29;36.75;-19.32;36.75
3338;-6.02;5.07;9.01;-0.30;0.19;-0.29;41.79;-15.75;41.79
3346;-5.74;5.51;8.41;-0.30;0.19;-0.29;32.27;-6.37;32.27
3355;-5.60;5.97;7.67;-0.30;0.19;-0.29;14.00;-0.77;14.00
3364;-5.59;5.73;7.12;-0.30;0.19;-0.29;3.85;-0.56;3.85
3373;-5.52;5.68;7.07;-0.30;0.19;-0.29;6.09;-1.75;6.09
3381;-5.28;6.20;6.86;-0.30;0.19;-0.30;12.95;-1.82;12.95
3390;-4.92;6.58;6.15;-0.30;0.19;-0.30;21.14;-2.31;21.14
3399;-4.94;6.54;5.58;-0.30;0.19;-0.30;24.64;-4.20;24.64
3408;-4.89;6.18;5.41;-0.30;0.18;-0.30;23.59;-7.70;23.59
3416;-4.96;5.35;5.69;-0.30;0.18;-0.30;16.10;-9.45;16.10
3425;-5.69;4.60;5.82;-0.30;0.18;-0.30;0.35;-8.96;0.35
3434;-6.12;4.08;6.30;-0.30;0.20;-0.29;-12.39;-8.47;-12.39
3443;-6.43;3.56;6.80;-0.30;0.20;-0.29;-22.47;-6.79;-22.47
3452;-6.50;3.39;7.13;-0.30;0.20;-0.29;-23.38;-3.57;-23.38
3461;-6.26;3.84;6.78;-0.30;0.19;-0.29;-11.62;-1.82;-11.62
3469;-6.09;4.39;5.94;-0.30;0.19;-0.29;3.15;-2.94;3.15
3478;-5.71;5.00;5.76;-0.30;0.19;-0.29;8.61;-5.74;8.61
3487;-5.29;5.28;5.89;-0.30;0.19;-0.28;8.47;-7.00;8.47
3495;-5.65;5.01;6.18;-0.30;0.19;-0.28;5.04;-6.93;5.04
3513;-6.36;3.86;6.74;-0.31;0.19;-0.29;-6.37;-10.15;-6.37
3522;-6.30;3.57;6.87;-0.31;0.19;-0.29;-9.73;-9.24;-9.73
3530;-6.50;3.68;7.09;-0.31;0.19;-0.29;-15.96;-6.44;-15.96
3539;-6.55;3.85;7.27;-0.31;0.19;-0.29;-18.13;-4.83;-18.13
3548;-6.27;4.35;7.51;-0.31;0.19;-0.29;-8.75;-4.27;-8.75
3557;-6.12;5.15;7.47;-0.31;0.19;-0.29;9.31;-3.15;9.31
3574;-5.45;6.05;6.90;-0.31;0.19;-0.29;27.30;-2.94;27.30
3583;-5.51;6.02;6.53;-0.31;0.20;-0.29;25.55;-3.92;25.55
3592;-5.78;5.54;6.44;-0.31;0.20;-0.29;14.91;-4.62;14.91
3601;-6.12;4.93;6.51;-0.31;0.20;-0.29;6.44;-4.83;6.44
3609;-6.45;4.38;6.83;-0.30;0.20;-0.29;-0.49;-4.90;-0.49
3618;-6.65;3.85;7.17;-0.30;0.20;-0.29;-7.21;-3.64;-7.21
3627;-6.93;3.62;7.44;-0.30;0.20;-0.29;-9.03;0.98;-9.03
3636;-6.83;3.69;7.23;-0.32;0.19;-0.29;-0.21;5.60;-0.21
3645;-6.78;3.98;6.82;-0.32;0.19;-0.29;13.02;5.81;13.02
3653;-6.53;4.27;6.28;-0.32;0.19;-0.29;23.73;5.88;23.73
3662;-6.55;4.62;5.88;-0.31;0.19;-0.36;29.75;5.11;29.75
3671;-6.58;4.83;5.79;-0.31;0.19;-0.36;33.46;1.82;33.46
3680;-6.20;4.72;5.63;-0.31;0.19;-0.36;33.88;-2.24;33.88
3689;-6.04;4.63;5.67;-0.32;0.22;-0.29;27.93;-0.77;27.93
3698;-6.25;4.39;5.80;-0.32;0.22;-0.29;16.31;3.22;16.31
3707;-6.44;3.66;5.97;-0.32;0.22;-0.29;5.67;5.60;5.67
3716;-6.74;3.24;6.11;-0.32;0.23;-0.29;-0.42;10.01;-0.42
3725;-6.97;3.04;6.27;-0.32;0.23;-0.29;-2.38;13.58;-2.38
3734;-7.12;3.20;6.56;-0.32;0.23;-0.29;-0.07;15.96;-0.07
3743;-7.42;3.50;6.73;-0.32;0.23;-0.29;2.87;19.39;2.87
3752;-7.56;3.81;6.93;-0.32;0.23;-0.29;5.60;21.28;5.60
3761;-7.71;3.78;6.93;-0.32;0.23;-0.30;9.73;24.50;9.73
3769;-7.63;3.77;6.81;-0.32;0.24;-0.30;15.68;27.79;15.68
3778;-7.71;3.80;6.65;-0.32;0.24;-0.30;20.58;30.10;20.58
3787;-7.34;3.71;6.41;-0.32;0.26;-0.30;24.08;29.96;24.08
3796;-6.94;3.42;6.04;-0.32;0.26;-0.30;21.35;29.89;21.35
3805;-7.03;3.61;6.02;-0.32;0.26;-0.30;13.58;30.52;13.58
3814;-7.21;3.84;5.88;-0.33;0.26;-0.38;1.82;32.83;1.82
3823;-7.62;4.00;6.04;-0.33;0.26;-0.38;-9.31;36.26;-9.31
3832;-8.06;3.85;6.25;-0.33;0.26;-0.38;-20.65;44.10;-20.65
3841;-8.64;3.40;6.32;-0.32;0.27;-0.32;-25.20;50.47;-25.20
3850;-8.64;3.12;6.58;-0.32;0.27;-0.32;-23.31;53.62;-23.31
3858;-8.16;3.12;6.67;-0.32;0.27;-0.32;-12.04;52.50;-12.04
3867;-8.03;3.52;6.78;-0.31;0.27;-0.33;-0.21;50.26;-0.21
3876;-8.05;3.50;6.84;-0.31;0.27;-0.33;6.16;46.69;6.16
3885;-7.75;3.57;6.95;-0.31;0.27;-0.33;10.64;47.74;10.64
3894;-7.87;3.85;6.82;-0.30;0.27;-0.38;11.06;52.92;11.06
3903;-7.85;4.00;6.55;-0.30;0.27;-0.38;8.05;58.17;8.05
3912;-7.68;4.28;6.27;-0.30;0.27;-0.38;5.88;61.53;5.88
3921;-7.62;4.44;5.99;-0.30;0.31;-0.35;3.85;63.42;3.85
3930;-7.33;4.28;6.00;-0.30;0.31;-0.35;1.12;62.37;1.12
3939;-7.08;4.12;6.24;-0.30;0.31;-0.35;-2.31;59.36;-2.31
3948;-6.75;3.64;6.35;-0.28;0.30;-0.34;-4.76;58.94;-4.76
3957;-6.17;3.40;6.70;-0.28;0.30;-0.34;-4.97;59.22;-4.97
3966;-6.07;3.14;6.68;-0.29;0.32;-0.36;-2.31;59.85;-2.31
3975;-5.83;3.27;6.60;-0.29;0.32;-0.36;1.68;58.45;1.68
3984;-5.97;3.38;6.45;-0.29;0.32;-0.36;6.30;56.35;6.30
3993;-5.93;5.48;6.45;-0.27;0.33;-0.37;8.96;54.88;8.96
4001;-5.93;4.05;6.55;-0.27;0.33;-0.37;8.05;54.25;8.05
4019;-5.00;4.31;7.01;-0.27;0.34;-0.37;10.43;47.81;10.43
4028;-4.23;3.98;7.10;-0.27;0.34;-0.37;13.16;47.25;13.16
4036;-3.83;3.51;7.13;-0.27;0.34;-0.37;14.07;47.81;14.07
4045;-3.49;2.93;6.81;-0.25;0.35;-0.38;13.93;46.83;13.93
4054;-3.55;2.54;6.96;-0.25;0.35;-0.38;12.67;45.71;12.67
4063;-3.70;2.23;6.65;-0.25;0.35;-0.38;9.66;42.77;9.66
4071;-3.69;2.35;6.76;-0.24;0.36;-0.39;7.56;38.71;7.56
4080;-3.68;2.79;6.65;-0.24;0.36;-0.39;8.33;31.85;8.33
4089;-3.65;3.19;6.78;-0.24;0.36;-0.39;11.62;23.94;11.62
4098;-3.49;3.52;7.11;-0.24;0.33;-0.40;14.77;15.61;14.77
4107;-3.13;3.63;7.49;-0.24;0.33;-0.40;16.31;7.42;16.31
4115;-2.87;3.51;7.76;-0.24;0.33;-0.40;16.10;4.13;16.10
4124;-2.75;3.37;8.20;-0.23;0.37;-0.41;14.35;4.13;14.35
4133;-2.74;3.02;8.42;-0.23;0.37;-0.41;10.99;6.44;10.99
4142;-2.70;2.66;8.48;-0.23;0.37;-0.41;7.49;10.78;7.49
4151;-2.56;2.43;8.29;-0.24;0.37;-0.41;7.00;13.44;7.00
4159;-2.98;2.38;8.14;-0.24;0.37;-0.41;7.84;13.44;7.84
4168;-3.09;2.59;8.13;-0.24;0.37;-0.41;5.67;10.92;5.67
4177;-2.86;2.69;7.98;-0.24;0.38;-0.41;4.69;8.47;4.69
4186;-2.78;3.11;8.15;-0.24;0.38;-0.41;5.88;5.95;5.88
4194;-2.97;3.46;8.50;-0.24;0.38;-0.41;5.46;3.08;5.46
4203;-2.79;3.47;8.77;-0.25;0.38;-0.42;4.62;-1.12;4.62
4212;-2.73;3.30;9.10;-0.25;0.38;-0.42;3.78;0.84;3.78
4221;-2.88;2.88;9.38;-0.25;0.38;-0.42;3.85;3.99;3.85
4229;-2.81;2.46;9.25;-0.25;0.37;-0.41;8.19;5.25;8.19
4238;-2.82;2.18;8.98;-0.25;0.37;-0.41;16.24;7.63;16.24
4247;-2.68;1.88;8.41;-0.25;0.37;-0.42;26.60;7.70;26.60
4256;-2.52;1.88;7.83;-0.23;0.37;-0.42;34.02;4.34;34.02
4265;-2.86;2.16;7.47;-0.23;0.37;-0.42;36.19;-0.77;36.19
4273;-2.93;2.24;7.67;-0.24;0.38;-0.43;29.61;-4.90;29.61
4282;-2.85;2.32;7.67;-0.24;0.38;-0.43;22.26;-7.70;22.26
4291;-3.08;2.30;8.33;-0.24;0.38;-0.43;20.16;-10.01;20.16
4300;-3.07;2.10;9.02;-0.25;0.38;-0.42;20.09;-11.41;20.09
4308;-3.12;1.92;9.34;-0.25;0.38;-0.42;22.12;-8.54;22.12
4317;-3.12;2.10;9.48;-0.25;0.38;-0.42;25.62;-7.63;25.62
4343;-2.81;1.92;9.43;-0.25;0.39;-0.42;36.68;-7.63;36.68
4352;-2.91;1.78;9.30;-0.25;0.39;-0.41;35.84;-7.84;35.84
4361;-2.98;1.54;9.24;-0.25;0.39;-0.41;31.92;-7.63;31.92
4370;-3.05;1.44;9.26;-0.25;0.39;-0.41;26.18;-8.05;26.18
4379;-3.06;1.40;9.18;-0.26;0.39;-0.42;22.26;-10.01;22.26
4387;-2.85;1.36;9.39;-0.26;0.39;-0.42;20.44;-11.90;20.44
4396;-2.84;1.34;9.58;-0.26;0.39;-0.42;20.16;-13.23;20.16
4405;-2.82;1.31;9.79;-0.25;0.39;-0.42;19.88;-14.49;19.88
4414;-2.76;1.39;9.99;-0.25;0.39;-0.42;20.09;-13.58;20.09
4423;-2.73;1.27;10.24;-0.25;0.39;-0.42;19.46;-11.62;19.46
4431;-2.64;1.06;10.28;-0.25;0.39;-0.43;18.48;-8.26;18.48
4440;-2.68;1.01;10.39;-0.25;0.39;-0.43;19.32;-5.74;19.32
4449;-2.63;1.07;10.39;-0.25;0.39;-0.43;20.93;-4.83;20.93
4458;-2.35;0.97;10.47;-0.27;0.39;-0.42;21.84;-4.62;21.84
4467;-2.40;0.87;10.46;-0.27;0.39;-0.42;22.61;-5.04;22.61
4475;-2.28;0.83;10.39;-0.27;0.39;-0.42;21.70;-4.90;21.70
4484;-2.12;0.82;10.39;-0.25;0.39;-0.41;17.92;-3.43;17.92
4493;-2.16;0.70;10.34;-0.25;0.39;-0.41;12.46;-1.68;12.46
4502;-2.08;0.60;10.24;-0.25;0.39;-0.41;8.26;0.00;8.26
4511;-2.27;0.39;10.19;-0.26;0.39;-0.41;2.03;1.47;2.03
4519;-2.45;0.27;10.10;-0.26;0.39;-0.41;-3.29;2.66;-3.29
4528;-2.40;0.35;10.27;-0.26;0.39;-0.41;-5.88;1.61;-5.88
4537;-2.48;0.42;10.60;-0.25;0.38;-0.42;-6.65;1.19;-6.65
4546;-2.66;0.55;10.83;-0.25;0.38;-0.42;-7.07;1.68;-7.07
4554;-2.46;0.59;10.69;-0.26;0.38;-0.40;-5.81;2.03;-5.81
4563;-2.38;0.64;10.75;-0.26;0.38;-0.40;-3.43;2.45;-3.43
4572;-2.36;0.86;10.72;-0.26;0.38;-0.40;-0.21;3.92;-0.21
4581;-2.35;1.06;10.62;-0.27;0.38;-0.41;0.35;5.53;0.35
4589;-2.20;1.23;10.44;-0.27;0.38;-0.41;0.84;7.00;0.84
4598;-2.12;1.39;10.16;-0.27;0.38;-0.41;0.35;9.17;0.35
4607;-2.06;1.44;10.09;-0.26;0.38;-0.43;-1.05;10.78;-1.05
4616;-2.05;1.45;9.87;-0.26;0.38;-0.43;-2.73;11.90;-2.73
4624;-1.91;1.22;9.73;-0.26;0.38;-0.43;-3.78;13.44;-3.78
4633;-2.00;1.23;9.69;-0.26;0.38;-0.42;-3.78;14.77;-3.78
4642;-1.95;1.15;9.60;-0.26;0.38;-0.42;-3.71;15.26;-3.71
4651;-2.08;1.02;9.51;-0.26;0.38;-0.42;-3.15;15.61;-3.15
4660;-2.13;1.04;9.40;-0.25;0.38;-0.42;-3.85;15.96;-3.85
4668;-2.19;0.91;9.45;-0.25;0.38;-0.42;-6.23;15.54;-6.23
4677;-2.23;0.78;9.52;-0.25;0.38;-0.42;-6.37;14.07;-6.37
4686;-2.31;0.88;9.76;-0.25;0.38;-0.43;-4.62;12.46;-4.62
4695;-2.08;0.89;9.90;-0.25;0.38;-0.43;-3.43;11.20;-3.43
4703;-2.07;0.88;9.93;-0.25;0.38;-0.43;-2.52;11.62;-2.52
4712;-2.06;1.03;10.14;-0.26;0.38;-0.42;-4.62;13.02;-4.62
4721;-1.96;1.07;10.43;-0.26;0.38;-0.42;-9.17;16.24;-9.17
4730;-2.05;1.03;10.72;-0.26;0.38;-0.42;-14.84;20.51;-14.84
4739;-2.13;0.90;11.24;-0.23;0.38;-0.42;-20.65;26.11;-20.65
4748;-2.16;0.75;11.51;-0.23;0.38;-0.42;-24.08;29.61;-24.08
4756;-2.15;0.60;11.86;-0.23;0.38;-0.42;-24.99;35.28;-24.99
4765;-1.98;0.37;12.04;-0.24;0.38;-0.44;-21.84;40.04;-21.84
4774;-1.76;0.27;12.10;-0.24;0.38;-0.44;-16.17;43.89;-16.17
4783;-1.44;0.24;12.00;-0.24;0.38;-0.44;-7.49;47.32;-7.49
4792;-1.23;0.22;11.47;-0.23;0.38;-0.43;-1.47;49.98;-1.47
4801;-0.72;0.19;10.77;-0.23;0.38;-0.43;1.61;51.59;1.61
4809;-0.18;0.07;10.19;-0.23;0.38;-0.43;3.22;51.17;3.22
4827;0.70;0.42;9.37;-0.22;0.37;-0.44;-0.14;43.61;-0.14
4836;1.39;0.78;9.23;-0.22;0.37;-0.44;-7.07;41.65;-7.07
4844;1.98;0.98;9.17;-0.21;0.38;-0.44;-13.72;44.31;-13.72
4853;2.12;1.26;9.24;-0.21;0.38;-0.44;-21.49;42.49;-21.49
4862;2.54;1.31;9.20;-0.20;0.39;-0.44;-24.57;40.04;-24.57
4871;2.83;1.59;9.46;-0.20;0.39;-0.44;-24.64;37.52;-24.64
4880;3.03;1.70;9.58;-0.20;0.39;-0.44;-22.26;32.34;-22.26
4888;3.34;2.09;9.76;-0.18;0.37;-0.44;-17.29;28.14;-17.29
4897;3.59;2.61;10.04;-0.18;0.37;-0.44;-13.02;22.54;-13.02
4906;4.23;3.19;10.36;-0.18;0.37;-0.44;-9.80;16.52;-9.80
4915;4.68;3.83;10.87;-0.18;0.38;-0.45;-9.66;10.85;-9.66
4923;5.09;4.26;11.38;-0.18;0.38;-0.45;-12.81;12.60;-12.81
4932;5.33;4.59;12.17;-0.18;0.38;-0.45;-19.04;16.38;-19.04
4941;5.57;5.00;12.81;-0.18;0.38;-0.44;-26.67;22.40;-26.67
4950;5.71;5.17;13.65;-0.18;0.38;-0.44;-34.86;30.10;-34.86
4958;6.10;4.97;14.01;-0.18;0.38;-0.44;-37.24;36.26;-37.24
4967;6.42;4.24;14.15;-0.13;0.38;-0.44;-27.51;41.93;-27.51
4976;7.82;3.47;13.52;-0.13;0.38;-0.44;-9.73;44.94;-9.73
4985;8.73;2.98;12.78;-0.13;0.38;-0.44;12.32;52.57;12.32
4994;9.74;2.86;11.11;-0.16;0.37;-0.45;32.41;63.14;32.41
5002;10.06;3.42;9.15;-0.16;0.37;-0.45;48.09;75.74;48.09
5011;9.29;4.71;6.79;-0.16;0.37;-0.45;58.24;80.43;58.24
5020;7.19;6.19;3.39;-0.15;0.36;-0.45;52.50;63.14;52.50
5029;4.96;7.06;-1.03;-0.15;0.36;-0.45;39.76;26.25;39.76
5037;2.08;8.22;-4.99;-0.15;0.36;-0.45;21.98;-34.23;21.98
5064;-12.62;15.38;-19.49;-0.14;0.35;-0.45;29.82;-287.42;29.82
5072;-18.70;17.88;-20.57;-0.16;0.31;-0.43;66.36;-427.77;66.36
5081;-23.72;20.21;-17.59;-0.16;0.31;-0.43;70.91;-501.13;70.91
5090;-32.68;25.21;-12.39;-0.16;0.31;-0.43;39.20;-515.20;39.20
5099;-40.27;25.58;-4.96;-0.24;0.30;-0.39;-50.89;-463.89;-50.89
5108;-52.24;20.30;4.55;-0.24;0.30;-0.39;-221.55;-402.01;-221.55
5117;-65.16;9.38;23.21;-0.24;0.30;-0.39;-405.79;-400.61;-405.79
5125;-61.39;-39.92;50.43;-0.32;0.24;-0.30;-629.09;-269.85;-629.09
5134;-26.05;-65.45;57.74;-0.32;0.24;-0.30;-720.79;-22.75;-720.79
5143;-5.50;-46.41;46.34;-0.32;0.13;-0.25;-104.44;247.10;-104.44
5152;-23.19;-13.02;20.94;-0.32;0.13;-0.25;373.24;321.79;373.24
5161;-21.66;26.04;-8.38;-0.32;0.13;-0.25;648.06;161.84;648.06
5169;-4.67;46.15;-16.15;-0.27;0.21;-0.32;473.41;28.28;473.41
5178;11.29;43.24;-16.24;-0.27;0.21;-0.32;66.85;16.87;66.85
5187;14.47;32.97;-14.59;-0.27;0.21;-0.32;-188.65;71.19;-188.65
5196;7.01;21.36;-11.41;-0.28;0.23;-0.32;-215.32;28.35;-215.32
5205;-2.29;13.93;-5.26;-0.28;0.23;-0.32;-131.25;-59.01;-131.25
5214;-9.40;8.38;4.75;-0.28;0.23;-0.32;-86.87;-115.99;-86.87
5223;-12.22;2.28;13.49;-0.30;0.20;-0.35;-101.64;-96.39;-101.64
5232;-12.70;-4.12;18.35;-0.30;0.20;-0.35;-112.49;-42.56;-112.49
5240;-12.52;-5.94;17.07;-0.30;0.20;-0.35;-70.98;11.97;-70.98
5249;-11.93;-3.46;13.03;-0.31;0.20;-0.30;12.53;27.37;12.53
5258;-9.63;1.11;9.00;-0.31;0.20;-0.30;63.77;25.20;63.77
5267;-7.17;6.34;5.46;-0.31;0.20;-0.30;72.24;22.05;72.24
5275;-4.71;8.89;3.83;-0.31;0.21;-0.32;38.36;21.56;38.36
5284;-3.96;9.31;3.36;-0.31;0.21;-0.32;-4.97;18.90;-4.97
5293;-3.74;8.62;3.91;-0.31;0.21;-0.32;-9.66;7.77;-9.66
5302;-4.17;7.86;5.03;-0.31;0.21;-0.33;1.26;-6.72;1.26
5311;-4.72;6.87;6.60;-0.31;0.21;-0.33;2.80;-16.73;2.80
5319;-5.36;5.71;8.08;-0.31;0.21;-0.33;-9.24;-16.24;-9.24
5328;-6.12;4.44;9.49;-0.30;0.22;-0.31;-18.41;-10.29;-18.41
5337;-6.57;3.16;10.06;-0.30;0.22;-0.31;-19.39;-3.29;-19.39
5345;-6.88;2.93;9.86;-0.30;0.22;-0.31;-8.61;6.58;-8.61
5354;-6.70;3.52;8.97;-0.31;0.21;-0.30;12.60;11.76;12.60
5363;-6.21;4.42;5.71;-0.31;0.21;-0.30;26.67;11.97;26.67
5372;-5.09;5.58;6.02;-0.31;0.21;-0.30;33.60;9.38;33.60
5381;-4.42;6.29;4.70;-0.30;0.21;-0.31;33.32;3.22;33.32
5389;-3.85;6.12;3.91;-0.30;0.21;-0.31;16.73;-4.48;16.73
5398;-4.26;5.16;4.30;-0.30;0.21;-0.31;-7.91;-7.21;-7.91
5407;-5.33;4.26;5.61;-0.30;0.20;-0.32;-29.68;-9.38;-29.68
5416;-6.09;2.95;7.16;-0.30;0.20;-0.32;-39.62;-8.26;-39.62
5425;-6.71;2.25;8.48;-0.30;0.20;-0.31;-33.46;-3.50;-33.46
5433;-6.68;2.22;8.45;-0.30;0.20;-0.31;-13.44;2.52;-13.44
5442;-6.33;2.83;7.54;-0.30;0.20;-0.31;11.48;5.95;11.48
5451;-6.00;3.83;6.55;-0.30;0.21;-0.32;25.20;3.57;25.20
5460;-5.31;4.67;5.79;-0.30;0.21;-0.32;29.47;-2.66;29.47
5468;-4.69;5.33;5.69;-0.30;0.21;-0.32;21.98;-6.58;21.98
5477;-4.91;5.50;5.89;-0.30;0.22;-0.31;2.80;-6.79;2.80
5486;-5.39;5.02;6.40;-0.30;0.22;-0.31;-18.06;-7.49;-18.06
5495;-5.79;4.49;7.32;-0.30;0.22;-0.31;-27.09;-7.07;-27.09
5504;-6.28;3.81;7.80;-0.30;0.21;-0.30;-26.74;-4.48;-26.74
5512;-6.46;3.50;8.04;-0.30;0.21;-0.30;-15.47;-1.54;-15.47
5521;-6.47;3.68;8.12;-0.30;0.21;-0.30;0.91;0.84;0.91
5530;-6.17;4.10;7.85;-0.31;0.20;-0.31;12.04;3.71;12.04
5539;-5.79;4.68;7.47;-0.31;0.20;-0.31;18.76;5.74;18.76
5548;-5.66;4.72;6.75;-0.31;0.20;-0.31;19.04;5.18;19.04
5556;-3.70;4.98;6.50;-0.30;0.22;-0.30;15.26;2.52;15.26
5565;-5.43;5.15;6.50;-0.30;0.22;-0.30;5.04;1.47;5.04
5574;-5.58;5.18;6.68;-0.30;0.22;-0.30;-8.47;2.80;-8.47
5583;-5.71;5.10;6.95;-0.30;0.22;-0.30;-12.74;2.94;-12.74
5592;-5.76;5.13;7.18;-0.30;0.22;-0.30;-8.82;2.73;-8.82
5600;-5.72;5.26;7.23;-0.30;0.22;-0.30;17.50;3.36;17.50
5609;-5.56;5.57;7.00;-0.30;0.22;-0.30;11.06;4.27;11.06
5618;-5.43;5.64;6.50;-0.30;0.22;-0.30;16.59;3.78;16.59
5627;-5.21;5.57;6.20;-0.30;0.22;-0.30;19.81;2.87;19.81
5635;-5.20;5.64;6.02;-0.31;0.22;-0.31;21.14;-0.28;21.14
5644;-5.18;5.45;6.09;-0.31;0.22;-0.31;19.88;-3.15;19.88
5653;-5.33;5.41;6.14;-0.31;0.22;-0.31;13.44;-3.01;13.44
5661;-5.55;5.06;6.33;-0.31;0.23;-0.31;4.55;-2.31;4.55
5670;-5.87;4.67;6.72;-0.31;0.23;-0.31;-3.71;-1.12;-3.71
5679;-6.12;4.01;6.81;-0.31;0.23;-0.31;-8.54;1.61;-8.54
5688;-6.66;3.63;7.20;-0.31;0.22;-0.31;-10.57;5.46;-10.57
5697;-6.98;3.44;7.20;-0.31;0.22;-0.31;-7.49;10.08;-7.49
5705;-6.85;3.48;7.06;-0.31;0.22;-0.31;-0.14;13.09;-0.14
5714;-6.83;3.75;7.00;-0.32;0.23;-0.31;12.67;13.72;12.67
5723;-6.54;3.98;6.54;-0.32;0.23;-0.31;24.01;13.79;24.01
5732;-6.20;4.07;6.25;-0.32;0.23;-0.32;33.88;13.44;33.88
5740;-6.02;4.30;5.97;-0.32;0.23;-0.32;41.02;11.76;41.02
5749;-6.15;4.58;5.56;-0.32;0.23;-0.32;44.03;9.24;44.03
5758;-6.40;4.75;5.67;-0.30;0.25;-0.32;38.92;5.81;38.92
5767;-6.37;5.05;5.77;-0.30;0.25;-0.32;30.24;5.04;30.24
5775;-6.46;4.99;6.27;-0.30;0.25;-0.32;18.76;10.99;18.76
5784;-6.94;4.92;6.63;-0.31;0.26;-0.32;5.95;18.76;5.95
5793;-9.11;4.70;6.53;-0.31;0.26;-0.32;-2.10;24.08;-2.10
5802;-7.95;4.22;6.47;-0.31;0.26;-0.32;-3.92;26.18;-3.92
5811;-8.12;3.50;6.70;-0.32;0.26;-0.33;-4.76;26.67;-4.76
5819;-7.37;2.62;6.70;-0.32;0.26;-0.33;-2.03;30.45;-2.03
5828;-7.42;2.68;6.61;-0.32;0.26;-0.33;1.68;34.86;1.68
5837;-7.70;3.11;6.45;-0.31;0.27;-0.33;2.38;36.40;2.38
5846;-7.90;3.58;6.30;-0.31;0.27;-0.33;3.78;37.73;3.78
5854;-8.48;4.03;6.34;-0.31;0.27;-0.33;-0.84;38.08;-0.84
5863;-8.66;4.49;6.58;-0.33;0.28;-0.33;-5.60;38.99;-5.60
5872;-8.43;2.80;6.20;-0.33;0.28;-0.33;-7.84;43.54;-7.84
5881;-8.42;4.58;6.65;-0.33;0.28;-0.33;-7.70;47.95;-7.70
5889;-7.98;4.24;6.50;-0.32;0.29;-0.34;-4.06;51.24;-4.06
5898;-7.50;3.96;6.22;-0.32;0.29;-0.34;0.28;51.45;0.28
5907;-7.06;3.70;5.95;-0.32;0.29;-0.34;3.50;49.42;3.50
5916;-6.56;3.47;6.09;-0.31;0.29;-0.34;5.39;49.77;5.39
5925;-6.41;3.39;5.92;-0.31;0.29;-0.34;5.95;49.84;5.95
5933;-6.21;3.34;5.99;-0.31;0.29;-0.34;6.93;47.95;6.93
5942;-6.07;3.47;6.03;-0.31;0.31;-0.36;8.82;47.67;8.82
5951;-6.20;3.65;6.04;-0.31;0.31;-0.36;11.69;45.85;11.69
5959;-6.05;3.71;6.07;-0.31;0.31;-0.36;14.77;43.54;14.77
5968;-6.12;4.03;6.11;-0.29;0.32;-0.36;16.80;39.83;16.80
5977;-5.97;3.96;6.23;-0.29;0.32;-0.36;17.15;35.21;17.15
5986;-5.69;3.89;6.58;-0.29;0.32;-0.36;13.37;30.31;13.37
5995;-5.36;3.74;6.90;-0.29;0.33;-0.37;8.96;29.68;8.96
6004;-5.35;3.51;7.30;-0.29;0.33;-0.37;5.25;29.54;5.25
6012;-4.94;3.32;7.54;-0.29;0.33;-0.37;5.18;32.13;5.18
6021;-4.69;3.24;7.54;-0.29;0.35;-0.37;4.55;38.36;4.55
6030;-4.53;3.17;7.63;-0.29;0.35;-0.37;3.15;44.31;3.15
6039;-4.36;3.52;7.39;-0.28;0.35;-0.37;1.75;45.92;1.75
6048;-4.31;3.88;5.51;-0.28;0.35;-0.37;1.75;42.63;1.75
6056;-4.25;4.21;7.31;-0.28;0.35;-0.37;0.98;37.66;0.98
6065;-3.98;4.19;7.56;-0.26;0.35;-0.39;-1.61;31.57;-1.61
6074;-3.78;3.94;7.57;-0.26;0.35;-0.39;-2.94;26.95;-2.94
6083;-3.63;3.59;7.61;-0.26;0.35;-0.39;-1.89;23.45;-1.89
6092;-3.52;2.98;7.74;-0.26;0.35;-0.39;0.56;21.14;0.56
6100;-3.50;2.56;7.67;-0.26;0.35;-0.39;4.83;20.51;4.83
6109;-3.37;2.20;5.55;-0.26;0.35;-0.39;11.97;18.27;11.97
6118;-3.32;2.23;6.79;-0.25;0.36;-0.39;22.33;13.30;22.33
6127;-3.49;2.51;6.45;-0.25;0.36;-0.39;28.98;5.88;28.98
6135;-3.30;2.75;5.97;-0.25;0.36;-0.39;28.07;-3.71;28.07
6144;-3.32;3.21;6.28;-0.25;0.36;-0.40;17.43;-8.19;17.43
6153;-3.12;3.54;6.84;-0.25;0.36;-0.40;1.96;-11.27;1.96
6162;-2.90;3.68;7.70;-0.25;0.36;-0.40;-12.53;-8.89;-12.53
6170;-3.07;3.84;8.49;-0.24;0.37;-0.40;-21.49;-3.22;-21.49
6179;-3.15;3.79;9.25;-0.24;0.37;-0.40;-23.52;2.38;-23.52
6188;-3.35;3.91;9.32;-0.24;0.37;-0.40;-19.18;6.09;-19.18
6197;-3.62;3.64;9.52;-0.25;0.37;-0.41;-11.83;6.51;-11.83
6206;-3.49;3.37;9.35;-0.25;0.37;-0.41;0.56;5.18;0.56
6214;-3.45;3.29;8.88;-0.25;0.37;-0.41;13.58;1.96;13.58
6223;-3.55;3.43;8.17;-0.26;0.36;-0.42;24.29;-4.69;24.29
6232;-3.47;3.36;7.74;-0.26;0.36;-0.42;28.00;-11.27;28.00
6240;-3.61;3.46;7.59;-0.26;0.36;-0.42;26.81;-18.76;26.81
6249;-3.66;3.23;7.73;-0.25;0.37;-0.43;19.74;-23.94;19.74
6258;-3.54;2.95;8.09;-0.25;0.37;-0.43;12.95;-25.76;12.95
6267;-3.42;2.54;8.59;-0.25;0.37;-0.43;7.28;-24.50;7.28
6275;-3.40;2.25;9.13;-0.27;0.36;-0.41;6.86;-21.28;6.86
6284;-3.37;2.03;9.53;-0.27;0.36;-0.41;15.19;-21.07;15.19
6293;-3.40;1.94;9.61;-0.27;0.36;-0.41;26.04;-21.70;26.04
6302;-3.47;2.01;9.73;-0.27;0.36;-0.42;34.30;-23.38;34.30
6311;-3.51;2.06;9.68;-0.27;0.36;-0.42;39.62;-25.06;39.62
6320;-3.37;2.09;9.62;-0.27;0.36;-0.42;42.28;-28.14;42.28
6328;-3.32;2.27;9.51;-0.28;0.38;-0.41;43.12;-31.78;43.12
6337;-3.08;2.24;9.73;-0.28;0.38;-0.41;42.07;-34.02;42.07
6346;-3.10;2.12;9.83;-0.29;0.37;-0.40;40.25;-34.23;40.25
6355;-3.10;1.86;9.91;-0.29;0.37;-0.40;37.87;-30.94;37.87
6364;-3.16;1.61;9.78;-0.29;0.37;-0.40;34.30;-26.18;34.30
6372;-3.17;1.41;9.91;-0.29;0.37;-0.40;29.68;-22.96;29.68
6381;-3.28;1.08;10.11;-0.29;0.37;-0.40;26.74;-19.18;26.74
6390;-3.12;0.70;10.11;-0.29;0.37;-0.40;26.18;-15.26;26.18
6408;-3.22;0.82;9.88;-0.29;0.37;-0.39;33.25;-13.93;33.25
6416;-3.16;0.81;9.82;-0.29;0.37;-0.39;35.42;-14.14;35.42
6425;-3.04;0.96;9.65;-0.30;0.37;-0.40;37.03;-15.12;37.03
6434;-2.96;1.07;9.57;-0.30;0.37;-0.40;37.59;-17.78;37.59
6443;-2.82;1.12;9.63;-0.30;0.37;-0.40;37.31;-18.90;37.31
6451;-2.75;1.16;9.74;-0.30;0.37;-0.40;35.14;-18.83;35.14
6460;-2.76;1.12;9.77;-0.30;0.37;-0.40;31.43;-17.78;31.43
6469;-2.81;1.00;9.83;-0.30;0.37;-0.40;26.04;-16.10;26.04
6478;-2.92;1.06;9.88;-0.30;0.38;-0.40;20.93;-13.86;20.93
6486;-2.91;0.73;10.25;-0.30;0.38;-0.40;16.10;-10.78;16.10
6495;-2.82;0.60;10.29;-0.30;0.38;-0.40;13.30;-6.16;13.30
6504;-2.68;0.38;10.26;-0.31;0.38;-0.40;13.30;-2.10;13.30
6513;-2.61;0.07;10.10;-0.31;0.38;-0.40;16.17;-0.21;16.17
6522;-2.68;-0.09;9.76;-0.31;0.38;-0.40;17.50;0.28;17.50
6531;-2.62;-0.34;9.41;-0.30;0.38;-0.41;16.45;-0.91;16.45
6539;-2.63;-0.10;9.30;-0.30;0.38;-0.41;13.02;-4.13;13.02
6548;-2.55;-0.03;9.21;-0.30;0.38;-0.41;6.86;-6.16;6.86
6557;-2.53;0.19;9.50;-0.30;0.38;-0.39;-1.05;-7.84;-1.05
6565;-2.65;0.59;10.01;-0.30;0.38;-0.39;-9.03;-7.70;-9.03
6574;-2.61;0.78;10.57;-0.30;0.38;-0.39;-18.13;-4.41;-18.13
6583;-2.50;0.90;11.12;-0.30;0.38;-0.39;-22.68;1.54;-22.68
6601;-2.58;0.94;11.26;-0.30;0.38;-0.39;-13.86;14.07;-13.86
6609;-2.66;1.09;10.80;-0.30;0.36;-0.39;-4.48;14.98;-4.48
6618;-2.61;1.39;10.47;-0.30;0.36;-0.39;3.36;13.16;3.36
6627;-2.33;1.46;10.09;-0.30;0.36;-0.39;8.05;11.13;8.05
6636;-2.27;1.54;9.76;-0.31;0.37;-0.39;9.38;10.57;9.38
6645;-2.14;1.51;9.65;-0.31;0.37;-0.39;8.33;9.66;8.33
6653;-2.02;1.41;9.48;-0.30;0.38;-0.41;6.58;9.87;6.58
6662;-2.11;1.34;9.46;-0.30;0.38;-0.41;1.75;11.27;1.75
6671;-2.20;1.15;9.50;-0.30;0.38;-0.41;-6.44;13.44;-6.44
6680;-2.15;1.00;9.66;-0.29;0.38;-0.39;-15.54;17.22;-15.54
6688;-2.36;0.73;9.90;-0.29;0.38;-0.39;-22.89;22.12;-22.89
6697;-2.37;0.47;10.09;-0.29;0.38;-0.39;-26.88;25.69;-26.88
6706;-2.53;0.34;10.29;-0.29;0.38;-0.40;-28.28;28.98;-28.28
6715;-2.53;0.17;10.25;-0.29;0.38;-0.40;-29.12;31.64;-29.12
6724;-2.48;0.09;10.30;-0.29;0.38;-0.40;-29.47;31.71;-29.47
6732;-2.35;0.17;10.38;-0.28;0.36;-0.41;-30.38;29.40;-30.38
6741;-2.07;0.22;10.72;-0.28;0.36;-0.41;-31.08;26.25;-31.08
6750;-1.44;0.13;11.18;-0.28;0.36;-0.41;-32.06;23.66;-32.06
6759;-0.76;0.33;11.75;-0.27;0.37;-0.42;-33.46;24.99;-33.46
6767;-0.04;0.46;12.23;-0.27;0.37;-0.42;-37.73;30.17;-37.73
6776;0.60;0.69;12.49;-0.27;0.37;-0.42;-46.27;38.92;-46.27
6785;1.41;1.16;12.47;-0.28;0.37;-0.40;-58.73;47.74;-58.73
6794;2.06;1.20;12.55;-0.28;0.37;-0.40;-88.34;60.13;-88.34
6802;2.18;1.28;12.41;-0.28;0.37;-0.40;-80.50;67.34;-80.50
6811;2.42;1.35;12.15;-0.25;0.36;-0.43;-83.02;70.14;-83.02
6820;2.39;1.36;11.80;-0.25;0.36;-0.43;-81.97;68.18;-81.97
6829;2.63;1.42;11.46;-0.25;0.36;-0.43;-75.25;64.47;-75.25
6838;2.58;1.55;10.90;-0.24;0.35;-0.43;-67.76;59.71;-67.76
6846;2.48;1.93;10.44;-0.24;0.35;-0.43;-58.45;52.15;-58.45
6855;2.33;1.95;10.09;-0.24;0.35;-0.43;-49.63;40.95;-49.63
6864;2.19;1.93;9.74;-0.23;0.33;-0.43;-40.88;31.15;-40.88
6873;1.81;2.10;9.55;-0.23;0.33;-0.43;-36.96;20.37;-36.96
6881;1.62;2.07;9.35;-0.23;0.33;-0.43;-33.67;11.13;-33.67
6890;1.16;2.28;9.45;-0.23;0.33;-0.42;-31.92;3.15;-31.92
6899;1.09;2.46;9.40;-0.23;0.33;-0.42;-31.43;-0.56;-31.43
6908;0.90;2.85;9.78;-0.23;0.33;-0.42;-35.42;3.08;-35.42
6916;0.74;3.19;10.04;-0.22;0.33;-0.43;-43.47;10.36;-43.47
6925;0.57;3.94;10.11;-0.22;0.33;-0.43;-52.15;20.79;-52.15
6934;0.36;4.51;10.35;-0.22;0.33;-0.43;-57.47;26.95;-57.47
6943;0.52;5.01;10.67;-0.22;0.33;-0.43;-57.82;31.15;-57.82
6952;0.98;5.33;10.76;-0.22;0.33;-0.43;-49.70;30.24;-49.70
6960;2.22;5.29;10.27;-0.21;0.31;-0.43;-29.40;21.28;-29.40
6969;4.46;4.95;9.83;-0.21;0.31;-0.43;0.07;17.08;0.07
6978;6.30;5.79;8.67;-0.21;0.31;-0.43;28.63;23.31;28.63
6987;6.70;8.18;6.50;-0.22;0.31;-0.42;50.54;28.56;50.54
6995;5.89;11.47;3.02;-0.22;0.31;-0.42;74.90;22.40;74.90
7004;3.98;15.92;-0.65;-0.22;0.31;-0.42;100.45;7.07;100.45
7013;0.02;22.02;-6.50;-0.20;0.29;-0.42;133.56;-35.70;133.56
7022;-4.82;27.50;-13.44;-0.20;0.29;-0.42;171.64;-86.03;171.64
7031;-11.93;32.96;-20.34;-0.20;0.29;-0.42;181.44;-181.86;181.44
7040;-26.36;33.91;-22.55;-0.19;0.26;-0.41;136.78;-301.28;136.78
7048;-41.86;27.18;-19.48;-0.19;0.26;-0.41;4.27;-404.81;4.27
7057;-55.69;15.11;-14.52;-0.19;0.26;-0.41;-152.04;-451.43;-152.04
7066;-65.37;-3.60;4.70;-0.27;0.23;-0.36;-352.10;-519.47;-352.10
7075;-78.57;-54.93;40.57;-0.27;0.23;-0.36;-554.33;-366.10;-554.33
7084;-45.79;-79.04;62.68;-0.27;0.23;-0.36;-882.56;-199.85;-882.56
7092;15.35;-43.85;61.13;-0.31;0.11;-0.26;-199.50;153.72;-199.50
7110;-25.26;44.33;4.16;-0.31;0.11;-0.26;626.85;377.30;626.85
7119;-13.73;64.13;-28.68;-0.26;0.16;-0.33;479.92;193.20;479.92
7128;17.92;46.19;-29.38;-0.26;0.16;-0.33;28.35;60.62;28.35
7137;18.02;32.53;-26.17;-0.26;0.16;-0.33;-186.34;10.43;-186.34
7145;8.68;17.98;-18.25;-0.24;0.18;-0.35;-177.73;-57.75;-177.73
7154;-2.05;10.20;-6.98;-0.24;0.18;-0.35;-126.98;-134.54;-126.98
7163;-13.63;3.83;6.58;-0.24;0.18;-0.35;-137.27;-144.48;-137.27
7172;-14.04;-3.65;18.56;-0.28;0.18;-0.32;-171.92;-102.97;-171.92
7181;-9.20;-5.66;21.92;-0.28;0.18;-0.32;-109.20;-15.47;-109.20
7189;-8.88;-1.56;14.85;-0.28;0.18;-0.32;20.86;47.53;20.86
7198;-8.71;4.64;6.85;-0.29;0.17;-0.32;99.19;57.05;99.19
7207;-6.46;10.64;1.62;-0.29;0.17;-0.32;94.57;26.60;94.57
7216;-3.44;13.85;0.80;-0.29;0.19;-0.33;31.64;1.96;31.64
7224;-2.76;11.89;2.63;-0.29;0.19;-0.33;-32.69;-9.24;-32.69
7233;-3.60;8.54;4.84;-0.29;0.19;-0.33;-47.18;-16.38;-47.18
7242;-4.33;6.60;6.13;-0.30;0.17;-0.32;-20.72;-23.10;-20.72
7251;-4.64;5.32;6.40;-0.30;0.17;-0.32;5.95;-28.21;5.95
7260;-4.85;5.15;6.98;-0.30;0.17;-0.32;8.54;-25.48;8.54
7268;-4.88;5.41;7.78;-0.29;0.18;-0.31;-3.29;-22.33;-3.29
7277;-5.34;5.61;8.63;-0.29;0.18;-0.31;-11.41;-19.11;-11.41
7286;-5.81;5.62;9.34;-0.29;0.18;-0.31;-16.17;-14.91;-16.17
7295;-5.97;5.49;9.79;-0.29;0.17;-0.31;-15.05;-11.55;-15.05
7303;-5.92;5.46;9.81;-0.29;0.17;-0.31;-5.04;-8.40;-5.04
7312;-5.87;5.57;8.84;-0.29;0.17;-0.31;3.57;-3.92;3.57
7321;-5.38;5.58;7.49;-0.30;0.18;-0.30;10.22;-1.82;10.22
7330;-4.97;5.58;6.51;-0.30;0.18;-0.30;15.19;-3.99;15.19
7339;-4.72;5.61;6.01;-0.30;0.18;-0.30;16.38;-7.21;16.38
7347;-4.73;5.58;5.92;-0.30;0.18;-0.31;12.46;-7.49;12.46
7356;-4.81;5.17;5.79;-0.30;0.18;-0.31;9.24;-8.61;9.24
7365;-5.08;4.59;6.06;-0.30;0.18;-0.31;4.55;-10.01;4.55
7374;-5.43;4.22;6.63;-0.30;0.18;-0.30;-3.15;-9.80;-3.15
7382;-5.58;3.80;7.00;-0.30;0.18;-0.30;-5.60;-8.33;-5.60
7391;-5.56;3.55;6.98;-0.30;0.18;-0.30;-5.74;-7.49;-5.74
7400;-5.45;3.74;6.93;-0.30;0.18;-0.32;-4.55;-4.62;-4.55
7409;-5.54;4.06;6.79;-0.30;0.18;-0.32;-1.47;-4.34;-1.47
7426;-5.07;4.84;6.50;-0.31;0.17;-0.31;2.66;-4.06;2.66
7435;-4.91;5.08;6.45;-0.31;0.17;-0.31;3.64;-3.43;3.64
7444;-4.74;5.22;6.45;-0.31;0.17;-0.31;2.03;-2.73;2.03
7452;-4.87;5.34;6.62;-0.30;0.17;-0.31;-3.43;-2.59;-3.43
7461;-4.92;5.34;6.76;-0.30;0.17;-0.31;-8.75;-1.05;-8.75
7470;-5.45;5.26;7.06;-0.30;0.17;-0.31;-9.38;-1.40;-9.38
7478;-5.53;5.10;7.08;-0.31;0.18;-0.31;-3.85;-2.66;-3.85
7487;-5.39;5.05;6.99;-0.31;0.18;-0.31;4.97;-2.59;4.97
7496;-5.40;5.17;6.80;-0.31;0.18;-0.31;13.37;-2.59;13.37
7505;-5.33;5.08;6.39;-0.30;0.18;-0.30;18.27;-2.94;18.27
7513;-5.47;5.11;6.39;-0.30;0.18;-0.30;19.60;-1.75;19.60
7522;-5.37;5.25;6.33;-0.30;0.18;-0.30;20.65;-2.87;20.65
7531;-5.28;5.56;6.33;-0.31;0.18;-0.31;20.72;-3.92;20.72
7540;-4.97;5.98;6.43;-0.31;0.18;-0.31;16.73;-2.45;16.73
7549;-4.90;6.20;6.37;-0.31;0.19;-0.32;12.39;-0.84;12.39
7558;-5.15;6.07;6.31;-0.31;0.19;-0.32;7.63;0.07;7.63
7566;-5.37;5.78;6.37;-0.31;0.19;-0.32;4.76;0.56;4.76
7575;-5.56;5.43;6.37;-0.31;0.19;-0.30;5.25;0.98;5.25
7584;-5.74;5.15;6.50;-0.31;0.19;-0.30;7.63;2.59;7.63
7592;-6.00;4.95;6.66;-0.31;0.19;-0.30;9.66;4.62;9.66
7601;-6.27;4.71;6.81;-0.31;0.20;-0.30;12.95;7.00;12.95
7610;-6.55;4.54;7.04;-0.31;0.20;-0.30;15.89;8.05;15.89
7619;-6.41;4.57;7.07;-0.31;0.20;-0.30;23.03;9.73;23.03
7628;-6.37;4.97;7.05;-0.31;0.21;-0.30;28.91;14.14;28.91
7636;-6.12;5.16;6.63;-0.31;0.21;-0.30;33.53;17.08;33.53
7645;-5.99;5.26;6.23;-0.31;0.21;-0.30;34.72;18.41;34.72
7654;-6.17;5.46;5.97;-0.30;0.22;-0.32;30.10;20.23;30.10
7663;-6.07;5.32;5.58;-0.30;0.22;-0.32;22.61;19.81;22.61
7671;-6.20;5.30;5.59;-0.30;0.22;-0.32;14.63;19.95;14.63
7689;-6.70;5.18;5.86;-0.32;0.22;-0.30;-1.40;22.54;-1.40
7698;-6.78;4.85;6.02;-0.32;0.22;-0.30;-7.70;23.17;-7.70
7707;-7.01;4.41;6.04;-0.30;0.23;-0.33;-9.94;25.69;-9.94
7716;-7.14;4.07;6.20;-0.30;0.23;-0.33;-8.75;25.83;-8.75
7724;-7.20;3.94;6.38;-0.30;0.23;-0.33;-2.73;24.85;-2.73
7733;-7.21;4.08;6.68;-0.30;0.23;-0.33;3.85;25.69;3.85
7742;-7.78;4.60;6.75;-0.30;0.23;-0.33;12.53;28.70;12.53
7751;-7.85;4.74;6.63;-0.30;0.23;-0.33;17.01;28.35;17.01
7760;-7.74;4.82;6.45;-0.31;0.24;-0.32;18.76;28.28;18.76
7768;-7.25;4.71;6.25;-0.31;0.24;-0.32;16.87;30.03;16.87
7786;-6.88;4.92;5.84;-0.31;0.24;-0.33;-0.42;44.66;-0.42
7795;-6.98;5.00;5.58;-0.31;0.24;-0.33;-10.08;50.12;-10.08
7803;-6.80;4.93;5.62;-0.31;0.24;-0.33;-17.50;53.69;-17.50
7812;-6.93;4.94;5.76;-0.30;0.26;-0.34;-19.39;53.41;-19.39
7821;-6.49;4.67;6.01;-0.30;0.26;-0.34;-15.05;51.24;-15.05
7830;-6.68;4.75;6.26;-0.30;0.26;-0.34;-6.93;45.99;-6.93
7839;-6.50;4.68;6.56;-0.29;0.26;-0.34;5.88;40.04;5.88
7847;-6.25;4.48;6.78;-0.29;0.26;-0.34;19.11;36.96;19.11
7856;-6.49;4.47;6.78;-0.30;0.27;-0.41;34.44;31.64;34.44
7865;-6.19;4.52;6.41;-0.30;0.27;-0.41;48.02;24.15;48.02
7874;-5.79;4.99;6.12;-0.30;0.27;-0.41;52.85;20.23;52.85
7883;-5.37;5.65;5.84;-0.29;0.30;-0.36;45.22;22.12;45.22
7891;-5.12;5.96;5.97;-0.29;0.30;-0.36;20.09;30.10;20.09
7900;-4.79;5.91;6.07;-0.29;0.30;-0.36;-8.19;41.09;-8.19
7909;-4.47;5.73;6.40;-0.28;0.31;-0.37;-31.36;51.59;-31.36
7918;-4.72;5.40;6.94;-0.28;0.31;-0.37;-44.59;58.59;-44.59
7927;-4.73;5.09;7.44;-0.28;0.31;-0.37;-43.47;57.68;-43.47
7936;-4.82;4.67;8.04;-0.25;0.32;-0.38;-26.39;50.26;-26.39
7945;-5.18;4.36;8.48;-0.25;0.32;-0.38;-2.31;45.22;-2.31
7953;-4.60;3.88;8.21;-0.25;0.32;-0.38;20.30;39.41;20.30
7962;-4.37;3.95;7.59;-0.27;0.32;-0.38;40.60;36.26;40.60
7971;-3.98;3.74;6.88;-0.27;0.32;-0.38;49.70;32.41;49.70
7980;-3.62;3.80;5.96;-0.27;0.32;-0.38;46.62;32.06;46.62
7989;-3.31;3.89;5.33;-0.24;0.33;-0.40;32.13;34.51;32.13
7997;-3.40;4.03;5.33;-0.24;0.33;-0.40;10.64;35.42;10.64
8006;-3.51;4.01;5.81;-0.24;0.33;-0.40;-9.73;31.01;-9.73
8015;-3.47;3.75;6.39;-0.25;0.32;-0.42;-17.57;25.69;-17.57
8024;-3.76;3.61;7.52;-0.25;0.32;-0.42;-18.83;22.54;-18.83
8032;-3.80;3.27;8.08;-0.25;0.32;-0.42;-11.48;21.14;-11.48
8041;-4.09;3.37;8.25;-0.25;0.33;-0.41;4.48;18.41;4.48
8050;-3.52;3.14;8.13;-0.25;0.33;-0.41;20.58;12.74;20.58
8059;-3.56;3.51;7.60;-0.25;0.33;-0.41;33.46;9.73;33.46
8068;-3.63;3.47;7.30;-0.25;0.33;-0.41;28.28;8.75;28.28
8077;-3.24;2.90;6.68;-0.25;0.33;-0.41;15.68;12.25;15.68
8085;-3.73;2.57;6.63;-0.25;0.33;-0.41;-7.56;20.30;-7.56
8094;-3.45;1.82;6.79;-0.24;0.31;-0.41;-36.33;25.27;-36.33
8103;-3.22;1.21;7.13;-0.24;0.31;-0.41;-45.64;20.44;-45.64
8112;-2.94;1.12;8.20;-0.23;0.30;-0.40;-37.66;4.20;-37.66
8121;-2.39;1.26;9.05;-0.23;0.30;-0.40;-15.82;-11.62;-15.82
8129;-1.74;1.44;9.97;-0.23;0.30;-0.40;10.99;-21.91;10.99
8138;-1.35;2.37;10.33;-0.25;0.30;-0.43;29.61;-28.98;29.61
8147;-0.10;2.96;10.42;-0.25;0.30;-0.43;49.07;-31.22;49.07
8156;0.49;3.49;9.78;-0.25;0.30;-0.43;63.98;-30.31;63.98
8165;1.26;3.80;9.46;-0.25;0.31;-0.41;66.01;-28.28;66.01
8173;1.73;4.00;8.81;-0.25;0.31;-0.41;56.63;-22.47;56.63
8182;1.65;4.03;8.69;-0.25;0.31;-0.41;39.20;-16.73;39.20
8191;1.46;3.80;8.75;-0.25;0.31;-0.42;20.51;-14.07;20.51
8200;1.01;3.37;9.19;-0.25;0.31;-0.42;11.55;-15.96;11.55
8208;0.69;2.84;9.50;-0.25;0.31;-0.42;14.14;-21.42;14.14
8217;0.36;2.59;9.93;-0.26;0.32;-0.41;25.69;-27.65;25.69
8226;0.06;2.45;10.15;-0.26;0.32;-0.41;38.64;-32.76;38.64
8235;-0.17;2.51;10.25;-0.26;0.32;-0.41;50.96;-34.79;50.96
8243;-0.75;2.56;10.06;-0.26;0.33;-0.41;57.26;-34.23;57.26
8252;-1.39;2.80;9.92;-0.26;0.33;-0.41;56.07;-33.74;56.07
8261;-1.74;2.87;10.01;-0.26;0.33;-0.41;46.83;-32.34;46.83
8270;-2.05;2.88;10.04;-0.28;0.34;-0.43;33.60;-29.26;33.60
8279;-2.18;2.54;10.46;-0.28;0.34;-0.43;21.00;-24.78;21.00
8287;-2.31;2.36;10.83;-0.28;0.34;-0.43;13.09;-18.62;13.09
8296;-2.47;2.18;10.94;-0.28;0.34;-0.43;11.20;-13.51;11.20
8305;-2.75;2.05;10.85;-0.28;0.34;-0.43;14.84;-10.01;14.84
8314;-3.09;2.12;10.76;-0.28;0.34;-0.43;20.23;-8.75;20.23
8322;-3.23;2.05;10.67;-0.28;0.33;-0.41;25.48;-8.19;25.48
8331;-3.45;2.12;10.62;-0.28;0.33;-0.41;30.17;-7.91;30.17
8340;-3.69;2.30;10.43;-0.28;0.33;-0.41;33.32;-8.12;33.32
8349;-3.85;2.28;10.39;-0.28;0.34;-0.41;33.81;-7.84;33.81
8358;-4.06;2.23;10.42;-0.28;0.34;-0.41;32.20;-5.81;32.20
8366;-4.12;1.91;10.34;-0.28;0.34;-0.41;31.36;-3.22;31.36
8375;-4.07;1.84;10.20;-0.28;0.35;-0.42;33.39;-0.70;33.39
8384;-4.06;1.66;10.18;-0.28;0.35;-0.42;38.43;1.96;38.43
8393;-4.01;1.52;9.94;-0.28;0.35;-0.42;46.76;2.94;46.76
8401;-3.93;1.49;9.99;-0.28;0.35;-0.41;55.72;4.83;55.72
8428;-3.76;1.67;9.07;-0.27;0.37;-0.40;73.43;7.35;73.43
8436;-3.79;1.54;8.71;-0.27;0.37;-0.40;72.10;6.16;72.10
8445;-3.93;1.58;8.41;-0.28;0.38;-0.40;68.25;3.01;68.25
8454;-4.11;1.19;8.31;-0.28;0.38;-0.40;64.96;-2.45;64.96
8463;-4.34;0.75;8.48;-0.28;0.38;-0.40;69.86;-8.26;69.86
8472;-4.21;0.64;8.75;-0.27;0.36;-0.47;80.99;-15.19;80.99
8481;-4.49;0.50;9.11;-0.27;0.36;-0.47;95.55;-21.21;95.55
8489;-4.38;0.47;9.15;-0.27;0.36;-0.47;108.85;-25.83;108.85
8498;-4.36;0.63;9.22;-0.28;0.42;-0.41;121.03;-28.91;121.03
8507;-4.19;0.81;9.12;-0.28;0.42;-0.41;127.89;-28.98;127.89
8516;-4.13;0.98;8.93;-0.28;0.42;-0.41;126.70;-26.46;126.70
8525;-3.96;0.92;8.61;-0.28;0.45;-0.40;118.65;-22.89;118.65
8533;-4.02;0.69;8.45;-0.28;0.45;-0.40;108.85;-16.80;108.85
8542;-4.16;0.22;8.14;-0.28;0.45;-0.40;99.96;-14.70;99.96
8551;-4.72;-0.58;8.05;-0.28;0.47;-0.38;101.08;-19.25;101.08
8560;-4.95;-0.96;8.13;-0.28;0.47;-0.38;115.92;-32.76;115.92
8569;-5.10;-1.66;8.45;-0.28;0.47;-0.38;133.56;-48.16;133.56
8577;-5.25;-1.90;8.60;-0.29;0.49;-0.41;156.66;-60.55;156.66
8586;-5.10;-1.86;8.67;-0.29;0.49;-0.41;175.00;-71.26;175.00
8595;-4.92;-1.59;8.79;-0.29;0.49;-0.41;185.15;-76.51;185.15
8604;-4.36;-1.59;8.74;-0.30;0.55;-0.35;190.54;-69.65;190.54
8612;-4.46;-1.52;8.64;-0.30;0.55;-0.35;184.17;-58.73;184.17
8621;-4.34;-1.56;8.34;-0.30;0.55;-0.35;175.21;-45.57;175.21
8639;-4.90;-2.22;7.62;-0.31;0.59;-0.34;159.67;-34.02;159.67
8648;-5.30;-2.89;7.42;-0.31;0.59;-0.34;152.60;-39.20;152.60
8656;-5.47;-2.99;7.34;-0.30;0.62;-0.31;152.18;-48.44;152.18
8665;-5.59;-3.62;7.38;-0.30;0.62;-0.31;154.35;-61.53;154.35
8674;-5.49;-3.96;7.57;-0.30;0.62;-0.31;160.09;-69.44;160.09
8683;-5.33;-3.91;7.61;-0.30;0.65;-0.28;163.94;-74.76;163.94
8692;-4.92;-3.89;7.57;-0.30;0.65;-0.28;164.57;-72.59;164.57
8700;-4.74;-3.90;7.43;-0.30;0.68;-0.25;158.34;-62.51;158.34
8709;-4.75;-4.03;5.53;-0.30;0.68;-0.25;148.54;-51.94;148.54
8718;-4.66;-4.33;7.01;-0.30;0.68;-0.25;140.42;-40.95;140.42
8727;-4.93;-4.83;6.65;-0.30;0.70;-0.22;136.57;-34.44;136.57
8735;-5.09;-4.95;6.36;-0.30;0.70;-0.22;138.11;-34.09;138.11
8744;-5.49;-5.30;6.30;-0.30;0.70;-0.22;140.77;-39.76;140.77
8753;-5.71;-5.58;6.07;-0.30;0.73;-0.20;145.39;-47.32;145.39
8762;-5.84;-6.00;6.20;-0.30;0.73;-0.20;147.98;-54.81;147.98
8771;-5.78;-6.14;6.42;-0.30;0.73;-0.20;150.99;-57.89;150.99
8779;-5.65;-6.29;6.46;-0.29;0.74;-0.17;151.13;-55.44;151.13
8789;-5.23;-6.31;6.34;-0.29;0.74;-0.17;149.03;-46.83;149.03
8798;-5.31;-6.45;6.13;-0.29;0.74;-0.17;140.63;-38.01;140.63
8806;-5.09;-6.33;5.60;-0.30;0.75;-0.14;132.72;-31.99;132.72
8815;-5.13;-6.71;5.08;-0.30;0.75;-0.14;126.77;-27.58;126.77
8824;-5.20;-6.96;4.79;-0.30;0.75;-0.14;127.33;-29.19;127.33
8833;-5.42;-7.30;4.71;-0.28;0.77;-0.16;134.61;-34.93;134.61
8859;-5.23;-7.46;4.61;-0.28;0.78;-0.09;165.20;-50.40;165.20
8868;-5.23;-7.24;4.34;-0.28;0.78;-0.09;162.82;-48.65;162.82
8877;-5.20;-7.28;4.04;-0.28;0.78;-0.09;150.01;-42.98;150.01
8885;-4.85;-7.31;3.80;-0.28;0.78;-0.05;134.19;-35.91;134.19
8894;-4.95;-7.54;3.34;-0.28;0.78;-0.05;121.10;-29.75;121.10
8903;-5.13;-7.74;3.25;-0.28;0.78;-0.05;111.44;-28.70;111.44
8912;-5.20;-8.09;3.21;-0.27;0.79;-0.02;108.22;-30.17;108.22
8920;-5.05;-8.51;3.07;-0.27;0.79;-0.02;106.89;-30.52;106.89
8929;-5.18;-8.66;3.01;-0.27;0.79;-0.02;109.13;-31.29;109.13
8938;-5.22;-8.64;2.95;-0.25;0.80;0.02;115.43;-35.14;115.43
8947;-4.90;-8.56;2.81;-0.25;0.80;0.02;120.75;-36.68;120.75
8956;-4.80;-8.31;2.60;-0.25;0.80;0.02;123.13;-37.10;123.13
8964;-4.57;-8.21;2.28;-0.25;0.80;0.04;121.80;-34.23;121.80
8973;-4.52;-8.21;2.26;-0.25;0.80;0.04;114.73;-28.63;114.73
8982;-4.64;-8.23;2.01;-0.25;0.80;0.06;104.65;-21.77;104.65
8991;-4.94;-8.37;1.69;-0.25;0.80;0.06;93.10;-17.43;93.10
9000;-5.01;-8.72;1.65;-0.25;0.80;0.06;85.19;-15.82;85.19
9008;-5.06;-9.01;1.37;-0.24;0.80;0.07;84.35;-17.43;84.35
9017;-5.01;-9.17;1.39;-0.24;0.80;0.07;86.52;-18.90;86.52
9026;-4.96;-9.05;1.37;-0.24;0.80;0.07;88.06;-19.67;88.06
9035;-4.70;-9.10;1.31;-0.23;0.79;0.10;89.32;-18.83;89.32
9043;-4.52;-9.04;1.22;-0.23;0.79;0.10;88.69;-15.26;88.69
9070;-4.69;-8.80;0.70;-0.23;0.79;0.12;80.08;-7.70;80.08
9079;-4.59;-8.85;0.56;-0.23;0.79;0.12;77.14;-8.05;77.14
9088;-4.67;-8.93;0.31;-0.23;0.79;0.14;73.15;-7.35;73.15
9096;-4.77;-8.97;0.18;-0.23;0.79;0.14;66.85;-4.62;66.85
9105;-4.64;-9.07;0.11;-0.23;0.79;0.14;58.03;-1.12;58.03
9114;-4.63;-9.14;0.00;-0.23;0.78;0.15;51.80;2.87;51.80
9122;-4.58;-9.23;-0.11;-0.23;0.78;0.15;49.56;2.87;49.56
9131;-4.53;-9.20;-0.14;-0.23;0.78;0.15;50.54;-0.84;50.54
9140;-4.33;-9.14;-0.16;-0.23;0.78;0.15;51.59;-3.01;51.59
9158;-4.29;-9.01;-0.42;-0.23;0.78;0.15;44.80;-3.36;44.80
9166;-4.31;-8.98;-0.50;-0.22;0.78;0.16;38.01;-2.38;38.01
9175;-4.30;-8.88;-0.81;-0.22;0.78;0.16;30.80;-1.33;30.80
9184;-4.32;-8.93;-0.83;-0.22;0.78;0.16;23.45;0.14;23.45
9193;-4.40;-8.93;-1.08;-0.22;0.77;0.17;15.96;1.61;15.96
9201;-4.39;-8.87;-0.94;-0.22;0.77;0.17;7.28;5.46;7.28
9210;-4.52;-9.00;-0.90;-0.22;0.77;0.17;-2.59;7.91;-2.59
9219;-4.59;-9.20;-0.94;-0.22;0.77;0.16;-5.18;5.88;-5.18
9228;-4.62;-9.40;-0.93;-0.22;0.77;0.16;-1.12;-0.56;-1.12
9236;-4.57;-9.38;-0.68;-0.22;0.77;0.16;6.37;-7.77;6.37
9245;-4.39;-9.28;-0.48;-0.23;0.77;0.16;12.81;-12.39;12.81
9254;-4.36;-9.23;-0.35;-0.23;0.77;0.16;14.49;-14.77;14.49
9263;-4.31;-9.25;-0.32;-0.23;0.77;0.16;14.70;-14.70;14.70
9271;-4.09;-9.19;-0.27;-0.22;0.77;0.16;12.32;-12.39;12.32
9280;-4.29;-9.21;-0.42;-0.22;0.77;0.16;8.68;-8.68;8.68
9289;-4.28;-9.07;-0.52;-0.22;0.77;0.17;5.18;-6.30;5.18
9298;-4.26;-9.04;-0.64;-0.22;0.77;0.17;2.38;-4.55;2.38
9307;-4.35;-9.04;-0.57;-0.22;0.77;0.17;0.42;-3.43;0.42
9315;-4.34;-9.22;-0.59;-0.22;0.76;0.18;0.77;-3.85;0.77
9324;-4.39;-9.26;-0.67;-0.22;0.76;0.18;5.04;-5.95;5.04
9333;-4.58;-9.10;-0.64;-0.22;0.76;0.18;10.29;-10.08;10.29
9341;-4.25;-9.25;-0.70;-0.22;0.77;0.17;11.76;-14.91;11.76
9350;-4.10;-9.17;-0.73;-0.22;0.77;0.17;14.35;-13.02;14.35
9359;-4.17;-9.04;-0.73;-0.22;0.77;0.17;13.09;-11.83;13.09
9368;-4.06;-8.94;-0.76;-0.21;0.76;0.18;11.27;-9.94;11.27
9377;-4.12;-8.99;-0.71;-0.21;0.76;0.18;9.17;-7.07;9.17
9385;-4.13;-8.81;-0.67;-0.21;0.76;0.18;4.83;-4.06;4.83
9394;-4.08;-8.77;-0.69;-0.22;0.77;0.17;0.42;-0.14;0.42
9403;-4.14;-8.81;-0.73;-0.22;0.77;0.17;-3.92;3.50;-3.92
9412;-4.19;-8.85;-0.65;-0.22;0.77;0.17;-7.42;6.30;-7.42
9420;-4.34;-8.92;-0.66;-0.20;0.77;0.19;-9.59;7.70;-9.59
9429;-4.44;-9.07;-0.66;-0.20;0.77;0.19;-9.24;6.58;-9.24
9438;-4.44;-9.21;-0.65;-0.20;0.77;0.19;-6.58;4.34;-6.58
9446;-4.47;-9.25;-0.71;-0.20;0.77;0.17;-3.15;0.70;-3.15
9455;-4.47;-9.32;-0.64;-0.20;0.77;0.17;0.98;-3.08;0.98
9464;-4.35;-9.25;-0.70;-0.20;0.77;0.17;2.66;-4.83;2.66
9473;-4.49;-9.15;-0.67;-0.20;0.76;0.18;0.84;-6.51;0.84
9482;-4.35;-9.02;-0.70;-0.20;0.76;0.18;1.19;-5.95;1.19
9490;-4.12;-9.17;-0.52;-0.20;0.76;0.18;-2.03;-4.69;-2.03
9499;-4.13;-8.99;-0.60;-0.21;0.77;0.17;-3.92;-3.08;-3.92
9508;-4.21;-8.97;-0.48;-0.21;0.77;0.17;-5.60;-1.40;-5.60
9517;-4.20;-8.99;-0.47;-0.21;0.77;0.17;-6.30;1.26;-6.30
9525;-4.16;-8.92;-0.49;-0.21;0.77;0.17;-7.63;2.24;-7.63
9534;-4.23;-8.95;-0.50;-0.21;0.77;0.17;-8.68;3.57;-8.68
9543;-4.37;-8.98;-0.58;-0.21;0.77;0.17;-10.22;4.20;-10.22
9552;-4.46;-9.17;-0.49;-0.20;0.77;0.18;-10.08;2.94;-10.08
9560;-4.44;-9.25;-0.62;-0.20;0.77;0.18;-7.49;0.00;-7.49
9569;-4.37;-9.24;-0.54;-0.20;0.77;0.18;-4.06;-2.03;-4.06
9578;-4.47;-10.93;-0.41;-0.21;0.77;0.17;-3.08;-3.64;-3.08
9587;-4.24;-9.09;-0.42;-0.21;0.77;0.17;-1.05;-3.92;-1.05
9595;-4.29;-8.99;-0.60;-0.21;0.77;0.17;-1.75;-2.38;-1.75
9604;-4.40;-9.12;-0.60;-0.20;0.76;0.17;-3.57;-1.96;-3.57
9613;-4.69;-7.38;-0.54;-0.20;0.76;0.17;-4.06;-1.96;-4.06
9622;-4.40;-9.36;-0.62;-0.19;0.76;0.18;-5.18;-2.87;-5.18
9630;-4.39;-9.40;-0.58;-0.19;0.76;0.18;-3.64;-2.03;-3.64
9639;-4.44;-9.23;-0.60;-0.19;0.76;0.18;-2.17;-3.15;-2.17
9648;-4.20;-9.24;-0.42;-0.20;0.76;0.17;-0.14;-2.80;-0.14
9657;-4.30;-9.12;-0.46;-0.20;0.76;0.17;-1.40;-3.22;-1.40
9665;-4.21;-9.07;-0.36;-0.20;0.76;0.17;-2.38;-2.52;-2.38
9674;-4.21;-9.06;-0.45;-0.19;0.76;0.17;-3.57;-2.03;-3.57
9683;-4.19;-9.11;-0.46;-0.19;0.76;0.17;-3.92;-0.77;-3.92
9692;-4.29;-9.28;-0.50;-0.19;0.76;0.17;-4.69;-0.42;-4.69
9700;-4.22;-9.32;-0.40;-0.20;0.77;0.17;-3.99;-0.98;-3.99
9709;-4.32;-9.18;-0.38;-0.20;0.77;0.17;-3.43;-1.05;-3.43
9718;-4.25;-9.09;-0.50;-0.20;0.77;0.17;-4.27;-1.68;-4.27
9727;-4.21;-9.15;-0.38;-0.20;0.76;0.17;-5.53;-0.63;-5.53
9735;-4.16;-9.10;-0.46;-0.20;0.76;0.17;-5.88;-0.21;-5.88
9744;-4.27;-9.10;-0.32;-0.20;0.76;0.17;-5.25;-0.07;-5.25
9753;-4.21;-9.24;-0.30;-0.20;0.77;0.16;-3.85;-0.21;-3.85
9762;-4.24;-9.19;-0.25;-0.20;0.77;0.16;-2.66;-0.84;-2.66
9770;-4.19;-9.14;-0.39;-0.20;0.77;0.16;-1.19;-1.68;-1.19
9779;-4.16;-9.18;-0.27;-0.19;0.76;0.16;-0.70;-1.54;-0.70
9788;-4.13;-9.22;-0.32;-0.19;0.76;0.16;0.00;-0.77;0.00
9797;-4.12;-9.20;-0.26;-0.19;0.76;0.16;0.28;0.28;0.28
9805;-4.15;-9.17;-0.34;-0.20;0.76;0.17;0.77;0.63;0.77
9814;-4.02;-9.27;-0.32;-0.20;0.76;0.17;1.40;0.77;1.40
9823;-4.12;-9.34;-0.37;-0.20;0.76;0.17;1.89;0.84;1.89
9832;-4.18;-9.38;-0.29;-0.20;0.77;0.14;2.31;1.26;2.31
9840;-4.20;-9.41;-0.45;-0.20;0.77;0.14;2.66;1.33;2.66
9849;-4.06;-9.42;-0.42;-0.20;0.77;0.14;2.45;0.70;2.45
9858;-4.06;-9.35;-0.42;-0.20;0.76;0.17;2.45;0.70;2.45
9867;-4.18;-9.44;-0.41;-0.20;0.76;0.17;1.61;-0.14;1.61
9875;-4.08;-9.51;-0.49;-0.20;0.76;0.17;0.91;-1.12;0.91
9884;-4.06;-9.58;-0.39;-0.20;0.78;0.17;0.35;-1.61;0.35
9893;-4.06;-9.46;-0.34;-0.20;0.78;0.17;-0.28;-1.47;-0.28
9902;-3.98;-9.50;-0.42;-0.20;0.78;0.17;-0.70;-1.12;-0.70
9910;-4.04;-9.53;-0.37;-0.19;0.78;0.16;-0.49;0.14;-0.49
9919;-4.04;-9.50;-0.22;-0.19;0.78;0.16;0.42;0.63;0.42
9928;-4.03;-9.53;-0.28;-0.19;0.78;0.16;1.61;0.14;1.61
9936;-3.93;-9.67;-0.27;-0.19;0.77;0.16;3.36;-0.98;3.36
9945;-3.76;-9.81;-0.43;-0.19;0.77;0.16;4.41;-2.80;4.41
9954;-3.68;-9.80;-0.47;-0.19;0.77;0.16;4.90;-3.99;4.90
9963;-3.56;-9.79;-0.44;-0.19;0.76;0.16;4.41;-5.25;4.41
9971;-3.52;-9.93;-0.47;-0.19;0.76;0.16;3.50;-5.95;3.50
9980;-3.50;-10.07;-0.41;-0.19;0.77;0.16;2.38;-7.35;2.38
9989;-3.50;-10.30;-0.41;-0.19;0.77;0.16;1.61;-7.00;1.61
9998;-3.52;-10.39;-0.26;-0.19;0.77;0.16;0.56;-6.44;0.56
10007;-3.37;-10.44;-0.29;-0.19;0.77;0.17;-0.70;-6.09;-0.70
10015;-3.18;-10.70;-0.16;-0.19;0.77;0.17;-1.05;-5.74;-1.05
10024;-2.91;-10.93;-0.17;-0.19;0.77;0.17;0.00;-6.86;0.00
10033;-2.70;-11.14;-0.14;-0.20;0.77;0.17;1.26;-8.68;1.26
10042;-2.40;-11.50;-0.07;-0.20;0.77;0.17;1.75;-10.29;1.75
10050;-2.12;-11.90;0.01;-0.20;0.77;0.17;2.59;-10.78;2.59
10059;-1.60;-12.25;0.35;-0.19;0.78;0.16;-2.73;-12.18;-2.73
10068;-1.44;-13.27;0.66;-0.19;0.78;0.16;-2.24;-7.77;-2.24
10077;-1.55;-13.89;0.88;-0.19;0.78;0.16;-3.99;-7.91;-3.99
10085;-1.03;-14.75;1.11;-0.19;0.77;0.18;-5.32;-9.10;-5.32
10094;-0.80;-15.48;1.17;-0.19;0.77;0.18;-4.20;-8.19;-4.20
10103;-0.66;-15.77;0.99;-0.19;0.77;0.18;-4.34;-9.73;-4.34
10112;-0.36;-15.95;0.79;-0.18;0.76;0.17;-7.63;-12.53;-7.63
10120;-0.25;-15.57;0.49;-0.18;0.76;0.17;-12.74;-14.77;-12.74
10129;0.01;-15.48;0.62;-0.18;0.76;0.17;-21.00;-14.49;-21.00
10138;0.28;-15.07;0.44;-0.17;0.77;0.17;-32.20;-11.06;-32.20
10147;0.74;-14.63;0.36;-0.17;0.77;0.17;-41.30;-5.53;-41.30
10155;0.88;-14.35;0.19;-0.17;0.77;0.17;-48.44;0.77;-48.44
10164;1.36;-13.76;0.10;-0.16;0.77;0.15;-53.83;5.46;-53.83
10173;2.07;-13.42;0.20;-0.16;0.77;0.15;-58.24;10.43;-58.24
10182;2.46;-12.76;0.57;-0.16;0.77;0.15;-66.22;10.57;-66.22
10191;3.08;-12.29;1.51;-0.15;0.76;0.15;-76.23;7.07;-76.23
10199;4.24;-11.77;2.53;-0.15;0.76;0.15;-86.66;0.70;-86.66
10208;5.26;-10.99;3.72;-0.15;0.76;0.15;-94.85;1.54;-94.85
10217;6.35;-10.19;4.92;-0.14;0.78;0.12;-102.27;7.00;-102.27
10226;7.36;-9.37;6.07;-0.14;0.78;0.12;-105.70;13.30;-105.70
10235;8.19;-8.87;7.24;-0.14;0.78;0.12;-98.00;23.38;-98.00
10243;9.32;-8.71;8.67;-0.12;0.79;0.11;-87.57;38.43;-87.57
10252;10.12;-8.36;10.18;-0.12;0.79;0.11;-85.75;62.51;-85.75
10261;10.71;-7.52;11.16;-0.12;0.79;0.11;-88.76;96.46;-88.76
10270;10.88;-5.96;11.96;-0.12;0.78;0.09;-98.84;131.60;-98.84
10278;10.95;-4.57;12.54;-0.12;0.78;0.09;-112.70;159.18;-112.70
10287;10.01;-2.51;13.43;-0.12;0.79;0.05;-122.71;180.53;-122.71
10296;7.57;0.37;13.80;-0.12;0.79;0.05;-111.58;177.80;-111.58
10305;4.74;3.62;13.57;-0.12;0.79;0.05;-71.89;152.39;-71.89
10314;0.70;6.83;12.78;-0.14;0.78;0.02;-28.49;114.38;-28.49
10322;-6.03;11.28;11.44;-0.14;0.78;0.02;3.36;50.12;3.36
10331;-11.54;14.55;9.70;-0.14;0.78;0.02;33.67;4.27;33.67
10340;-18.49;17.21;8.76;-0.20;0.79;0.04;54.74;-10.01;54.74
10349;-26.29;20.43;7.82;-0.20;0.79;0.04;61.53;6.86;61.53
10357;-37.26;20.50;8.26;-0.20;0.79;0.04;62.65;103.81;62.65
10366;-44.10;15.86;5.53;-0.28;0.75;0.04;53.20;261.66;53.20
10375;-55.67;0.82;-2.91;-0.28;0.75;0.04;-5.11;429.31;-5.11
10384;-69.14;-35.38;-18.33;-0.28;0.75;0.04;-21.49;466.20;-21.49
10393;-57.34;-71.61;-41.99;-0.28;0.64;-0.02;245.49;291.48;245.49
10402;-30.51;-56.92;-64.75;-0.28;0.64;-0.02;574.07;-56.49;574.07
10410;-6.07;-3.18;-56.88;-0.28;0.64;-0.02;536.55;-555.87;536.55
10419;12.78;20.09;-29.22;-0.22;0.64;0.08;-27.93;-599.90;-27.93
10428;11.35;25.27;-1.23;-0.22;0.64;0.08;-500.01;-288.61;-500.01
10437;3.98;15.20;13.73;-0.22;0.64;0.08;-683.41;-38.92;-683.41
10446;-5.18;4.06;20.19;-0.28;0.73;0.04;-590.45;71.40;-590.45
10454;-12.99;0.85;22.36;-0.28;0.73;0.04;-340.06;42.00;-340.06
10464;-16.68;1.17;24.97;-0.28;0.73;0.04;-134.89;-19.74;-134.89
10472;-13.34;1.87;25.57;-0.31;0.72;-0.03;3.57;-39.97;3.57
10481;-10.25;1.97;23.02;-0.31;0.72;-0.03;77.00;-19.32;77.00
10490;-6.76;0.22;16.80;-0.31;0.72;-0.03;129.85;17.64;129.85
10499;-5.57;-3.39;8.74;-0.29;0.70;-0.02;164.85;60.83;164.85
10508;-6.38;-7.57;-0.54;-0.29;0.70;-0.02;166.25;72.31;166.25
10516;-7.45;-11.22;-8.31;-0.29;0.70;-0.02;126.14;52.43;126.14
10525;-6.55;-12.65;-10.42;-0.26;0.68;0.00;68.53;12.74;68.53
10534;-5.44;-11.62;-9.22;-0.26;0.68;0.00;10.57;-16.24;10.57
10543;-4.91;-9.63;-4.27;-0.26;0.69;0.00;-28.35;-37.31;-28.35
10551;-5.14;-8.53;-1.21;-0.28;0.69;0.00;-59.43;-44.45;-59.43
10560;-6.31;-7.91;3.11;-0.28;0.69;0.00;-79.03;-36.75;-79.03
10569;-6.69;-7.73;6.19;-0.29;0.70;0.00;-78.19;-25.13;-78.19
10578;-7.19;-7.75;7.93;-0.29;0.70;0.00;-58.66;-14.91;-58.66
10586;-7.49;-8.03;8.61;-0.29;0.70;0.00;-31.15;-10.01;-31.15
10595;-7.26;-8.25;8.26;-0.30;0.70;-0.01;-4.97;-3.85;-4.97
10604;-7.48;-8.61;6.97;-0.30;0.70;-0.01;14.21;2.24;14.21
10613;-7.36;-8.90;5.12;-0.30;0.70;-0.01;26.81;5.39;26.81
10622;-7.08;-8.90;3.63;-0.29;0.70;-0.02;33.81;5.60;33.81
10630;-6.83;-8.79;2.43;-0.29;0.70;-0.02;34.23;2.87;34.23
10639;-6.43;-8.37;1.64;-0.29;0.70;-0.02;29.12;-2.87;29.12
10648;-6.07;-8.10;1.80;-0.28;0.70;0.01;22.61;-6.09;22.61
10657;-5.85;-7.94;2.09;-0.28;0.70;0.01;15.40;-6.37;15.40
10665;-5.97;-7.80;2.31;-0.28;0.70;0.01;11.48;-2.38;11.48
10674;-5.99;-7.80;2.40;-0.29;0.69;0.01;10.15;1.82;10.15
10683;-6.01;-7.82;2.30;-0.29;0.69;0.01;10.64;4.76;10.64
10692;-6.07;-7.65;2.09;-0.29;0.69;0.01;10.08;6.02;10.08
10700;-5.92;-7.59;1.92;-0.29;0.69;-0.01;8.82;5.95;8.82
10709;-6.04;-7.62;1.79;-0.29;0.69;-0.01;8.26;3.71;8.26
10718;-6.09;-7.59;1.51;-0.29;0.69;-0.01;7.35;-0.56;7.35
10727;-6.04;-7.77;1.69;-0.29;0.70;0.00;5.60;-4.06;5.60
10736;-6.10;-7.90;1.80;-0.29;0.70;0.00;2.80;-6.86;2.80
10744;-6.14;-7.98;2.09;-0.29;0.70;0.00;0.56;-9.10;0.56
10753;-5.99;-7.91;2.38;-0.29;0.69;-0.00;-0.21;-10.36;-0.21
10762;-6.02;-7.93;2.90;-0.29;0.69;-0.00;-0.07;-10.22;-0.07
10771;-5.94;-8.04;3.09;-0.29;0.69;-0.00;0.91;-6.86;0.91
10779;-6.04;-8.29;3.10;-0.29;0.69;-0.00;1.40;-2.73;1.40
10789;-6.51;-8.31;2.94;-0.29;0.69;-0.00;1.68;0.56;1.68
10797;-6.53;-8.61;2.83;-0.29;0.69;-0.00;1.82;0.14;1.82
10806;-6.62;-8.57;2.68;-0.28;0.70;0.01;2.73;-1.40;2.73
10815;-6.72;-8.77;2.69;-0.28;0.70;0.01;2.94;-3.64;2.94
10824;-6.68;-8.79;2.46;-0.28;0.70;0.01;3.08;-6.16;3.08
10832;-6.67;-8.54;2.49;-0.28;0.69;0.02;3.22;-9.31;3.22
10841;-6.62;-8.43;2.61;-0.28;0.69;0.02;1.40;-11.90;1.40
10850;-6.55;-8.32;2.65;-0.28;0.69;0.01;-0.63;-11.76;-0.63
10859;-6.64;-8.40;2.66;-0.29;0.69;0.01;-2.87;-9.59;-2.87
10867;-6.69;-8.27;2.65;-0.29;0.69;0.01;-3.36;-8.40;-3.36
10876;-6.86;-7.85;2.70;-0.29;0.70;0.01;-1.19;-8.89;-1.19
10885;-6.65;-7.55;2.82;-0.29;0.70;0.01;0.07;-10.22;0.07
10894;-6.70;-7.31;2.97;-0.29;0.70;0.01;3.64;-10.43;3.64
10902;-6.68;-7.16;2.99;-0.29;0.70;-0.00;7.21;-10.57;7.21
10911;-6.57;-7.09;3.25;-0.29;0.70;-0.00;10.43;-11.34;10.43
10920;-6.47;-7.00;3.09;-0.29;0.70;-0.00;15.05;-11.76;15.05
10929;-6.37;-6.86;2.87;-0.29;0.71;0.02;18.69;-11.55;18.69
10938;-6.43;-6.94;2.42;-0.29;0.71;0.02;20.93;-10.15;20.93
10946;-6.30;-7.10;2.03;-0.29;0.71;0.02;20.93;-9.73;20.93
10955;-6.36;-7.45;1.54;-0.29;0.70;0.02;21.07;-8.61;21.07
10964;-6.46;-7.55;1.18;-0.29;0.70;0.02;21.42;-9.38;21.42
10973;-6.56;-7.73;0.70;-0.29;0.70;0.02;20.72;-11.20;20.72
10981;-6.50;-7.80;0.73;-0.29;0.71;0.03;19.46;-14.28;19.46
10990;-6.65;-7.75;0.70;-0.29;0.71;0.03;17.15;-18.20;17.15
10999;-6.58;-7.88;1.06;-0.29;0.71;0.03;12.11;-22.61;12.11
11008;-6.60;-7.92;1.17;-0.28;0.71;0.01;8.54;-21.84;8.54
11017;-6.65;-7.97;1.40;-0.28;0.71;0.01;6.30;-20.58;6.30
11025;-6.97;-7.97;1.40;-0.28;0.71;0.01;4.62;-18.41;4.62
11034;-7.47;-7.97;1.36;-0.27;0.73;0.01;5.74;-15.61;5.74
11043;-8.05;-7.86;1.23;-0.27;0.73;0.01;8.33;-17.50;8.33
11052;-8.34;-7.98;1.19;-0.27;0.73;0.01;12.04;-23.73;12.04
11060;-8.38;-7.71;1.00;-0.28;0.72;0.04;17.71;-33.74;17.71
11069;-7.93;-7.53;0.96;-0.28;0.72;0.04;23.03;-44.94;23.03
11078;-6.98;-7.19;0.79;-0.28;0.72;0.04;25.62;-52.85;25.62
11104;-5.85;-6.35;0.09;-0.28;0.73;0.05;6.16;-56.49;6.16
11113;-6.16;-6.58;0.37;-0.27;0.74;0.06;-2.03;-50.96;-2.03
11122;-6.93;-6.69;0.68;-0.27;0.74;0.06;-9.52;-43.82;-9.52
11131;-7.54;-7.26;0.95;-0.27;0.74;0.06;-13.79;-38.22;-13.79
11139;-8.53;-7.55;1.26;-0.26;0.74;0.07;-12.81;-38.50;-12.81
11148;-8.82;-7.83;1.50;-0.26;0.74;0.07;-4.27;-44.94;-4.27
11157;-8.52;-8.22;1.73;-0.26;0.74;0.07;7.42;-55.02;7.42
11166;-7.90;-8.43;1.64;-0.25;0.74;0.07;19.53;-63.14;19.53
11174;-7.19;-8.14;1.29;-0.25;0.74;0.07;26.46;-66.15;26.46
11183;-6.71;-7.86;1.00;-0.24;0.75;0.08;25.13;-66.50;25.13
11192;-6.09;-7.39;0.69;-0.24;0.75;0.08;18.97;-64.68;18.97
11201;-5.72;-7.09;0.49;-0.24;0.75;0.08;10.57;-60.69;10.57
11209;-5.56;-6.80;0.33;-0.22;0.75;0.08;3.15;-57.82;3.15
11218;-5.87;-6.98;0.83;-0.22;0.75;0.08;-2.45;-52.71;-2.45
11227;-5.99;-7.59;1.31;-0.22;0.75;0.08;-7.77;-47.18;-7.77
11236;-6.34;-8.13;1.83;-0.22;0.76;0.09;-10.92;-36.96;-10.92
11245;-6.30;-8.50;2.39;-0.22;0.76;0.09;-12.46;-31.22;-12.46
11253;-5.84;-8.61;2.58;-0.22;0.76;0.09;-6.02;-26.39;-6.02
11262;-4.89;-8.51;2.35;-0.21;0.77;0.10;5.25;-26.25;5.25
11271;-4.58;-8.11;1.84;-0.21;0.77;0.10;16.66;-27.30;16.66
11280;-4.16;-7.77;1.12;-0.21;0.77;0.10;21.21;-28.21;21.21
11288;-3.81;-7.38;0.52;-0.20;0.76;0.10;21.77;-29.33;21.77
11297;-3.58;-7.14;0.28;-0.20;0.76;0.10;20.02;-32.34;20.02
11306;-3.94;-7.26;0.38;-0.20;0.76;0.10;15.40;-38.08;15.40
11315;-4.28;-7.87;0.61;-0.19;0.77;0.10;12.95;-43.26;12.95
11324;-4.37;-8.68;1.15;-0.19;0.77;0.10;14.77;-48.93;14.77
11332;-4.45;-9.18;1.62;-0.19;0.77;0.10;21.28;-49.49;21.28
11341;-4.34;-9.58;2.04;-0.17;0.78;0.12;27.79;-45.50;27.79
11350;-3.92;-9.72;1.95;-0.17;0.78;0.12;38.15;-41.58;38.15
11359;-3.54;-9.66;1.92;-0.17;0.78;0.12;45.08;-38.01;45.08
11367;-3.32;-9.45;1.45;-0.18;0.76;0.10;48.58;-37.03;48.58
11376;-3.04;-9.20;0.85;-0.18;0.76;0.10;45.08;-38.43;45.08
11385;-2.93;-8.76;0.54;-0.18;0.76;0.10;37.24;-38.64;37.24
11394;-2.68;-8.29;0.45;-0.17;0.77;0.14;28.98;-38.01;28.98
11402;-2.66;-7.97;0.47;-0.17;0.77;0.14;20.51;-38.57;20.51
11411;-2.86;-7.99;0.73;-0.17;0.77;0.14;11.90;-36.26;11.90
11420;-3.27;-8.44;1.31;-0.17;0.77;0.14;3.22;-28.98;3.22
11429;-3.52;-9.16;1.82;-0.17;0.77;0.14;-1.89;-16.66;-1.89
11438;-3.47;-9.63;2.09;-0.17;0.77;0.14;-6.58;-3.92;-6.58
11446;-3.70;-9.94;2.36;-0.16;0.77;0.13;-10.36;10.29;-10.36
11455;-3.55;-10.13;2.18;-0.16;0.77;0.13;-10.01;19.25;-10.01
11464;-3.44;-10.13;1.97;-0.16;0.77;0.13;-6.93;23.10;-6.93
11473;-3.23;-10.02;1.84;-0.17;0.78;0.13;0.56;19.53;0.56
11481;-2.99;-9.52;1.41;-0.17;0.78;0.13;11.76;11.55;11.76
11490;-2.76;-8.96;1.21;-0.17;0.78;0.13;24.43;2.24;24.43
11499;-2.30;-8.52;1.00;-0.17;0.78;0.13;34.58;-7.07;34.58
11507;-2.32;-8.29;0.92;-0.17;0.78;0.13;40.60;-14.21;40.60
11516;-2.47;-8.63;1.25;-0.17;0.78;0.14;42.77;-16.66;42.77
11525;-2.76;-9.22;1.62;-0.17;0.78;0.14;43.75;-12.46;43.75
11534;-3.07;-9.54;1.83;-0.17;0.78;0.14;41.72;-2.87;41.72
11543;-3.27;-9.97;1.70;-0.17;0.77;0.15;40.60;7.91;40.60
11552;-3.25;-9.81;1.56;-0.17;0.77;0.15;38.99;18.69;38.99
11560;-3.01;-9.71;1.27;-0.17;0.77;0.15;36.47;26.74;36.47
11569;-2.71;-9.57;0.86;-0.18;0.78;0.15;35.77;29.96;35.77
11578;-2.57;-9.24;0.30;-0.18;0.78;0.15;39.27;28.70;39.27
11587;-2.30;-8.78;-0.19;-0.18;0.78;0.15;43.54;23.45;43.54
11595;-2.13;-8.58;-0.57;-0.17;0.78;0.16;47.74;13.93;47.74
11604;-2.20;-8.51;-0.90;-0.17;0.78;0.16;49.42;5.39;49.42
11613;-2.37;-8.66;-0.88;-0.17;0.78;0.16;49.49;-1.12;49.49
11622;-2.83;-9.25;-0.88;-0.18;0.78;0.16;49.63;-4.90;49.63
11631;-3.32;-9.65;-0.67;-0.18;0.78;0.16;48.65;-5.25;48.65
11639;-3.63;-10.23;-0.35;-0.18;0.78;0.16;45.01;-1.19;45.01
11648;-3.78;-10.50;-0.04;-0.19;0.77;0.18;41.30;8.54;41.30
11657;-4.00;-10.50;-0.01;-0.19;0.77;0.18;36.12;19.95;36.12
11665;-3.90;-10.44;-0.20;-0.19;0.77;0.18;29.89;28.70;29.89
11674;-3.87;-10.38;-0.43;-0.20;0.77;0.17;22.75;30.73;22.75
11683;-3.81;-10.31;-0.48;-0.20;0.77;0.17;17.15;27.72;17.15
11692;-3.54;-10.27;-0.50;-0.20;0.77;0.17;14.77;23.52;14.77
11701;-3.32;-9.99;-0.52;-0.20;0.77;0.18;15.19;19.11;15.19
11718;-3.02;-9.77;-0.59;-0.20;0.77;0.18;18.20;15.12;18.20
11727;-3.18;-10.01;-0.67;-0.20;0.76;0.18;19.88;14.98;19.88
11736;-3.52;-10.27;-0.56;-0.20;0.76;0.18;22.54;14.56;22.54
11745;-3.83;-10.78;-0.40;-0.20;0.76;0.18;26.32;16.24;26.32
11753;-3.99;-11.01;-0.40;-0.21;0.76;0.19;29.19;18.13;29.19
11762;-3.88;-11.05;-0.50;-0.21;0.76;0.19;30.03;20.30;30.03
11771;-3.77;-10.85;-0.73;-0.21;0.76;0.19;25.27;20.02;25.27
11780;-3.63;-10.62;-0.75;-0.20;0.76;0.19;19.67;19.46;19.67
11788;-3.32;-10.39;-0.96;-0.20;0.76;0.19;15.68;17.57;15.68
11806;-2.71;-10.12;-1.00;-0.21;0.76;0.20;15.96;8.61;15.96
11815;-2.67;-10.04;-1.08;-0.21;0.76;0.20;19.74;4.41;19.74
11824;-2.53;-9.97;-0.95;-0.21;0.76;0.19;24.15;1.19;24.15
11832;-2.48;-10.16;-0.98;-0.21;0.76;0.19;27.44;1.61;27.44
11841;-2.58;-10.33;-0.93;-0.21;0.76;0.19;27.86;4.55;27.86
11850;-2.58;-10.42;-1.03;-0.21;0.76;0.20;24.85;8.47;24.85
11859;-2.71;-10.54;-1.15;-0.21;0.76;0.20;19.11;11.34;19.11
11868;-2.66;-10.56;-1.24;-0.21;0.76;0.20;10.64;11.83;10.64
11876;-2.62;-10.76;-1.45;-0.21;0.77;0.19;4.13;9.52;4.13
11885;-2.61;-10.77;-1.33;-0.21;0.77;0.19;-1.61;7.00;-1.61
11894;-2.56;-10.70;-1.13;-0.21;0.77;0.19;-6.23;4.90;-6.23
11903;-2.23;-10.65;-0.89;-0.20;0.76;0.20;-10.78;5.25;-10.78
11911;-2.12;-10.59;-0.93;-0.20;0.76;0.20;-14.00;6.23;-14.00
11920;-2.05;-10.39;-0.74;-0.20;0.76;0.20;-17.99;7.35;-17.99
11929;-2.10;-10.52;-0.56;-0.20;0.76;0.20;-19.39;9.45;-19.39
11938;-2.30;-10.69;-0.40;-0.20;0.76;0.20;-18.20;10.99;-18.20
11946;-2.39;-10.78;-0.37;-0.20;0.76;0.20;-13.51;10.99;-13.51
11955;-2.38;-10.77;-0.36;-0.19;0.77;0.18;-8.54;7.77;-8.54
11964;-2.44;-10.60;-0.57;-0.19;0.77;0.18;-4.48;3.15;-4.48
11973;-2.43;-10.65;-0.68;-0.19;0.77;0.18;-3.43;-2.66;-3.43
11981;-2.41;-10.55;-0.83;-0.20;0.77;0.16;-5.04;-5.95;-5.04
11990;-2.17;-10.57;-1.00;-0.20;0.77;0.16;-8.61;-7.63;-8.61
11999;-2.13;-10.47;-0.87;-0.20;0.77;0.16;-13.86;-7.28;-13.86
12008;-1.97;-10.44;-0.75;-0.19;0.77;0.19;-18.55;-5.67;-18.55
12025;-1.87;-10.37;-0.64;-0.19;0.77;0.19;-19.60;-2.87;-19.60
12034;-1.68;-10.55;-0.65;-0.19;0.76;0.19;-18.34;-2.66;-18.34
12043;-1.74;-10.65;-0.54;-0.19;0.76;0.19;-17.43;-3.15;-17.43
12052;-1.33;-10.76;-0.50;-0.19;0.76;0.19;-17.64;-4.69;-17.64
12060;-1.21;-10.84;-0.52;-0.19;0.77;0.17;-17.08;-4.76;-17.08
12069;-1.20;-10.83;-0.61;-0.19;0.77;0.17;-18.55;-6.65;-18.55
12078;-0.79;-11.03;-0.62;-0.19;0.77;0.18;-19.95;-10.43;-19.95
12087;-0.59;-11.31;-0.44;-0.17;0.77;0.18;-18.76;-13.02;-18.76
12095;-0.57;-11.42;-0.30;-0.17;0.77;0.18;-21.35;-16.17;-21.35
12104;-0.11;-11.56;0.01;-0.17;0.76;0.17;-24.78;-15.61;-24.78
12113;-0.09;-11.38;0.30;-0.17;0.76;0.17;-32.06;-10.78;-32.06
12122;0.28;-11.72;0.67;-0.17;0.76;0.17;-43.61;-6.79;-43.61
12131;0.43;-12.02;1.33;-0.17;0.77;0.17;-53.41;-3.22;-53.41
12140;0.77;-12.24;2.12;-0.17;0.77;0.17;-61.32;0.21;-61.32
12149;1.13;-12.55;2.71;-0.17;0.77;0.17;-68.95;4.76;-68.95
12157;1.47;-12.93;3.40;-0.17;0.79;0.14;-73.92;7.28;-73.92
12166;1.89;-13.32;4.26;-0.17;0.79;0.14;-77.35;9.87;-77.35
12175;2.83;-13.85;4.85;-0.17;0.79;0.14;-78.47;14.14;-78.47
12184;3.70;-14.28;5.00;-0.16;0.79;0.14;-77.98;22.40;-77.98
12192;4.79;-14.47;5.00;-0.16;0.79;0.14;-82.11;29.47;-82.11
12201;5.83;-14.95;5.16;-0.16;0.79;0.14;-90.37;36.96;-90.37
12210;7.68;-16.02;6.09;-0.17;0.79;0.11;-116.48;42.07;-116.48
12219;10.53;-17.71;7.19;-0.17;0.79;0.11;-157.92;50.54;-157.92
12228;14.17;-19.64;10.00;-0.17;0.79;0.11;-204.82;71.19;-204.82
12237;18.53;-21.68;13.71;-0.16;0.81;0.08;-283.85;105.49;-283.85
12246;19.86;-17.42;16.91;-0.16;0.81;0.08;-375.69;138.11;-375.69
12254;20.62;-12.66;18.31;-0.16;0.81;0.08;-408.24;125.16;-408.24
12263;19.04;-2.79;18.28;-0.14;0.83;-0.01;-387.10;52.15;-387.10
12272;16.78;9.16;20.34;-0.14;0.83;-0.01;-286.37;-44.10;-286.37
12281;3.31;29.25;16.11;-0.14;0.83;-0.01;-126.21;-133.77;-126.21
12290;-1.67;31.15;33.71;-0.11;0.82;-0.06;33.88;-393.54;33.88
12298;-10.85;30.79;32.14;-0.11;0.82;-0.06;259.21;-166.53;259.21
12307;-20.93;33.56;31.15;-0.11;0.82;-0.06;377.51;12.39;377.51
12316;-28.97;36.60;23.78;-0.18;0.79;-0.03;520.66;383.74;520.66
12334;-100.01;51.89;-37.59;-0.18;0.79;-0.03;569.94;854.77;569.94
12342;-117.88;-3.48;-65.96;-0.16;0.61;0.04;277.13;658.98;277.13
12351;-114.03;-126.38;-80.83;-0.16;0.61;0.04;265.30;417.06;265.30
12360;-57.60;-106.36;-121.63;-0.13;0.50;0.04;763.98;-346.22;763.98
12369;-12.15;8.68;-72.12;-0.13;0.50;0.04;788.55;-1179.43;788.55
12378;30.66;44.92;-14.30;-0.13;0.50;0.04;-37.59;-709.24;-37.59
12387;23.95;47.72;12.53;-0.15;0.66;0.16;-984.55;21.14;-984.55
12395;5.94;32.68;21.33;-0.15;0.66;0.16;-1029.63;261.24;-1029.63
12404;-16.46;12.61;34.00;-0.15;0.66;0.16;-662.97;55.02;-662.97
12413;-20.68;3.55;48.02;-0.25;0.73;0.01;-204.33;-37.94;-204.33
12440;-5.36;5.49;23.85;-0.22;0.69;0.03;191.73;33.46;191.73
12449;-4.67;1.08;12.34;-0.22;0.69;0.03;236.04;61.11;236.04
12458;-6.96;-3.94;-0.06;-0.22;0.69;0.03;213.36;88.34;213.36
12466;-8.83;-9.39;-9.42;-0.23;0.68;0.05;154.77;75.95;154.77
12475;-9.42;-14.49;-14.77;-0.23;0.68;0.05;93.73;48.51;93.73
12484;-8.40;-15.02;-15.63;-0.23;0.68;0.05;38.78;10.36;38.78
12493;-5.94;-12.39;-12.53;-0.25;0.69;0.05;-22.19;-15.33;-22.19
12501;-5.28;-10.77;-6.78;-0.25;0.69;0.05;-76.02;-18.90;-76.02
12510;-6.21;-9.73;-0.75;-0.25;0.69;0.05;-112.49;-8.33;-112.49
12519;-7.01;-9.40;3.20;-0.28;0.72;0.04;-115.71;-8.68;-115.71
12528;-7.21;-8.89;6.42;-0.28;0.72;0.04;-85.19;-19.04;-85.19
12537;-7.00;-8.08;8.03;-0.28;0.72;0.04;-51.17;-26.74;-51.17
12545;-6.31;-6.69;8.17;-0.28;0.72;0.02;-24.85;-27.44;-24.85
12554;-5.53;-5.84;7.80;-0.28;0.72;0.02;-7.84;-23.52;-7.84
12564;-4.78;-5.97;7.22;-0.28;0.72;0.02;5.18;-12.88;5.18
12572;-5.13;-6.70;5.99;-0.29;0.74;0.03;12.25;2.03;12.25
12581;-5.64;-7.81;4.45;-0.29;0.74;0.03;15.61;11.83;15.61
12590;-6.09;-8.90;2.52;-0.29;0.74;0.02;17.85;14.14;17.85
12599;-6.24;-9.38;1.32;-0.28;0.74;0.02;19.11;11.62;19.11
12607;-6.24;-9.56;0.67;-0.28;0.74;0.02;16.38;7.77;16.38
12616;-6.00;-9.40;0.32;-0.28;0.74;0.02;13.72;1.89;13.72
12625;-5.86;-8.87;0.50;-0.28;0.74;0.02;13.02;-4.62;13.02
12633;-5.38;-8.13;0.66;-0.28;0.74;0.02;10.78;-6.51;10.78
12642;-5.01;-7.51;1.00;-0.28;0.73;0.03;8.75;-5.74;8.75
12651;-4.68;-7.02;1.17;-0.28;0.73;0.03;8.47;-3.99;8.47
12660;-4.61;-6.93;1.23;-0.28;0.73;0.03;8.68;-2.17;8.68
12669;-4.57;-6.86;1.22;-0.29;0.74;0.02;8.54;2.17;8.54
12677;-4.86;-7.21;1.14;-0.29;0.74;0.02;5.74;4.34;5.74
12686;-4.99;-7.72;1.00;-0.29;0.74;0.02;3.29;3.78;3.29
12695;-5.11;-8.23;0.90;-0.28;0.74;0.03;1.47;0.07;1.47
12704;-5.22;-8.49;1.06;-0.28;0.74;0.03;-1.82;-3.78;-1.82
12712;-5.44;-8.89;1.54;-0.28;0.74;0.03;-3.64;-5.18;-3.64
12721;-5.41;-9.21;1.74;-0.29;0.74;0.02;-2.10;-6.16;-2.10
12730;-5.69;-9.41;1.95;-0.29;0.74;0.02;1.40;-5.46;1.40
12739;-5.81;-9.36;1.91;-0.29;0.74;0.02;2.80;-7.14;2.80
12748;-5.68;-9.29;2.01;-0.29;0.74;0.02;1.26;-7.35;1.26
12757;-5.71;-9.13;2.13;-0.29;0.74;0.02;-0.07;-5.95;-0.07
12765;-5.79;-8.83;2.27;-0.29;0.74;0.02;-0.56;-6.30;-0.56
12774;-5.69;-8.82;2.41;-0.30;0.74;0.03;-0.21;-8.12;-0.21
12783;-5.41;-8.75;2.66;-0.30;0.74;0.03;-0.70;-7.42;-0.70
12791;-5.55;-8.92;2.76;-0.30;0.74;0.03;-1.61;-5.04;-1.61
12800;-5.87;-9.19;2.68;-0.30;0.73;0.02;-3.01;-3.43;-3.01
12809;-6.24;-9.44;2.59;-0.30;0.73;0.02;-2.45;-1.54;-2.45
12818;-6.47;-9.57;2.52;-0.30;0.73;0.02;-0.42;-0.98;-0.42
12826;-6.52;-9.51;2.44;-0.30;0.74;0.03;1.89;-0.84;1.89
12835;-6.33;-9.06;2.30;-0.30;0.74;0.03;4.97;-2.38;4.97
12844;-6.10;-8.61;2.17;-0.30;0.74;0.03;5.74;-2.73;5.74
12853;-5.94;-8.31;2.15;-0.32;0.74;0.02;4.20;-2.66;4.20
12862;-5.86;-8.10;2.22;-0.32;0.74;0.02;2.24;-4.06;2.24
12870;-5.88;-7.82;2.23;-0.32;0.74;0.02;1.19;-3.71;1.19
12879;-5.75;-7.54;2.51;-0.31;0.74;0.03;0.00;-3.57;0.00
12888;-6.02;-7.54;2.71;-0.31;0.74;0.03;0.35;-2.80;0.35
12896;-6.23;-7.43;2.69;-0.31;0.74;0.03;2.52;-3.22;2.52
12905;-6.23;-7.57;2.72;-0.31;0.74;0.03;6.30;-3.50;6.30
12914;-6.20;-7.57;2.51;-0.31;0.74;0.03;10.85;-3.57;10.85
12923;-6.01;-7.54;2.16;-0.31;0.74;0.03;16.87;-5.46;16.87
12932;-5.80;-7.64;1.64;-0.31;0.74;0.03;20.37;-6.79;20.37
12940;-5.90;-7.75;1.37;-0.31;0.74;0.03;19.88;-7.00;19.88
12949;-5.94;-8.03;0.93;-0.30;0.73;0.03;17.22;-9.03;17.22
12958;-6.07;-8.23;0.73;-0.30;0.73;0.03;13.86;-10.99;13.86
12967;-6.35;-8.44;0.57;-0.30;0.73;0.03;12.32;-13.16;12.32
12975;-6.41;-8.42;0.16;-0.30;0.75;0.02;12.18;-17.08;12.18
12984;-6.18;-8.48;0.15;-0.30;0.75;0.02;11.41;-22.12;11.41
12993;-6.35;-8.36;0.45;-0.30;0.75;0.02;10.36;-27.30;10.36
13002;-6.35;-8.26;0.39;-0.29;0.74;0.04;10.64;-30.66;10.64
13011;-6.45;-7.94;0.50;-0.29;0.74;0.04;10.50;-34.09;10.50
13019;-6.42;-7.84;0.57;-0.29;0.74;0.04;11.76;-35.77;11.76
13028;-6.42;-7.75;0.49;-0.30;0.75;0.03;13.30;-34.79;13.30
13037;-6.58;-7.85;0.21;-0.30;0.75;0.03;14.21;-35.49;14.21
13046;-6.34;-7.92;0.07;-0.30;0.75;0.03;15.68;-40.39;15.68
13055;-6.38;-8.45;-0.14;-0.29;0.75;0.05;13.37;-39.06;13.37
13063;-6.70;-8.23;0.00;-0.29;0.75;0.05;8.61;-45.85;8.61
13072;-7.03;-8.24;-0.11;-0.29;0.75;0.05;5.67;-47.81;5.67
13081;-7.34;-8.20;-0.37;-0.28;0.76;0.07;4.69;-49.77;4.69
13090;-7.58;-8.16;-0.46;-0.28;0.76;0.07;5.39;-52.22;5.39
13098;-7.29;-8.02;-0.47;-0.28;0.76;0.07;7.21;-58.10;7.21
13107;-6.96;-8.09;-0.34;-0.28;0.77;0.07;7.91;-59.78;7.91
13116;-7.22;-7.94;-0.01;-0.28;0.77;0.07;6.44;-56.49;6.44
13125;-7.39;-7.90;0.09;-0.28;0.77;0.07;5.18;-52.50;5.18
13133;-7.43;-7.80;-0.09;-0.27;0.77;0.08;7.00;-51.94;7.00
13142;-7.61;-7.70;-0.32;-0.27;0.77;0.08;8.61;-55.16;8.61
13151;-7.75;-7.37;-0.59;-0.27;0.77;0.08;9.73;-59.85;9.73
13160;-7.88;-7.24;-0.80;-0.26;0.77;0.10;8.75;-65.03;8.75
13168;-7.94;-7.22;-0.92;-0.26;0.77;0.10;8.54;-72.73;8.54
13177;-7.74;-7.04;-0.70;-0.26;0.77;0.10;10.15;-80.43;10.15
13186;-7.37;-7.01;-0.48;-0.26;0.77;0.11;9.87;-84.21;9.87
13195;-6.57;-7.19;-0.01;-0.26;0.77;0.11;6.58;-82.81;6.58
13204;-5.79;-7.23;0.11;-0.26;0.77;0.11;4.41;-77.00;4.41
13212;-5.75;-7.23;0.39;-0.24;0.78;0.10;1.68;-65.59;1.68
13221;-5.53;-7.27;0.32;-0.24;0.78;0.10;-0.63;-53.97;-0.63
13230;-5.23;-7.09;0.36;-0.24;0.78;0.11;-3.85;-44.38;-3.85
13239;-5.36;-7.04;0.25;-0.23;0.78;0.11;-8.61;-34.93;-8.61
13247;-5.63;-7.14;0.45;-0.23;0.78;0.11;-11.06;-29.33;-11.06
13256;-5.89;-7.28;0.57;-0.24;0.79;0.12;-12.95;-33.95;-12.95
13265;-5.99;-7.57;0.98;-0.24;0.79;0.12;-13.02;-43.05;-13.02
13274;-5.30;-7.95;1.23;-0.24;0.79;0.12;-9.03;-52.08;-9.03
13282;-4.70;-8.08;1.62;-0.23;0.79;0.12;-6.86;-58.17;-6.86
13291;-4.02;-7.98;1.70;-0.23;0.79;0.12;-5.95;-56.42;-5.95
13300;-3.59;-7.70;1.64;-0.23;0.79;0.12;-4.97;-50.75;-4.97
13309;-3.37;-7.38;1.44;-0.22;0.79;0.13;-3.85;-44.17;-3.85
13317;-3.22;-7.30;1.44;-0.22;0.79;0.13;-3.78;-37.87;-3.78
13326;-3.48;-7.51;1.54;-0.22;0.79;0.13;-3.71;-32.06;-3.71
13335;-3.87;-7.57;1.76;-0.22;0.81;0.13;-5.60;-29.54;-5.60
13344;-4.26;-8.03;2.03;-0.22;0.81;0.13;-5.11;-29.68;-5.11
13352;-4.62;-8.82;2.18;-0.22;0.81;0.13;-2.03;-37.03;-2.03
13361;-4.06;-9.57;2.34;-0.20;0.80;0.12;9.73;-45.57;9.73
13370;-3.75;-9.81;2.33;-0.20;0.80;0.12;21.35;-49.07;21.35
13379;-3.07;-9.82;2.11;-0.20;0.80;0.12;29.75;-47.46;29.75
13388;-2.81;-9.48;1.54;-0.19;0.79;0.14;32.83;-42.00;32.83
13396;-2.86;-9.39;1.05;-0.19;0.79;0.14;29.75;-37.59;29.75
13405;-2.73;-9.36;0.50;-0.19;0.79;0.14;24.36;-34.86;24.36
13414;-3.11;-9.27;0.45;-0.19;0.80;0.13;17.15;-31.92;17.15
13423;-3.52;-9.21;0.35;-0.19;0.80;0.13;10.29;-27.58;10.29
13431;-3.71;-9.39;0.43;-0.19;0.80;0.13;5.88;-26.04;5.88
13440;-4.11;-9.58;0.91;-0.20;0.80;0.11;3.22;-24.85;3.22
13449;-4.26;-9.96;1.28;-0.20;0.80;0.11;1.89;-23.73;1.89
13458;-4.54;-10.42;1.71;-0.20;0.80;0.11;2.80;-19.74;2.80
13466;-4.61;-10.81;2.16;-0.19;0.80;0.15;8.54;-13.72;8.54
13475;-4.63;-11.04;2.23;-0.19;0.80;0.15;11.13;-7.35;11.13
13484;-4.50;-11.13;2.07;-0.19;0.80;0.15;14.00;-2.59;14.00
13493;-4.21;-10.83;1.89;-0.19;0.80;0.14;15.05;1.82;15.05
13502;-4.16;-10.42;1.55;-0.19;0.80;0.14;14.98;5.39;14.98
13510;-3.93;-10.01;1.22;-0.19;0.80;0.14;16.94;7.98;16.94
13519;-3.58;-9.58;0.77;-0.19;0.80;0.16;21.63;9.17;21.63
13528;-3.42;-9.20;0.49;-0.19;0.80;0.16;29.26;10.57;29.26
13537;-3.30;-8.89;0.12;-0.19;0.80;0.16;38.57;9.31;38.57
13554;-3.21;-9.05;-0.02;-0.19;0.80;0.16;54.11;3.29;54.11
13563;-3.25;-9.27;-0.04;-0.19;0.80;0.17;56.91;6.79;56.91
13572;-3.30;-9.35;-0.11;-0.19;0.80;0.17;55.93;15.26;55.93
13581;-3.31;-9.37;-0.24;-0.19;0.80;0.17;50.89;25.55;50.89
13590;-3.44;-9.65;-0.65;-0.20;0.80;0.17;43.26;32.76;43.26
13598;-3.35;-9.76;-0.85;-0.20;0.80;0.17;34.86;37.31;34.86
13607;-3.18;-9.69;-0.93;-0.20;0.80;0.17;25.27;41.30;25.27
13616;-2.98;-9.71;-0.80;-0.20;0.80;0.18;14.63;44.10;14.63
13625;-2.80;-9.72;-0.80;-0.20;0.80;0.18;8.75;46.06;8.75
13633;-2.75;-9.78;-0.47;-0.20;0.80;0.18;7.28;45.08;7.28
13642;-2.56;-9.90;-0.30;-0.20;0.80;0.17;11.55;37.94;11.55
13668;-2.40;-10.14;-0.30;-0.21;0.80;0.17;49.21;15.61;49.21
13677;-2.46;-10.14;-0.51;-0.21;0.80;0.17;56.07;15.12;56.07
13686;-2.18;-10.09;-0.84;-0.21;0.80;0.17;56.42;16.94;56.42
13695;-2.02;-10.04;-1.15;-0.20;0.79;0.18;49.07;19.95;49.07
13704;-2.02;-10.19;-1.03;-0.20;0.79;0.18;36.26;24.29;36.26
13712;-2.15;-10.49;-1.15;-0.20;0.79;0.18;22.54;29.68;22.54
13721;-2.10;-10.73;-1.08;-0.20;0.79;0.18;8.96;34.79;8.96
13730;-2.28;-10.95;-0.78;-0.20;0.79;0.18;-2.94;40.18;-2.94
13739;-2.41;-11.06;-0.49;-0.20;0.79;0.18;-10.29;43.40;-10.29
13747;-2.40;-11.21;-0.33;-0.22;0.79;0.17;-10.36;44.24;-10.36
13756;-2.56;-11.36;-0.22;-0.22;0.79;0.17;-2.59;41.09;-2.59
13765;-2.48;-11.53;-0.27;-0.22;0.79;0.17;8.26;34.86;8.26
13774;-2.41;-11.46;-0.35;-0.23;0.80;0.18;19.67;26.11;19.67
13783;-2.32;-11.35;-0.55;-0.23;0.80;0.18;29.05;17.15;29.05
13800;-2.19;-11.28;-1.06;-0.22;0.80;0.18;30.10;5.25;30.10
13809;-2.27;-11.27;-1.13;-0.22;0.80;0.18;21.00;4.34;21.00
13818;-2.15;-11.21;-1.04;-0.22;0.80;0.18;6.58;6.44;6.58
13826;-2.13;-11.12;-0.93;-0.22;0.79;0.19;-5.11;10.01;-5.11
13835;-2.30;-11.05;-0.70;-0.22;0.79;0.19;-14.28;13.65;-14.28
13844;-2.15;-11.13;-0.51;-0.22;0.79;0.20;-19.60;17.99;-19.60
13853;-2.05;-11.04;-0.42;-0.22;0.79;0.20;-21.14;20.72;-21.14
13861;-2.10;-11.07;-0.30;-0.22;0.79;0.20;-18.20;20.30;-18.20
13870;-1.97;-10.85;-0.19;-0.22;0.79;0.19;-13.02;16.38;-13.02
13879;-1.79;-10.74;-0.27;-0.22;0.79;0.19;-8.19;8.19;-8.19
13888;-1.80;-10.72;-0.41;-0.22;0.79;0.19;-4.41;1.68;-4.41
13897;-1.59;-10.45;-0.42;-0.21;0.79;0.18;-3.99;-2.80;-3.99
13906;-1.46;-10.34;-0.45;-0.21;0.79;0.18;-7.49;-4.41;-7.49
13915;-1.23;-10.16;-0.62;-0.21;0.79;0.18;-12.39;-4.13;-12.39
13923;-0.92;-10.12;-0.42;-0.21;0.79;0.18;-17.71;-2.52;-17.71
13932;-0.67;-10.05;-0.35;-0.21;0.79;0.18;-22.12;0.91;-22.12
13941;-0.52;-10.19;-0.29;-0.21;0.79;0.18;-24.92;4.62;-24.92
13950;-0.55;-10.52;0.09;-0.21;0.79;0.18;-25.83;6.16;-25.83
13959;-0.40;-10.83;0.29;-0.21;0.79;0.18;-24.50;7.07;-24.50
13967;-0.19;-11.12;0.53;-0.21;0.79;0.18;-21.98;7.07;-21.98
13976;0.07;-11.54;0.46;-0.21;0.80;0.18;-19.95;6.16;-19.95
13985;0.16;-11.93;0.37;-0.21;0.80;0.18;-18.06;3.43;-18.06
14003;0.85;-12.55;-0.24;-0.18;0.80;0.16;-15.61;-8.26;-15.61
14011;1.28;-12.88;-0.48;-0.18;0.80;0.16;-16.94;-11.34;-16.94
14020;1.82;-12.87;-0.61;-0.18;0.80;0.16;-21.14;-15.47;-21.14
14029;2.53;-12.86;-0.57;-0.21;0.80;0.14;-32.48;-13.93;-32.48
14038;3.19;-12.79;-0.42;-0.21;0.80;0.14;-46.27;-8.19;-46.27
14047;3.57;-12.53;0.07;-0.21;0.80;0.14;-61.11;-2.10;-61.11
14055;4.24;-12.43;0.42;-0.19;0.80;0.16;-74.20;1.05;-74.20
14064;4.67;-12.11;0.99;-0.19;0.80;0.16;-86.87;3.01;-86.87
14073;5.29;-11.94;1.86;-0.19;0.80;0.16;-100.17;4.76;-100.17
14082;5.83;-11.79;2.61;-0.17;0.81;0.13;-114.10;8.26;-114.10
14090;6.16;-11.64;3.58;-0.17;0.81;0.13;-128.80;14.63;-128.80
14099;6.65;-11.59;4.74;-0.17;0.81;0.13;-144.76;23.73;-144.76
14108;8.00;-11.70;6.17;-0.17;0.82;0.11;-156.17;36.68;-156.17
14117;9.82;-12.27;7.38;-0.17;0.82;0.11;-170.31;57.75;-170.31
14126;10.81;-11.74;9.21;-0.17;0.83;0.06;-183.68;77.98;-183.68
14135;12.26;-11.71;11.00;-0.15;0.83;0.06;-188.93;88.97;-188.93
14143;15.10;-12.53;12.48;-0.15;0.83;0.06;-184.17;92.26;-184.17
14161;16.44;-9.81;15.05;-0.15;0.84;0.02;-156.52;66.43;-156.52
14170;15.18;-6.10;15.30;-0.15;0.84;0.02;-143.64;34.86;-143.64
14178;13.30;-2.15;15.15;-0.15;0.83;-0.02;-93.73;-2.87;-93.73
14187;9.15;2.76;14.28;-0.15;0.83;-0.02;-61.60;-35.56;-61.60
14196;3.45;10.91;13.60;-0.15;0.83;-0.02;-2.66;-44.73;-2.66
14205;-2.92;19.81;14.13;-0.19;0.81;-0.01;69.37;-47.60;69.37
14214;-11.54;26.21;15.81;-0.19;0.81;-0.01;112.84;0.21;112.84
14223;-22.35;28.66;18.61;-0.19;0.81;-0.01;158.27;142.24;158.27
14231;-35.35;29.84;14.77;-0.24;0.78;0.01;185.50;301.98;185.50
14240;-51.62;28.22;6.23;-0.24;0.78;0.01;205.59;421.40;205.59
14249;-72.46;19.61;-6.45;-0.24;0.78;0.01;190.96;466.83;190.96
14258;-87.96;-10.88;-20.33;-0.28;0.68;-0.02;213.85;350.63;213.85
14267;-86.54;-72.72;-35.35;-0.28;0.68;-0.02;456.12;114.80;456.12
14275;-57.97;-92.61;-76.10;-0.28;0.68;-0.02;790.86;-81.48;790.86
14284;-20.47;-15.43;-79.36;-0.22;0.56;0.06;686.84;-574.70;686.84
14293;9.84;19.04;-40.44;-0.22;0.56;0.06;-23.10;-677.46;-23.10
14302;20.52;31.82;-0.29;-0.22;0.56;0.06;-584.43;-269.57;-584.43
14311;7.25;25.10;17.38;-0.25;0.71;0.12;-788.62;99.82;-788.62
14320;-3.39;12.63;25.99;-0.25;0.71;0.12;-639.66;155.05;-639.66
14329;-12.07;6.00;33.29;-0.25;0.71;0.12;-329.84;52.78;-329.84
14337;-15.25;4.06;37.87;-0.30;0.73;0.01;-60.62;-20.58;-60.62
14346;-10.32;4.64;33.48;-0.30;0.73;0.01;107.94;-6.23;107.94
14355;-5.64;4.01;20.11;-0.30;0.73;0.01;217.77;34.51;217.77
14364;-3.13;1.62;3.95;-0.28;0.72;0.01;250.67;59.57;250.67
14373;-4.88;-4.06;-8.96;-0.28;0.72;0.01;191.80;52.71;191.80
14381;-7.48;-11.81;-15.25;-0.28;0.72;0.04;75.46;33.39;75.46
14390;-9.09;-14.79;-14.79;-0.27;0.69;0.04;-22.12;1.26;-22.12
14399;-8.31;-13.03;-9.45;-0.27;0.69;0.04;-92.75;-45.50;-92.75
14408;-6.75;-10.22;-0.37;-0.28;0.72;0.04;-122.71;-62.02;-122.71
14417;-5.50;-8.05;4.53;-0.28;0.72;0.04;-127.40;-44.24;-127.40
14426;-5.74;-6.62;7.67;-0.28;0.72;0.04;-105.63;-25.13;-105.63
14435;-5.99;-5.48;9.21;-0.30;0.73;0.02;-62.86;-22.05;-62.86
14443;-5.67;-5.18;9.79;-0.30;0.73;0.02;-26.32;-18.76;-26.32
14452;-5.70;-5.58;8.69;-0.30;0.73;0.02;-0.28;-7.98;-0.28
14461;-5.91;-6.89;6.50;-0.30;0.73;0.00;12.88;2.52;12.88
14470;-6.17;-8.90;3.93;-0.30;0.73;0.00;14.21;8.61;14.21
14478;-6.90;-10.49;1.69;-0.30;0.73;0.00;8.61;7.98;8.61
14487;-7.01;-11.65;0.15;-0.27;0.72;0.03;1.05;1.26;1.05
14496;-6.89;-12.04;-0.67;-0.27;0.72;0.03;-6.58;-7.35;-6.58
14505;-7.04;-11.06;-0.33;-0.27;0.72;0.03;-15.19;-17.92;-15.19
14514;-6.33;-9.53;0.72;-0.30;0.73;0.02;-22.54;-24.15;-22.54
14522;-5.39;-8.49;2.00;-0.30;0.73;0.02;-24.78;-20.65;-24.78
14531;-5.26;-7.53;2.99;-0.30;0.73;0.02;-22.26;-14.28;-22.26
14540;-5.34;-7.11;3.41;-0.31;0.73;0.01;-17.01;-6.44;-17.01
14549;-5.53;-7.23;3.00;-0.31;0.73;0.01;-10.36;0.56;-10.36
14557;-5.70;-7.49;2.51;-0.31;0.73;0.01;-2.59;5.04;-2.59
14566;-6.02;-7.45;1.68;-0.30;0.74;-0.01;5.39;3.29;5.39
14575;-6.04;-7.62;0.80;-0.30;0.74;-0.01;8.68;-2.59;8.68
14584;-5.76;-7.45;0.31;-0.30;0.74;-0.01;7.84;-9.31;7.84
14592;-5.27;-7.31;0.27;-0.30;0.74;0.02;3.22;-15.47;3.22
14601;-5.02;-7.29;0.61;-0.30;0.74;0.02;-5.53;-17.71;-5.53
14610;-4.97;-7.22;1.27;-0.30;0.74;0.02;-12.88;-15.54;-12.88
14619;-5.03;-7.39;1.95;-0.30;0.74;0.02;-16.52;-12.74;-16.52
14627;-5.43;-7.99;2.96;-0.30;0.74;0.02;-16.38;-5.67;-16.38
14636;-5.97;-8.48;3.29;-0.30;0.74;0.02;-11.48;0.98;-11.48
14645;-6.70;-8.69;3.23;-0.30;0.73;0.01;-2.45;3.15;-2.45
14654;-7.09;-8.95;3.14;-0.30;0.73;0.01;7.84;-0.28;7.84
14662;-6.56;-8.97;2.74;-0.30;0.73;0.01;16.80;-3.78;16.80
14671;-6.17;-8.77;2.27;-0.31;0.74;0.02;21.42;-5.25;21.42
14680;-6.04;-8.75;1.72;-0.31;0.74;0.02;17.50;-5.53;17.50
14689;-6.03;-8.66;1.29;-0.31;0.73;0.02;11.90;-7.00;11.90
14697;-6.14;-8.66;1.45;-0.31;0.73;0.02;5.46;-8.68;5.46
14706;-6.10;-8.58;1.68;-0.31;0.73;0.02;-0.63;-10.15;-0.63
14715;-6.04;-8.64;2.04;-0.30;0.74;0.03;-3.71;-10.36;-3.71
14724;-6.47;-8.56;2.52;-0.30;0.74;0.03;-4.20;-8.05;-4.20
14733;-6.66;-8.49;2.88;-0.30;0.74;0.03;-3.22;-5.53;-3.22
14742;-6.65;-8.53;3.03;-0.31;0.75;0.02;0.42;-4.20;0.42
14750;-6.69;-8.41;3.19;-0.31;0.75;0.02;5.11;-4.13;5.11
14759;-6.65;-8.59;2.89;-0.31;0.75;0.02;8.19;-3.29;8.19
14768;-6.78;-8.83;2.81;-0.30;0.75;0.03;10.50;-1.19;10.50
14776;-6.98;-9.01;2.20;-0.30;0.75;0.03;12.74;-0.77;12.74
14785;-7.06;-9.20;1.56;-0.30;0.75;0.03;14.00;-3.43;14.00
14794;-7.05;-8.82;1.09;-0.26;0.75;0.03;14.14;-7.84;14.14
14803;-6.69;-8.17;0.99;-0.26;0.75;0.03;12.81;-15.33;12.81
14812;-6.24;-7.79;1.05;-0.26;0.75;0.03;9.52;-18.76;9.52
14820;-6.12;-7.57;1.21;-0.30;0.75;0.03;3.99;-18.20;3.99
14829;-6.20;-7.37;1.35;-0.30;0.75;0.03;0.00;-14.77;0.00
14838;-6.38;-7.43;1.33;-0.30;0.75;0.03;-1.19;-13.02;-1.19
14847;-6.50;-7.39;1.48;-0.29;0.75;0.03;0.49;-11.48;0.49
14856;-6.51;-7.43;1.62;-0.29;0.75;0.03;2.80;-10.36;2.80
14864;-6.53;-7.41;1.67;-0.29;0.75;0.03;7.00;-9.87;7.00
14873;-6.35;-7.31;1.65;-0.29;0.76;0.03;10.57;-9.94;10.57
14882;-6.39;-7.28;1.57;-0.29;0.76;0.03;14.14;-12.74;14.14
14891;-6.43;-7.42;1.59;-0.29;0.76;0.03;15.40;-18.62;15.40
14900;-6.39;-7.72;1.28;-0.29;0.77;0.04;13.58;-26.39;13.58
14908;-6.27;-7.82;1.18;-0.29;0.77;0.04;8.68;-32.76;8.68
14917;-5.76;-7.54;1.39;-0.29;0.77;0.04;2.94;-34.09;2.94
14926;-5.77;-7.60;1.63;-0.28;0.77;0.03;-4.76;-29.61;-4.76
14935;-5.71;-7.79;1.87;-0.28;0.77;0.03;-12.11;-20.51;-12.11
14943;-5.98;-8.05;2.19;-0.28;0.77;0.03;-15.47;-9.03;-15.47
14952;-6.70;-8.24;2.12;-0.27;0.77;0.05;-13.37;-2.94;-13.37
14961;-7.38;-8.60;1.99;-0.27;0.77;0.05;-4.83;-4.83;-4.83
14970;-8.06;-8.76;1.66;-0.27;0.77;0.05;10.08;-10.92;10.08
14978;-8.19;-8.79;1.35;-0.27;0.77;0.05;21.49;-24.01;21.49
14987;-7.51;-8.81;0.80;-0.27;0.77;0.05;31.85;-39.20;31.85
14996;-6.88;-8.10;0.60;-0.27;0.78;0.06;35.63;-52.36;35.63
15005;-6.25;-7.80;0.32;-0.27;0.78;0.06;31.64;-56.63;31.64
