Time(ms);AccX(m/s^2);AccY(m/s^2);AccZ(m/s^2);MagX(gauss);MagY(gauss);MagZ(gauss);GyroX(dps);GyroY(dps);GyroZ(dps)
7578.0;1.15;-1.57;9.38;0.09;0.07;0.21;2.1;4.9;2.1
7579.0;1.16;-1.55;9.51;0.09;0.07;0.21;0.63;2.73;0.63
7580.0;1.15;-1.56;9.45;0.09;0.07;0.21;-0.7;0.91;-0.7
7581.0;1.15;-1.46;9.3;0.08;0.05;0.2;-0.56;0.7;-0.56
7582.0;1.03;-1.46;9.4;0.08;0.05;0.2;1.05;2.87;1.05
7583.0;1.15;-1.62;9.37;0.08;0.06;0.18;1.89;4.62;1.89
7584.0;1.18;-1.52;9.45;0.08;0.06;0.18;0.91;3.64;0.91
7585.0;1.13;-1.52;9.48;0.08;0.06;0.19;-0.42;0.84;-0.42
7586.0;1.12;-1.54;9.3;0.08;0.06;0.19;-0.84;1.33;-0.84
7587.0;1.21;-1.49;9.42;0.08;0.06;0.19;0.28;2.03;0.28
7588.0;1.19;-1.51;9.39;0.07;0.05;0.19;1.4;4.06;1.4
7589.0;1.13;-1.54;9.43;0.07;0.05;0.19;1.75;4.27;1.75
7590.0;1.24;-1.58;9.48;0.07;0.05;0.19;0.91;2.59;0.91
7591.0;1.17;-1.46;9.47;0.07;0.05;0.2;-0.42;1.33;-0.42
7592.0;1.19;-1.61;9.41;0.07;0.05;0.2;-0.77;1.05;-0.77
7593.0;1.12;-1.5;9.3;0.07;0.05;0.2;0.07;1.68;0.07
7594.0;1.13;-1.48;9.5;0.08;0.06;0.19;1.33;2.94;1.33
7595.0;1.16;-1.57;9.46;0.08;0.06;0.19;2.03;4.34;2.03
7596.0;1.17;-1.64;9.39;0.08;0.06;0.19;1.4;3.57;1.4
7597.0;1.16;-1.56;9.5;0.09;0.06;0.18;-0.42;0.98;-0.42
7598.0;1.13;-1.49;9.39;0.09;0.06;0.18;-0.77;0.91;-0.77
7600.0;1.23;-1.49;9.48;0.09;0.06;0.19;1.33;3.71;1.33
7601.0;1.16;-1.53;9.52;0.09;0.06;0.19;1.47;3.99;1.47
7602.0;1.22;-1.57;9.46;0.09;0.06;0.18;0.35;2.24;0.35
7603.0;1.22;-1.53;9.53;0.09;0.06;0.18;-0.7;0.84;-0.7
7604.0;1.15;-1.5;9.43;0.08;0.06;0.17;-0.21;1.61;-0.21
7605.0;1.2;-1.59;9.33;0.08;0.06;0.17;0.91;3.5;0.91
7606.0;1.19;-1.56;9.43;0.08;0.06;0.17;1.82;4.48;1.82
7607.0;1.17;-1.62;9.53;0.09;0.04;0.18;0.56;3.29;0.56
7608.0;1.2;-1.53;9.41;0.09;0.04;0.18;-0.56;0.84;-0.56
7609.0;1.19;-1.41;9.43;0.08;0.06;0.19;-0.91;1.47;-0.91
7610.0;1.21;-1.49;9.3;0.08;0.06;0.19;0.7;2.94;0.7
7611.0;1.22;-1.49;9.42;0.08;0.06;0.19;1.75;3.85;1.75
7612.0;1.21;-1.51;9.37;0.08;0.06;0.19;0.77;3.43;0.77
7613.0;1.21;-1.54;9.45;0.08;0.06;0.19;-0.35;1.19;-0.35
7614.0;1.18;-1.54;9.37;0.08;0.06;0.19;-0.77;0.98;-0.77
7615.0;1.17;-1.53;9.36;0.09;0.06;0.19;0.0;2.03;0.0
7616.0;1.16;-1.56;9.4;0.09;0.06;0.19;0.56;3.57;0.56
7617.0;1.17;-1.56;9.49;0.09;0.06;0.19;1.75;4.2;1.75
7618.0;1.18;-1.56;9.41;0.08;0.06;0.2;1.12;3.22;1.12
7619.0;1.23;-1.45;9.4;0.08;0.06;0.2;-0.35;1.26;-0.35
7620.0;1.11;-1.51;9.4;0.08;0.06;0.2;-0.42;1.33;-0.42
7621.0;1.09;-1.45;9.43;0.08;0.06;0.2;-0.07;2.66;-0.07
7622.0;1.13;-1.46;9.37;0.08;0.06;0.2;1.4;3.36;1.4
7623.0;1.13;-1.52;9.55;0.08;0.06;0.18;0.98;3.64;0.98
7624.0;1.16;-1.56;9.43;0.08;0.06;0.18;-0.56;1.82;-0.56
7625.0;1.22;-1.55;9.36;0.07;0.06;0.19;-0.49;0.84;-0.49
7626.0;1.09;-1.46;9.42;0.07;0.06;0.19;0.07;2.73;0.07
7627.0;1.14;-1.51;9.38;0.07;0.06;0.19;1.4;4.13;1.4
7628.0;1.23;-1.54;9.43;0.07;0.06;0.19;1.19;3.15;1.19
7629.0;1.15;-1.51;9.51;0.07;0.06;0.19;-0.21;2.59;-0.21
7630.0;1.28;-1.54;9.32;0.08;0.06;0.2;-0.7;1.26;-0.7
7631.0;1.21;-1.57;9.31;0.08;0.06;0.2;0.21;2.24;0.21
7632.0;1.12;-1.49;9.45;0.08;0.06;0.19;0.91;3.43;0.91
7633.0;1.16;-1.54;9.39;0.08;0.06;0.19;1.26;3.64;1.26
7634.0;1.25;-1.46;9.53;0.08;0.06;0.19;0.28;2.03;0.28
7635.0;1.2;-1.55;9.39;0.08;0.06;0.2;-0.49;1.61;-0.49
7636.0;1.14;-1.5;9.38;0.08;0.06;0.2;0.28;1.82;0.28
7637.0;1.14;-1.51;9.43;0.08;0.06;0.19;0.56;3.08;0.56
7638.0;1.28;-1.53;9.5;0.08;0.06;0.19;0.77;3.5;0.77
7639.0;1.14;-1.56;9.45;0.08;0.06;0.19;0.63;2.45;0.63
7640.0;1.13;-1.6;9.42;0.08;0.06;0.18;-0.63;1.75;-0.63
7641.0;1.16;-1.51;9.42;0.08;0.06;0.18;0.21;1.26;0.21
7642.0;1.11;-1.5;9.37;0.09;0.06;0.19;0.7;3.29;0.7
7643.0;1.16;-1.56;9.4;0.09;0.06;0.19;0.91;3.99;0.91
7644.0;1.23;-1.49;9.48;0.09;0.06;0.19;0.91;2.24;0.91
7645.0;1.15;-1.55;9.43;0.08;0.06;0.2;-0.49;2.03;-0.49
7646.0;1.14;-1.46;9.46;0.08;0.06;0.2;-0.91;1.47;-0.91
7647.0;1.16;-1.46;9.4;0.09;0.06;0.19;0.63;1.89;0.63
7648.0;1.13;-1.48;9.4;0.09;0.06;0.19;1.05;3.71;1.05
7649.0;1.18;-1.59;9.45;0.09;0.06;0.19;1.12;3.5;1.12
7650.0;1.16;-1.47;9.4;0.09;0.06;0.17;0.14;1.75;0.14
7651.0;1.23;-1.49;9.43;0.09;0.06;0.17;-0.91;1.12;-0.91
7652.0;1.23;-1.55;9.43;0.09;0.05;0.19;0.28;2.1;0.28
7653.0;1.16;-1.51;9.38;0.09;0.05;0.19;0.56;3.36;0.56
7654.0;1.11;-1.56;9.5;0.09;0.05;0.19;1.12;4.06;1.12
7655.0;1.14;-1.59;9.39;0.09;0.07;0.2;-0.07;2.38;-0.07
7656.0;1.21;-1.59;9.4;0.09;0.07;0.2;-0.77;1.05;-0.77
7657.0;1.21;-1.51;9.38;0.08;0.07;0.19;-0.28;1.47;-0.28
7658.0;1.17;-1.57;9.46;0.08;0.07;0.19;0.84;3.36;0.84
7659.0;1.15;-1.56;9.35;0.08;0.07;0.19;1.05;3.64;1.05
7660.0;1.2;-1.59;9.4;0.08;0.05;0.19;0.91;2.73;0.91
7661.0;1.21;-1.54;9.49;0.08;0.05;0.19;-0.56;1.47;-0.56
7662.0;1.13;-1.52;9.28;0.08;0.06;0.19;-0.14;1.47;-0.14
7663.0;1.17;-1.54;9.4;0.08;0.06;0.19;0.42;2.59;0.42
7664.0;1.12;-1.55;9.45;0.08;0.06;0.19;1.26;3.29;1.26
7665.0;1.16;-1.49;9.53;0.08;0.05;0.2;0.77;3.29;0.77
7666.0;1.13;-1.56;9.42;0.08;0.05;0.2;0.28;2.73;0.28
7667.0;1.2;-1.49;9.4;0.08;0.05;0.2;-0.21;1.4;-0.21
7668.0;1.16;-1.5;9.42;0.07;0.06;0.19;0.28;1.19;0.28
7669.0;1.09;-1.56;9.39;0.07;0.06;0.19;0.14;2.66;0.14
7670.0;1.17;-1.52;9.49;0.07;0.06;0.19;0.98;3.01;0.98
7671.0;1.11;-1.54;9.4;0.08;0.06;0.19;1.05;3.08;1.05
7672.0;1.16;-1.56;9.45;0.08;0.06;0.19;-0.14;1.89;-0.14
7673.0;1.13;-1.51;9.45;0.08;0.06;0.19;0.63;1.68;0.63
7674.0;1.12;-1.48;9.35;0.07;0.06;0.19;0.21;2.45;0.21
7675.0;1.13;-1.54;9.48;0.07;0.06;0.19;1.12;2.87;1.12
7676.0;1.16;-1.56;9.4;0.08;0.05;0.2;0.7;3.08;0.7
7677.0;1.16;-1.62;9.45;0.08;0.05;0.2;0.28;2.17;0.28
7678.0;1.16;-1.6;9.4;0.08;0.07;0.19;-0.14;2.17;-0.14
7679.0;1.17;-1.49;9.41;0.08;0.07;0.19;0.07;2.59;0.07
7680.0;1.14;-1.56;9.42;0.08;0.07;0.19;0.42;2.1;0.42
7681.0;1.11;-1.56;9.5;0.08;0.05;0.19;0.98;2.94;0.98
7682.0;1.22;-1.49;9.36;0.08;0.05;0.19;0.07;3.36;0.07
7683.0;1.23;-1.5;9.42;0.08;0.05;0.19;-0.07;1.68;-0.07
7684.0;1.13;-1.57;9.48;0.07;0.05;0.19;0.7;1.68;0.7
7685.0;1.08;-1.55;9.48;0.07;0.05;0.19;-0.35;2.45;-0.35
7686.0;1.22;-1.47;9.46;0.07;0.05;0.19;0.98;2.59;0.98
7687.0;1.23;-1.58;9.45;0.08;0.06;0.18;0.84;2.59;0.84
7688.0;1.17;-1.5;9.47;0.08;0.06;0.18;0.35;2.38;0.35
7689.0;1.15;-1.55;9.32;0.08;0.06;0.18;0.42;2.24;0.42
7690.0;1.17;-1.5;9.34;0.08;0.05;0.18;0.28;1.75;0.28
7691.0;1.06;-1.51;9.43;0.08;0.05;0.18;-0.21;2.17;-0.21
7692.0;1.13;-1.47;9.35;0.08;0.05;0.18;0.42;2.31;0.42
7693.0;1.21;-1.57;9.4;0.07;0.06;0.17;0.98;3.15;0.98
7694.0;1.29;-1.49;9.46;0.07;0.06;0.17;0.14;2.66;0.14
7695.0;1.26;-1.57;9.3;0.08;0.05;0.19;-0.28;1.96;-0.28
7696.0;1.08;-1.47;9.42;0.08;0.05;0.19;0.21;2.45;0.21
7697.0;1.15;-1.5;9.38;0.08;0.05;0.19;17.85;2.94;17.85
7698.0;1.13;-1.49;9.4;0.08;0.05;0.19;0.91;2.87;0.91
7699.0;1.16;-1.49;9.45;0.08;0.05;0.19;0.14;2.1;0.14
7700.0;1.16;-1.54;9.41;0.09;0.05;0.17;-0.42;1.89;-0.42
7701.0;1.19;-1.49;9.33;0.09;0.05;0.17;0.07;2.17;0.07
7702.0;1.11;-1.49;9.48;0.09;0.06;0.18;0.84;2.59;0.84
7703.0;1.11;-1.54;9.36;0.08;0.06;0.18;1.33;3.43;1.33
7704.0;1.18;-1.49;9.32;0.08;0.06;0.18;-0.63;1.61;-0.63
7705.0;1.05;-1.46;9.38;0.08;0.06;0.2;1.05;2.66;1.05
7706.0;1.22;-1.47;9.38;0.08;0.06;0.2;-0.77;3.08;-0.77
7707.0;1.21;-1.4;9.43;0.09;0.05;0.19;1.12;2.38;1.12
7708.0;1.2;-1.49;9.54;0.09;0.05;0.19;0.77;3.64;0.77
7709.0;1.22;-1.47;9.54;0.09;0.05;0.19;-0.84;1.47;-0.84
7710.0;1.21;-1.47;9.43;0.09;0.05;0.19;0.63;1.75;0.63
7711.0;1.11;-1.53;9.45;0.09;0.05;0.19;0.0;2.66;0.0
7712.0;1.16;-1.63;9.38;0.09;0.05;0.19;0.14;2.03;0.14
7713.0;1.13;-1.49;9.5;0.08;0.06;0.19;0.84;1.75;0.84
7714.0;1.13;-1.54;9.42;0.08;0.06;0.19;0.28;3.57;0.28
7715.0;1.33;-1.6;9.4;0.07;0.06;0.18;-0.21;0.91;-0.21
7716.0;0.96;-1.45;9.55;0.07;0.06;0.18;0.63;1.82;0.63
7717.0;1.07;-1.54;9.34;0.08;0.05;0.18;-0.28;3.57;-0.28
7718.0;1.22;-1.55;9.42;0.08;0.05;0.18;-0.21;2.66;-0.21
7719.0;1.15;-1.45;9.41;0.08;0.05;0.18;2.24;2.17;2.24
7720.0;1.16;-1.44;9.55;0.08;0.06;0.2;-0.49;3.92;-0.49
7721.0;1.12;-1.62;9.48;0.08;0.06;0.2;-0.42;1.89;-0.42
7722.0;1.18;-1.52;9.48;0.08;0.06;0.2;1.82;1.68;1.82
7723.0;1.08;-1.51;9.48;0.08;0.06;0.19;-0.28;2.52;-0.28
7724.0;1.33;-1.37;9.46;0.08;0.06;0.19;-0.42;3.92;-0.42
7725.0;1.22;-1.47;9.45;0.08;0.06;0.19;1.47;3.08;1.47
7726.0;1.09;-1.48;9.36;0.08;0.05;0.2;0.28;2.94;0.28
7727.0;1.26;-1.49;9.49;0.08;0.05;0.2;-0.91;3.08;-0.91
7728.0;1.06;-1.47;9.53;0.09;0.06;0.18;1.26;4.9;1.26
7729.0;1.29;-1.43;9.38;0.09;0.06;0.18;-2.59;2.24;-2.59
7730.0;1.26;-1.43;9.32;0.09;0.06;0.18;2.73;3.57;2.73
7731.0;1.22;-1.41;9.46;0.08;0.06;0.18;0.28;4.62;0.28
7732.0;1.41;-1.44;9.38;0.08;0.06;0.18;-2.45;1.61;-2.45
7733.0;1.2;-1.52;9.36;0.08;0.06;0.18;2.45;-0.35;2.45
7734.0;1.18;-1.4;9.5;0.07;0.06;0.19;-0.63;5.53;-0.63
7735.0;1.46;-1.46;9.27;0.07;0.06;0.19;-0.21;1.96;-0.21
7736.0;1.03;-1.41;9.58;0.08;0.05;0.2;2.31;16.87;2.31
7737.0;1.06;-1.46;9.49;0.08;0.05;0.2;-1.47;5.81;-1.47
7738.0;1.49;-1.58;9.42;0.09;0.06;0.19;-0.35;1.82;-0.35
7739.0;1.04;-1.49;9.4;0.09;0.06;0.19;0.84;-1.12;0.84
7740.0;1.06;-1.47;9.46;0.09;0.06;0.19;-17.71;5.88;-17.71
7741.0;1.34;-1.65;9.4;0.08;0.06;0.19;0.21;2.17;0.21
7742.0;1.15;-1.41;9.51;0.08;0.06;0.19;2.94;0.35;2.94
7743.0;1.08;-1.56;9.45;0.08;0.06;0.19;-1.89;4.62;-1.89
7744.0;1.31;-1.49;9.38;0.09;0.07;0.18;0.0;1.54;0.0
7745.0;1.18;-1.36;9.43;0.09;0.07;0.18;2.8;2.52;2.8
7746.0;1.26;-1.57;9.42;0.09;0.06;0.2;-2.03;4.41;-2.03
7747.0;1.31;-1.52;9.49;0.09;0.06;0.2;2.24;0.7;2.24
7748.0;0.98;-1.41;9.38;0.09;0.06;0.2;0.98;2.52;0.98
7749.0;1.21;-1.48;9.5;0.08;0.06;0.18;-2.24;3.29;-2.24
7750.0;1.27;-1.51;9.38;0.08;0.06;0.18;2.31;-0.42;2.31
7751.0;0.93;-1.48;9.57;0.07;0.05;0.19;0.56;3.99;0.56
7752.0;1.34;-1.61;9.35;0.07;0.05;0.19;-0.28;3.71;-0.28
7753.0;1.16;-1.54;9.5;0.07;0.05;0.19;1.75;-0.98;1.75
7754.0;1.01;-1.49;9.5;0.09;0.06;0.19;-0.63;1.96;-0.63
7755.0;1.28;-1.59;9.29;0.09;0.06;0.19;-0.28;3.57;-0.28
7756.0;1.08;-1.54;9.46;0.08;0.06;0.19;2.66;0.7;2.66
7757.0;1.06;-1.54;9.43;0.08;0.06;0.19;-0.7;5.32;-0.7
7758.0;1.23;-1.55;9.46;0.08;0.06;0.19;0.0;2.38;0.0
7759.0;1.12;-1.57;9.39;0.08;0.06;0.19;0.49;0.14;0.49
7760.0;1.06;-1.44;9.4;0.08;0.06;0.19;-1.47;4.2;-1.47
7761.0;1.28;-1.51;9.33;0.08;0.06;0.19;1.26;2.66;1.26
7762.0;0.98;-1.53;9.5;0.08;0.06;0.19;1.05;2.31;1.05
7763.0;1.19;-1.53;9.45;0.08;0.06;0.19;-0.77;3.99;-0.77
7764.0;1.2;-1.56;9.43;0.08;0.06;0.17;-0.07;1.89;-0.07
7765.0;1.09;-1.49;9.51;0.08;0.06;0.17;0.63;0.35;0.63
7766.0;1.08;-1.46;9.43;0.08;0.06;0.17;-0.21;3.78;-0.21
7767.0;1.34;-1.46;9.39;0.09;0.06;0.19;1.61;3.22;1.61
7768.0;1.08;-1.46;9.54;0.09;0.06;0.19;0.21;1.89;0.21
7769.0;1.16;-1.59;9.53;0.08;0.05;0.18;-0.63;3.57;-0.63
7770.0;1.21;-1.5;9.38;0.08;0.05;0.18;-0.49;0.49;-0.49
7771.0;1.03;-1.49;9.42;0.08;0.05;0.18;1.26;3.15;1.26
7772.0;1.13;-1.45;9.45;0.09;0.06;0.18;0.07;5.04;0.07
7773.0;1.16;-1.53;9.45;0.09;0.06;0.18;0.77;1.96;0.77
7774.0;1.11;-1.52;9.61;0.09;0.05;0.19;-0.21;2.17;-0.21
7775.0;1.19;-1.46;9.28;0.09;0.05;0.19;-1.19;2.66;-1.19
7776.0;1.09;-1.51;9.47;0.09;0.05;0.19;1.54;1.75;1.54
7777.0;1.23;-1.44;9.36;0.08;0.06;0.19;0.0;4.48;0.0
7778.0;1.2;-1.59;9.45;0.08;0.06;0.19;0.91;2.52;0.91
7779.0;1.11;-1.46;9.53;0.08;0.06;0.19;0.49;1.47;0.49
7780.0;1.14;-1.51;9.43;0.08;0.06;0.19;-0.7;3.36;-0.7
7781.0;1.21;-1.5;9.45;0.08;0.06;0.19;0.28;1.26;0.28
7782.0;1.09;-1.4;9.5;0.08;0.06;0.21;1.47;3.29;1.47
7783.0;1.23;-1.6;9.4;0.08;0.06;0.21;-0.28;4.13;-0.28
7784.0;1.18;-1.46;9.46;0.07;0.06;0.19;1.54;0.7;1.54
7785.0;1.09;-1.51;9.45;0.07;0.06;0.19;-1.12;2.24;-1.12
7786.0;1.27;-1.6;9.4;0.07;0.06;0.19;0.0;2.59;0.0
7787.0;1.13;-1.54;9.52;0.08;0.06;0.19;0.63;1.68;0.63
7788.0;1.06;-1.56;9.42;0.08;0.06;0.19;0.42;3.64;0.42
7789.0;1.19;-1.56;9.48;0.09;0.07;0.2;0.42;1.89;0.42
7790.0;1.09;-1.39;9.48;0.09;0.07;0.2;-0.21;1.05;-0.21
7791.0;1.16;-1.61;9.25;0.07;0.07;0.18;-0.07;2.87;-0.07
7792.0;1.1;-1.59;9.35;0.07;0.07;0.18;1.4;2.94;1.4
7793.0;1.11;-1.5;9.46;0.07;0.07;0.18;1.61;3.01;1.61
7794.0;1.18;-1.58;9.48;0.08;0.05;0.19;0.21;3.01;0.21
7795.0;1.2;-1.54;9.36;0.08;0.05;0.19;0.0;1.82;0.0
7796.0;1.18;-1.48;9.47;0.08;0.05;0.19;0.0;1.19;0.0
7797.0;1.03;-1.59;9.37;0.08;0.06;0.2;0.84;3.71;0.84
7798.0;1.16;-1.56;9.3;0.08;0.06;0.2;1.12;3.15;1.12
7799.0;1.13;-1.47;9.61;0.09;0.06;0.19;0.63;2.24;0.63
7800.0;1.06;-1.54;9.45;0.09;0.06;0.19;-0.56;2.59;-0.56
7801.0;1.17;-1.49;9.39;0.07;0.06;0.19;0.21;1.12;0.21
7802.0;1.12;-1.41;9.41;0.07;0.06;0.19;0.56;3.08;0.56
7803.0;1.2;-1.48;9.42;0.07;0.06;0.19;1.05;4.41;1.05
7804.0;1.19;-1.47;9.49;0.08;0.07;0.19;0.21;2.03;0.21
7805.0;1.21;-1.53;9.41;0.08;0.07;0.19;0.21;2.24;0.21
7806.0;1.23;-1.52;9.42;0.08;0.07;0.19;-0.14;2.59;-0.14
7807.0;1.13;-1.63;9.43;0.08;0.06;0.19;-0.14;1.61;-0.14
7808.0;1.08;-1.49;9.42;0.08;0.06;0.19;1.54;3.5;1.54
7809.0;1.19;-1.51;9.39;0.08;0.06;0.18;0.35;3.43;0.35
7810.0;1.17;-1.51;9.48;0.08;0.06;0.18;0.28;1.4;0.28
7811.0;1.19;-1.5;9.45;0.08;0.06;0.18;-0.63;1.96;-0.63
7812.0;1.15;-1.54;9.47;0.08;0.06;0.19;-0.42;2.17;-0.42
7813.0;1.21;-1.56;9.4;0.08;0.06;0.19;1.05;2.31;1.05
7814.0;1.08;-1.54;9.39;0.08;0.06;0.2;0.63;3.43;0.63
7815.0;1.3;-1.56;9.53;0.08;0.06;0.2;0.49;3.08;0.49
7816.0;1.13;-1.52;9.4;0.08;0.06;0.2;0.07;1.47;0.07
7817.0;1.16;-1.49;9.43;0.08;0.05;0.2;0.07;1.96;0.07
7818.0;1.2;-1.55;9.38;0.08;0.05;0.2;0.28;3.01;0.28
7819.0;1.08;-1.59;9.53;0.09;0.06;0.18;1.4;3.15;1.4
7820.0;1.21;-1.46;9.48;0.09;0.06;0.18;0.63;2.66;0.63
7821.0;1.2;-1.54;9.45;0.09;0.06;0.18;0.28;2.03;0.28
7822.0;1.11;-1.49;9.49;0.09;0.05;0.19;-0.07;0.77;-0.07
7823.0;1.09;-1.42;9.47;0.09;0.05;0.19;-0.21;2.1;-0.21
7824.0;1.18;-1.46;9.32;0.09;0.05;0.19;0.63;3.15;0.63
7825.0;1.17;-1.46;9.45;0.09;0.06;0.19;1.33;3.01;1.33
7826.0;1.14;-1.47;9.5;0.09;0.06;0.19;1.05;2.38;1.05
7827.0;1.23;-1.49;9.54;0.09;0.06;0.19;-0.91;2.73;-0.91
7828.0;1.23;-1.6;9.45;0.08;0.05;0.19;0.07;1.68;0.07
7829.0;1.16;-1.54;9.39;0.08;0.05;0.19;0.07;1.33;0.07
7830.0;1.21;-1.45;9.46;0.08;0.05;0.19;0.77;3.36;0.77
7831.0;1.19;-1.57;9.27;0.09;0.06;0.19;0.77;3.22;0.77
7832.0;1.18;-1.59;9.44;0.09;0.06;0.19;0.63;1.19;0.63
7833.0;1.09;-1.52;9.47;0.08;0.05;0.19;-0.28;2.66;-0.28
7834.0;1.28;-1.5;9.5;0.08;0.05;0.19;-0.56;1.05;-0.56
7835.0;1.18;-1.51;9.31;0.08;0.05;0.19;0.91;2.03;0.91
7836.0;1.22;-1.49;9.43;0.08;0.06;0.19;0.28;3.29;0.28
7837.0;1.22;-1.49;9.44;0.08;0.06;0.19;1.4;2.52;1.4
7838.0;1.21;-1.62;9.43;0.09;0.06;0.19;-0.56;1.05;-0.56
7839.0;1.23;-1.48;9.37;0.09;0.06;0.19;0.56;1.89;0.56
7840.0;1.1;-1.48;9.35;0.09;0.06;0.19;-0.07;2.94;-0.07
7841.0;1.16;-1.59;9.41;0.09;0.06;0.19;1.68;2.94;1.68
7842.0;1.12;-1.42;9.45;0.09;0.06;0.19;0.7;2.1;0.7
7843.0;1.17;-1.54;9.48;0.08;0.06;0.19;0.07;2.45;0.07
7844.0;1.16;-1.56;9.42;0.08;0.06;0.19;-0.7;1.47;-0.7
7845.0;1.16;-1.6;9.48;0.08;0.06;0.19;0.91;2.59;0.91
7846.0;1.23;-1.54;9.42;0.09;0.06;0.18;-0.14;2.94;-0.14
7847.0;1.08;-1.45;9.52;0.09;0.06;0.18;1.75;3.71;1.75
7848.0;1.23;-1.47;9.38;0.08;0.06;0.19;-0.14;2.8;-0.14
7849.0;1.14;-1.45;9.45;0.08;0.06;0.19;-0.91;1.47;-0.91
7850.0;1.18;-1.51;9.28;0.08;0.06;0.19;0.7;4.06;0.7
7851.0;1.12;-1.57;9.38;0.1;0.06;0.19;-0.21;2.45;-0.21
7852.0;1.06;-1.49;9.44;0.1;0.06;0.19;1.68;2.66;1.68
7853.0;1.21;-1.64;9.5;0.08;0.06;0.2;-0.28;4.2;-0.28
7854.0;1.2;-1.49;9.38;0.08;0.06;0.2;-0.21;1.05;-0.21
7855.0;1.19;-1.5;9.45;0.08;0.06;0.2;0.07;0.56;0.07
7856.0;1.09;-1.46;9.48;0.09;0.06;0.2;1.68;5.18;1.68
7857.0;1.34;-1.6;9.38;0.09;0.06;0.2;0.21;2.03;0.21
7858.0;1.23;-1.49;9.5;0.08;0.05;0.19;1.54;1.47;1.54
7859.0;1.11;-1.56;9.43;0.08;0.05;0.19;-0.84;2.73;-0.84
7860.0;1.2;-1.41;9.4;0.08;0.05;0.19;-0.14;1.47;-0.14
7861.0;1.08;-1.51;9.43;0.1;0.05;0.19;0.84;1.89;0.84
7862.0;1.11;-1.59;9.48;0.1;0.05;0.19;0.07;4.13;0.07
7863.0;1.2;-1.56;9.42;0.09;0.06;0.18;1.33;2.1;1.33
7864.0;1.03;-1.66;9.51;0.09;0.06;0.18;0.49;2.1;0.49
7865.0;1.26;-1.44;9.5;0.09;0.06;0.18;-0.21;2.66;-0.21
7866.0;1.21;-1.59;9.38;0.08;0.06;0.19;-0.49;2.1;-0.49
7867.0;1.15;-1.44;9.45;0.08;0.06;0.19;1.33;1.33;1.33
7868.0;1.06;-1.51;9.39;0.08;0.06;0.19;0.98;3.92;0.98
7869.0;1.27;-1.53;9.43;0.08;0.05;0.18;-0.56;3.08;-0.56
7870.0;1.21;-1.56;9.46;0.08;0.05;0.18;1.61;2.03;1.61
7871.0;1.15;-1.51;9.45;0.08;0.05;0.18;0.07;1.54;0.07
7872.0;1.26;-1.54;9.44;0.08;0.05;0.18;-0.63;3.01;-0.63
7873.0;1.13;-1.49;9.49;0.08;0.05;0.18;1.19;1.4;1.19
7874.0;1.09;-1.52;9.43;0.09;0.06;0.19;0.77;2.94;0.77
7875.0;1.18;-1.55;9.35;0.09;0.06;0.19;0.49;3.78;0.49
7876.0;1.09;-1.58;9.47;0.09;0.06;0.19;0.28;0.84;0.28
7877.0;1.13;-1.43;9.47;0.08;0.07;0.19;-0.21;2.94;-0.21
7878.0;1.28;-1.5;9.43;0.08;0.07;0.19;0.0;2.73;0.0
7879.0;1.11;-1.53;9.43;0.08;0.07;0.19;0.98;1.12;0.98
7880.0;1.16;-1.47;9.45;0.08;0.06;0.19;0.7;4.69;0.7
7881.0;1.28;-1.62;9.25;0.08;0.06;0.19;-0.14;2.59;-0.14
7882.0;1.18;-1.47;9.53;0.09;0.06;0.19;0.63;0.91;0.63
7884.0;1.21;-1.51;9.39;0.09;0.06;0.2;0.07;1.33;0.07
7885.0;1.13;-1.44;9.47;0.09;0.06;0.2;1.89;2.31;1.89
7886.0;1.06;-1.56;9.33;0.09;0.06;0.2;-0.98;5.11;-0.98
7887.0;1.34;-1.49;9.4;0.09;0.06;0.19;0.63;0.35;0.63
7888.0;1.06;-1.43;9.48;0.09;0.06;0.19;0.35;2.38;0.35
7889.0;1.23;-1.59;9.45;0.09;0.05;0.2;-0.49;4.27;-0.49
7890.0;1.25;-1.5;9.51;0.09;0.05;0.2;1.33;0.56;1.33
7891.0;1.11;-1.49;9.5;0.09;0.05;0.2;0.07;3.57;0.07
7892.0;1.08;-1.54;9.36;0.09;0.06;0.17;-0.42;2.66;-0.42
7893.0;1.17;-1.54;9.52;0.09;0.06;0.17;0.98;1.19;0.98
7894.0;1.09;-1.49;9.44;0.09;0.06;0.19;-0.42;3.15;-0.42
7895.0;1.21;-1.5;9.38;0.08;0.06;0.19;0.07;2.45;0.07
7896.0;1.16;-1.45;9.43;0.08;0.06;0.19;1.05;2.31;1.05
7897.0;1.19;-1.58;9.41;0.09;0.06;0.18;-0.35;3.29;-0.35
7898.0;1.34;-1.56;9.52;0.09;0.06;0.18;0.35;1.82;0.35
7899.0;1.15;-1.56;9.36;0.09;0.06;0.18;0.42;1.89;0.42
7900.0;1.13;-1.53;9.38;0.09;0.06;0.19;0.07;2.17;0.07
7901.0;1.21;-1.5;9.43;0.09;0.06;0.19;-0.14;3.08;-0.14
7902.0;1.32;-1.51;9.45;0.09;0.06;0.19;0.77;2.31;0.77
7903.0;1.09;-1.58;9.48;0.08;0.07;0.18;1.05;3.15;1.05
7904.0;1.16;-1.49;9.5;0.08;0.07;0.18;-0.35;1.96;-0.35
7905.0;1.28;-1.51;9.43;0.08;0.07;0.18;0.07;1.75;0.07
7906.0;1.1;-1.51;9.41;0.09;0.06;0.19;0.49;2.17;0.49
7907.0;1.19;-1.47;9.41;0.09;0.06;0.19;0.28;3.15;0.28
7908.0;1.26;-1.56;9.39;0.08;0.06;0.19;0.84;2.38;0.84
7909.0;1.09;-1.56;9.54;0.08;0.06;0.19;0.98;2.59;0.98
7910.0;1.26;-1.51;9.43;0.08;0.06;0.19;-1.54;1.68;-1.54
7911.0;1.29;-1.42;9.48;0.08;0.05;0.18;2.1;1.12;2.1
7912.0;1.06;-1.47;9.43;0.08;0.05;0.18;0.42;3.43;0.42
7913.0;1.2;-1.46;9.48;0.08;0.05;0.19;0.49;3.36;0.49
7914.0;1.03;-1.59;9.45;0.08;0.05;0.19;1.54;1.19;1.54
7915.0;1.13;-1.49;9.55;0.08;0.05;0.19;-1.12;2.94;-1.12
7916.0;1.23;-1.51;9.32;0.08;0.05;0.19;0.28;1.26;0.28
7917.0;1.06;-1.46;9.44;0.08;0.05;0.19;0.42;2.31;0.42
7918.0;1.17;-1.47;9.33;0.08;0.06;0.2;1.19;4.9;1.19
7919.0;1.31;-1.58;9.48;0.08;0.06;0.2;0.35;1.4;0.35
7920.0;1.05;-1.53;9.4;0.08;0.06;0.2;0.77;1.75;0.77
7921.0;1.23;-1.51;9.44;0.08;0.05;0.19;-1.89;2.1;-1.89
7922.0;1.18;-1.57;9.4;0.08;0.05;0.19;2.03;2.52;2.03
7923.0;1.11;-1.41;9.45;0.07;0.06;0.19;-0.07;3.29;-0.07
7924.0;1.31;-1.54;9.45;0.07;0.06;0.19;0.7;3.78;0.7
7925.0;1.21;-1.55;9.5;0.07;0.06;0.19;0.21;0.91;0.21
7926.0;1.01;-1.47;9.47;0.07;0.05;0.18;0.07;2.59;0.07
7927.0;1.24;-1.58;9.42;0.07;0.05;0.18;-0.14;2.1;-0.14
7928.0;1.14;-1.51;9.46;0.08;0.06;0.18;1.96;1.82;1.96
7929.0;1.06;-1.54;9.42;0.08;0.06;0.18;-1.26;3.22;-1.26
7930.0;1.34;-1.39;9.57;0.08;0.06;0.18;3.22;7.07;3.22
7931.0;1.31;-1.66;9.27;0.08;0.05;0.18;4.9;1.05;4.9
7932.0;1.14;-1.45;9.61;0.08;0.05;0.18;-7.28;-3.64;-7.28
7933.0;1.03;-1.45;9.44;0.08;0.05;0.18;2.45;4.06;2.45
7934.0;1.18;-1.68;9.03;0.09;0.05;0.19;-2.52;2.17;-2.52
7935.0;1.17;-1.44;9.39;0.09;0.05;0.19;-0.14;-2.45;-0.14
7936.0;0.92;-1.42;9.82;0.09;0.05;0.19;11.34;11.69;11.34
7937.0;1.53;-1.64;9.3;0.09;0.06;0.2;-8.89;5.53;-8.89
7938.0;1.29;-1.57;9.45;0.09;0.06;0.2;0.7;-11.34;0.7
7939.0;0.45;-1.41;9.62;0.08;0.06;0.2;2.52;1.19;2.52
7940.0;1.31;-1.41;9.43;0.08;0.06;0.2;-4.41;14.49;-4.41
7941.0;1.65;-1.72;9.15;0.08;0.06;0.2;3.99;-4.2;3.99
7942.0;0.75;-1.36;9.86;0.08;0.06;0.2;3.01;0.0;3.01
7943.0;1.25;-1.39;9.48;0.08;0.06;0.2;-1.12;13.16;-1.12
7944.0;1.58;-1.67;9.2;0.08;0.06;0.2;-1.68;-4.48;-1.68
7945.0;0.87;-1.39;9.61;0.09;0.05;0.18;2.31;-4.41;2.31
7946.0;0.94;-1.41;9.4;0.09;0.05;0.18;-4.34;8.89;-4.34
7947.0;1.46;-1.67;9.27;0.09;0.05;0.19;5.6;4.76;5.6
7948.0;1.01;-1.51;9.55;0.09;0.05;0.19;2.31;1.19;2.31
7949.0;1.13;-1.51;9.58;0.09;0.05;0.19;-2.94;3.85;-2.94
7950.0;1.28;-1.54;9.28;0.08;0.06;0.19;-0.28;-2.1;-0.28
7951.0;0.9;-1.39;9.37;0.08;0.06;0.19;-0.28;0.21;-0.28
7952.0;1.2;-1.49;9.32;0.08;0.06;0.2;0.7;6.37;0.7
7953.0;1.34;-1.63;9.35;0.08;0.06;0.2;2.73;6.09;2.73
7954.0;1.16;-1.49;9.66;0.08;0.06;0.2;4.62;2.66;4.62
7955.0;1.16;-1.55;9.46;0.08;0.06;0.19;-3.5;1.75;-3.5
7956.0;1.35;-1.58;9.51;0.08;0.06;0.19;-4.27;-0.63;-4.27
7957.0;1.13;-1.48;9.26;0.08;0.06;0.19;1.82;-1.82;1.82
7958.0;0.95;-1.32;9.44;0.09;0.06;0.19;-0.35;3.92;-0.35
7959.0;1.38;-1.61;9.28;0.09;0.06;0.19;3.29;7.28;3.29
7960.0;1.06;-1.58;9.7;0.09;0.06;0.19;1.82;-1.47;1.82
7961.0;1.21;-1.59;9.52;0.09;0.05;0.19;-3.08;3.22;-3.08
7962.0;1.36;-1.54;9.27;0.09;0.05;0.19;-2.31;-1.19;-2.31
7963.0;0.98;-1.32;9.49;0.07;0.06;0.19;3.01;0.98;3.01
7964.0;1.21;-1.59;9.38;0.07;0.06;0.19;1.54;10.92;1.54
7965.0;1.4;-1.55;9.52;0.07;0.06;0.19;2.59;2.17;2.59
7966.0;1.13;-1.55;9.65;0.08;0.07;0.19;-1.19;-2.45;-1.19
7967.0;1.19;-1.52;9.28;0.08;0.07;0.19;-3.22;2.8;-3.22
7968.0;1.2;-1.45;9.25;0.08;0.06;0.2;1.54;0.14;1.54
7969.0;1.01;-1.5;9.49;0.08;0.06;0.2;2.52;7.14;2.52
7970.0;1.28;-1.64;9.49;0.08;0.06;0.2;1.33;5.25;1.33
7971.0;1.17;-1.53;9.51;0.08;0.06;0.2;-0.49;-1.26;-0.49
7972.0;1.08;-1.41;9.35;0.08;0.06;0.2;-2.24;0.77;-2.24
7973.0;1.24;-1.49;9.34;0.08;0.05;0.2;-1.05;1.96;-1.05
7974.0;1.16;-1.48;9.31;0.08;0.05;0.2;3.43;3.92;3.43
7975.0;1.18;-1.47;9.55;0.09;0.06;0.19;1.05;6.44;1.05
7976.0;1.28;-1.62;9.45;0.09;0.06;0.19;0.42;2.73;0.42
7977.0;1.21;-1.59;9.4;0.09;0.06;0.19;-0.77;-1.4;-0.77
7978.0;0.99;-1.44;9.45;0.07;0.06;0.19;-1.68;0.56;-1.68
7979.0;1.16;-1.47;9.32;0.07;0.06;0.19;0.28;2.52;0.28
7980.0;1.21;-1.53;9.43;0.07;0.06;0.19;2.87;4.27;2.87
7981.0;1.16;-1.57;9.61;0.08;0.06;0.19;2.1;5.25;2.1
7982.0;1.3;-1.6;9.45;0.08;0.06;0.19;-0.77;0.84;-0.77
7983.0;1.08;-1.54;9.52;0.08;0.06;0.19;-1.33;-1.12;-1.33
7984.0;1.08;-1.49;9.35;0.08;0.06;0.19;-1.26;1.61;-1.26
7985.0;1.21;-1.56;9.25;0.08;0.06;0.19;1.75;5.11;1.75
7986.0;1.15;-1.57;9.45;0.08;0.05;0.18;3.08;4.41;3.08
7987.0;1.13;-1.5;9.5;0.08;0.05;0.18;1.54;3.5;1.54
7988.0;1.22;-1.56;9.42;0.08;0.05;0.18;-1.05;1.68;-1.05
7989.0;1.09;-1.49;9.38;0.08;0.06;0.19;-1.26;-1.19;-1.26
7990.0;1.06;-1.49;9.35;0.08;0.06;0.19;0.49;2.94;0.49
7991.0;1.16;-1.51;9.38;0.09;0.06;0.2;1.26;5.74;1.26
7992.0;1.27;-1.45;9.56;0.09;0.06;0.2;2.94;3.43;2.94
7993.0;1.18;-1.62;9.53;0.09;0.06;0.2;-1.75;1.12;-1.75
7994.0;1.18;-1.54;9.32;0.08;0.05;0.2;-1.05;0.14;-1.05
7995.0;1.08;-1.51;9.34;0.08;0.05;0.2;-0.21;0.91;-0.21
7996.0;1.2;-1.48;9.3;0.08;0.06;0.18;1.75;5.67;1.75
7997.0;1.22;-1.59;9.46;0.08;0.06;0.18;2.52;3.99;2.52
7998.0;1.2;-1.58;9.63;0.08;0.06;0.18;-17.57;2.17;-17.57
7999.0;1.28;-1.58;9.47;0.08;0.06;0.19;-1.89;0.77;-1.89
8000.0;1.19;-1.5;9.34;0.08;0.06;0.19;-0.84;-0.07;-0.84
8001.0;1.05;-1.46;9.38;0.08;0.05;0.18;0.91;3.57;0.91
8002.0;1.26;-1.52;9.44;0.08;0.05;0.18;1.82;5.04;1.82
8003.0;1.16;-1.56;9.47;0.08;0.05;0.18;1.4;2.38;1.4
8004.0;1.14;-1.54;9.52;0.09;0.05;0.19;-1.12;1.19;-1.12
8005.0;1.17;-1.51;9.48;0.09;0.05;0.19;-1.54;0.77;-1.54
8006.0;1.2;-1.49;9.3;0.09;0.05;0.19;0.0;1.05;0.0
8007.0;1.12;-1.51;9.39;0.09;0.06;0.19;1.05;3.71;1.05
8008.0;1.09;-1.49;9.42;0.09;0.06;0.19;1.96;5.04;1.96
8009.0;1.28;-1.61;9.51;0.09;0.06;0.19;1.26;3.5;1.26
8010.0;1.23;-1.46;9.48;0.09;0.05;0.19;0.0;1.61;0.0
8011.0;1.12;-1.58;9.56;0.09;0.05;0.19;-1.26;0.63;-1.26
8012.0;1.23;-1.5;9.32;0.09;0.05;0.19;-0.35;0.98;-0.35
8013.0;1.15;-1.46;9.4;0.09;0.05;0.19;1.33;4.06;1.33
8014.0;1.19;-1.51;9.35;0.09;0.05;0.19;1.75;4.41;1.75
8015.0;1.16;-1.54;9.58;0.09;0.05;0.2;1.19;2.52;1.19
8016.0;1.2;-1.52;9.38;0.09;0.05;0.2;-0.84;1.12;-0.84
8017.0;1.22;-1.54;9.49;0.09;0.05;0.2;-1.05;0.84;-1.05
8018.0;1.16;-1.52;9.3;0.09;0.06;0.19;0.35;2.8;0.35
8019.0;1.07;-1.54;9.41;0.09;0.06;0.19;2.03;4.69;2.03
8020.0;1.16;-1.55;9.56;0.09;0.06;0.21;1.26;3.64;1.26
8021.0;1.18;-1.51;9.5;0.09;0.06;0.21;0.0;1.68;0.0
8022.0;1.28;-1.49;9.36;0.09;0.06;0.21;-1.26;0.84;-1.26
8023.0;1.16;-1.44;9.36;0.09;0.05;0.21;-0.35;1.33;-0.35
8024.0;1.18;-1.56;9.43;0.09;0.05;0.21;1.68;3.85;1.68
8025.0;1.2;-1.46;9.34;0.09;0.05;0.21;1.19;4.2;1.19
8026.0;1.26;-1.56;9.52;0.09;0.05;0.21;0.63;1.68;0.63
8027.0;1.18;-1.44;9.37;0.09;0.05;0.21;-1.12;1.05;-1.12
8028.0;1.23;-1.43;9.4;0.08;0.06;0.19;-1.05;3.01;-1.05
8029.0;1.2;-1.57;9.42;0.08;0.06;0.19;1.82;1.47;1.82
8030.0;1.0;-1.48;9.42;0.09;0.04;0.19;-0.98;2.38;-0.98
8031.0;1.28;-1.48;9.55;0.09;0.04;0.19;2.73;8.33;2.73
8032.0;1.26;-1.66;9.38;0.09;0.04;0.19;1.12;0.98;1.12
8033.0;1.16;-1.5;9.55;0.09;0.06;0.2;-1.19;-0.91;-1.19
8034.0;1.14;-1.55;9.28;0.09;0.06;0.2;1.82;5.53;1.82
8035.0;1.27;-1.52;9.33;0.09;0.06;0.2;-3.85;-2.87;-3.85
8036.0;0.95;-1.36;9.58;0.09;0.06;0.19;5.18;2.52;5.18
8037.0;1.02;-1.62;9.4;0.09;0.06;0.19;1.61;7.49;1.61
8038.0;1.39;-1.52;9.4;0.09;0.06;0.19;-2.8;1.68;-2.8
8039.0;1.06;-1.56;9.46;0.08;0.06;0.19;4.2;-2.73;4.2
8040.0;1.08;-1.44;9.45;0.08;0.06;0.19;-4.55;5.6;-4.55
8041.0;1.44;-1.64;9.28;0.09;0.06;0.19;0.98;1.82;0.98
8042.0;0.95;-1.55;9.58;0.09;0.06;0.19;2.45;0.63;2.45
8043.0;1.18;-1.54;9.39;0.09;0.06;0.18;-2.03;6.79;-2.03
8044.0;1.41;-1.6;9.33;0.08;0.06;0.18;0.98;-0.07;0.98
8045.0;0.93;-1.45;9.68;0.08;0.06;0.18;1.89;0.91;1.89
8046.0;1.18;-1.5;9.41;0.08;0.05;0.19;-2.45;6.3;-2.45
8047.0;1.35;-1.59;9.32;0.08;0.05;0.19;1.54;-0.63;1.54
8048.0;0.98;-1.42;9.5;0.08;0.05;0.18;0.98;3.5;0.98
8049.0;1.33;-1.58;9.38;0.08;0.05;0.18;-1.12;6.23;-1.12
8050.0;1.27;-1.57;9.33;0.08;0.05;0.18;1.4;-0.91;1.4
8052.0;1.34;-1.57;9.23;0.08;0.04;0.2;-2.31;3.99;-2.31
8053.0;1.25;-1.49;9.48;0.08;0.04;0.2;4.06;0.77;4.06
8054.0;1.0;-1.41;9.5;0.08;0.05;0.19;-0.49;5.39;-0.49
8055.0;1.4;-1.65;9.45;0.08;0.05;0.19;-0.63;1.75;-0.63
8056.0;1.19;-1.43;9.45;0.08;0.05;0.19;2.8;-0.49;2.8
8057.0;1.04;-1.46;9.4;0.08;0.05;0.19;-2.38;5.74;-2.38
8058.0;1.38;-1.59;9.34;0.08;0.05;0.19;0.49;2.38;0.49
8059.0;1.01;-1.49;9.55;0.07;0.06;0.19;2.17;0.98;2.17
8061.0;1.35;-1.57;9.35;0.09;0.06;0.19;-0.42;0.84;-0.42
8062.0;1.1;-1.48;9.5;0.09;0.06;0.19;2.31;-0.42;2.31
8063.0;1.1;-1.42;9.36;0.09;0.06;0.19;-0.7;4.76;-0.7
8064.0;1.4;-1.51;9.35;0.08;0.06;0.19;-0.98;5.88;-0.98
8065.0;1.13;-1.48;9.58;0.08;0.06;0.19;3.36;-0.49;3.36
8066.0;1.11;-1.54;9.59;0.08;0.06;0.19;-2.24;3.71;-2.24
8067.0;1.44;-1.57;9.3;0.08;0.06;0.19;-0.35;3.57;-0.35
8068.0;1.16;-1.47;9.37;0.08;0.06;0.19;1.75;-1.33;1.75
8069.0;1.03;-1.4;9.53;0.08;0.05;0.17;-0.28;5.11;-0.28
8071.0;1.25;-1.44;9.38;0.08;0.05;0.17;1.33;-0.77;1.33
8072.0;1.05;-1.51;9.43;0.09;0.06;0.19;-0.84;4.27;-0.84
8073.0;1.43;-1.48;9.32;0.09;0.06;0.19;-0.84;2.52;-0.84
8074.0;1.21;-1.51;9.42;0.09;0.06;0.19;1.82;0.56;1.82
8075.0;1.07;-1.49;9.45;0.09;0.06;0.18;-1.05;3.57;-1.05
8076.0;1.29;-1.49;9.53;0.09;0.06;0.18;0.84;1.61;0.84
8077.0;1.09;-1.5;9.49;0.07;0.06;0.17;0.28;1.12;0.28
8078.0;1.12;-1.58;9.48;0.07;0.06;0.17;-0.7;4.55;-0.7
8079.0;1.23;-1.54;9.3;0.07;0.06;0.17;0.49;0.28;0.49
8080.0;1.01;-1.46;9.37;0.09;0.05;0.19;0.77;2.17;0.77
8081.0;1.21;-1.5;9.35;0.09;0.05;0.19;-0.21;4.62;-0.21
8082.0;1.27;-1.54;9.32;0.09;0.06;0.19;0.63;0.56;0.63
8083.0;0.99;-1.49;9.46;0.09;0.06;0.19;0.49;2.31;0.49
8084.0;1.16;-1.54;9.42;0.09;0.06;0.19;-0.91;4.2;-0.91
8085.0;1.26;-1.46;9.44;0.08;0.06;0.18;1.12;0.84;1.12
8086.0;1.0;-1.59;9.5;0.08;0.06;0.18;0.63;3.5;0.63
8087.0;1.25;-1.49;9.34;0.08;0.06;0.19;-0.35;3.5;-0.35
8088.0;1.16;-1.59;9.44;0.08;0.06;0.19;1.4;0.14;1.4
8089.0;1.02;-1.62;9.45;0.08;0.06;0.19;0.42;3.22;0.42
8090.0;1.23;-1.49;9.35;0.08;0.06;0.19;-1.33;3.15;-1.33
8091.0;1.23;-1.52;9.38;0.08;0.06;0.19;2.59;2.17;2.59
8092.0;1.16;-1.42;9.39;0.09;0.06;0.19;-1.19;2.17;-1.19
8093.0;1.22;-1.58;9.4;0.09;0.06;0.19;0.91;3.85;0.91
8094.0;1.18;-1.54;9.35;0.09;0.06;0.19;1.61;2.73;1.61
8095.0;1.19;-1.46;9.35;0.09;0.06;0.19;-1.68;0.7;-1.68
8096.0;1.14;-1.51;9.43;0.09;0.06;0.19;1.12;3.08;1.12
8097.0;1.17;-1.64;9.4;0.09;0.06;0.19;-0.07;2.59;-0.07
8098.0;1.11;-1.51;9.48;0.07;0.05;0.2;1.68;2.59;1.68
8099.0;1.14;-1.62;9.53;0.07;0.05;0.2;-0.56;2.52;-0.56
8100.0;1.11;-1.49;9.46;0.07;0.05;0.19;1.05;2.17;1.05
8101.0;1.14;-1.47;9.38;0.08;0.06;0.19;-0.07;2.24;-0.07
8102.0;1.18;-1.59;9.49;0.08;0.06;0.19;0.28;3.22;0.28
8103.0;1.17;-1.51;9.39;0.06;0.06;0.18;1.68;2.24;1.68
8104.0;1.16;-1.46;9.43;0.06;0.06;0.18;-0.42;2.59;-0.42
8105.0;1.13;-1.53;9.49;0.06;0.06;0.18;1.05;2.52;1.05
8106.0;1.08;-1.49;9.35;0.07;0.06;0.2;0.21;1.68;0.21
8107.0;1.18;-1.51;9.43;0.07;0.06;0.2;0.49;3.08;0.49
8108.0;1.21;-1.59;9.39;0.09;0.06;0.19;0.63;3.01;0.63
8109.0;1.14;-1.56;9.44;0.09;0.06;0.19;0.98;1.33;0.98
8110.0;1.08;-1.57;9.34;0.09;0.06;0.19;-0.28;2.45;-0.28
8111.0;1.22;-1.52;9.43;0.08;0.07;0.19;0.28;3.01;0.28
8112.0;1.26;-1.53;9.35;0.08;0.07;0.19;0.28;1.96;0.28
8113.0;1.08;-1.54;9.49;0.08;0.06;0.19;0.14;3.15;0.14
8114.0;1.11;-1.56;9.42;0.07;0.06;0.19;0.49;2.31;0.49
8115.0;1.2;-1.51;9.45;0.07;0.06;0.19;0.14;2.24;0.14
8116.0;1.14;-1.51;9.4;0.08;0.05;0.19;0.49;2.8;0.49
8117.0;1.13;-1.59;9.43;0.08;0.05;0.19;-0.07;1.68;-0.07
8118.0;1.11;-1.59;9.35;0.08;0.05;0.19;1.12;3.43;1.12
8119.0;1.22;-1.54;9.58;0.08;0.06;0.2;-0.14;2.31;-0.14
8120.0;1.19;-1.59;9.45;0.08;0.06;0.2;1.4;2.59;1.4
8121.0;1.17;-1.49;9.49;0.09;0.05;0.17;-0.56;2.31;-0.56
8122.0;1.24;-1.49;9.34;0.09;0.05;0.17;0.14;1.12;0.14
8123.0;1.18;-1.47;9.32;0.09;0.05;0.17;0.35;2.24;0.35
8124.0;1.13;-1.5;9.42;0.08;0.06;0.19;0.07;3.43;0.07
8125.0;1.23;-1.57;9.51;0.08;0.06;0.19;1.05;2.03;1.05
8126.0;1.12;-1.46;9.53;0.08;0.06;0.17;0.84;2.24;0.84
8127.0;1.24;-1.41;9.37;0.08;0.06;0.17;-0.14;3.36;-0.14
8128.0;1.16;-1.5;9.45;0.08;0.06;0.17;-0.56;0.7;-0.56
8129.0;1.09;-1.6;9.49;0.08;0.06;0.18;0.63;2.38;0.63
8130.0;1.13;-1.5;9.42;0.08;0.06;0.18;0.21;3.5;0.21
8131.0;1.13;-1.56;9.29;0.08;0.06;0.18;1.05;2.24;1.05
8132.0;1.13;-1.56;9.37;0.08;0.05;0.19;0.42;2.52;0.42
8133.0;1.18;-1.62;9.53;0.08;0.05;0.19;-0.42;1.82;-0.42
8134.0;1.21;-1.51;9.37;0.09;0.06;0.2;0.91;2.73;0.91
8135.0;1.06;-1.49;9.44;0.09;0.06;0.2;17.85;3.01;17.85
8136.0;1.13;-1.51;9.5;0.09;0.06;0.2;1.12;2.8;1.12
8137.0;1.3;-1.49;9.42;0.09;0.05;0.19;0.21;2.87;0.21
8138.0;1.15;-1.59;9.49;0.09;0.05;0.19;0.0;1.89;0.0
8139.0;1.13;-1.49;9.41;0.09;0.05;0.19;-0.21;1.68;-0.21
8140.0;1.08;-1.46;9.35;0.08;0.05;0.19;0.84;3.22;0.84
8142.0;1.23;-1.48;9.48;0.08;0.06;0.2;0.42;2.52;0.42
8143.0;1.19;-1.59;9.4;0.08;0.06;0.2;0.14;2.17;0.14
8144.0;1.16;-1.56;9.47;0.08;0.06;0.18;-0.35;2.1;-0.35
8145.0;1.23;-1.45;9.38;0.08;0.06;0.18;0.84;2.73;0.84
8146.0;1.08;-1.59;9.43;0.08;0.06;0.18;1.26;2.73;1.26
8147.0;1.16;-1.57;9.48;0.08;0.06;0.18;0.49;2.8;0.49
8148.0;1.17;-1.57;9.45;0.08;0.06;0.18;0.28;2.24;0.28
8149.0;1.16;-1.55;9.5;0.08;0.06;0.18;-0.07;1.68;-0.07
8150.0;1.18;-1.51;9.3;0.08;0.05;0.19;0.14;2.8;0.14
8151.0;1.17;-1.51;9.45;0.08;0.05;0.19;1.4;2.52;1.4
8152.0;1.11;-1.61;9.32;0.09;0.06;0.18;0.14;2.94;0.14
8153.0;1.22;-1.51;9.5;0.09;0.06;0.18;0.49;2.38;0.49
8154.0;1.15;-1.49;9.52;0.08;0.06;0.2;0.28;1.54;0.28
8155.0;1.14;-1.44;9.38;0.08;0.06;0.2;0.14;2.59;0.14
8156.0;1.27;-1.46;9.38;0.08;0.06;0.2;0.21;2.31;0.21
8157.0;1.11;-1.46;9.4;0.08;0.06;0.2;1.33;2.8;1.33
8158.0;1.2;-1.47;9.38;0.08;0.06;0.2;0.49;3.29;0.49
8159.0;1.13;-1.51;9.52;0.08;0.06;0.2;0.07;2.03;0.07
8160.0;1.13;-1.53;9.43;0.08;0.05;0.19;0.28;1.75;0.28
8161.0;1.18;-1.5;9.47;0.08;0.05;0.19;-0.14;3.01;-0.14
8162.0;1.25;-1.49;9.43;0.08;0.06;0.19;0.84;2.38;0.84
8163.0;1.16;-1.51;9.45;0.08;0.06;0.19;0.49;3.29;0.49
8164.0;1.25;-1.55;9.51;0.08;0.06;0.19;0.07;2.8;0.07
8165.0;1.18;-1.47;9.43;0.08;0.06;0.19;-0.21;0.98;-0.21
8166.0;1.04;-1.48;9.47;0.08;0.06;0.19;0.35;2.45;0.35
8167.0;1.18;-1.5;9.45;0.08;0.06;0.19;0.07;3.22;0.07
8168.0;1.16;-1.55;9.4;0.09;0.05;0.18;0.7;2.17;0.7
8169.0;1.15;-1.44;9.37;0.09;0.05;0.18;0.98;2.45;0.98
8170.0;1.19;-1.49;9.48;0.09;0.05;0.18;0.28;2.94;0.28
8171.0;1.31;-1.46;9.45;0.08;0.05;0.19;-0.28;2.38;-0.28
8172.0;1.17;-1.54;9.37;0.08;0.05;0.19;0.35;1.96;0.35
8173.0;1.24;-1.52;9.41;0.08;0.06;0.19;0.98;3.92;0.98
8174.0;1.24;-1.56;9.39;0.08;0.06;0.19;0.49;2.73;0.49
8175.0;1.23;-1.52;9.5;0.08;0.06;0.19;0.7;1.05;0.7
8176.0;1.11;-1.56;9.41;0.08;0.05;0.19;-0.63;3.43;-0.63
8177.0;1.31;-1.51;9.42;0.08;0.05;0.19;0.14;2.17;0.14
8179.0;1.13;-1.52;9.4;0.09;0.04;0.19;0.42;4.2;0.42
8180.0;1.23;-1.55;9.35;0.09;0.04;0.19;0.14;1.4;0.14
8181.0;1.02;-1.48;9.42;0.09;0.06;0.19;0.7;0.91;0.7
8182.0;1.17;-1.54;9.28;0.09;0.06;0.19;-0.42;3.36;-0.42
8183.0;1.18;-1.62;9.38;0.09;0.06;0.19;1.61;1.89;1.61
8184.0;1.13;-1.51;9.4;0.09;0.06;0.19;1.33;2.73;1.33
8185.0;1.16;-1.58;9.43;0.09;0.06;0.19;-0.98;2.1;-0.98
8186.0;1.13;-1.62;9.5;0.08;0.05;0.18;0.63;0.07;0.63
8187.0;0.97;-1.51;9.45;0.08;0.05;0.18;0.14;3.43;0.14
8188.0;1.17;-1.61;9.33;0.09;0.05;0.2;-0.42;4.06;-0.42
8189.0;1.26;-1.56;9.45;0.09;0.05;0.2;1.54;0.84;1.54
8190.0;1.05;-1.53;9.52;0.09;0.05;0.2;0.42;2.45;0.42
8191.0;1.16;-1.49;9.48;0.09;0.05;0.19;-0.77;2.8;-0.77
8192.0;1.18;-1.65;9.45;0.09;0.05;0.19;0.7;0.98;0.7
8193.0;1.13;-1.45;9.52;0.09;0.05;0.19;0.7;2.1;0.7
8194.0;1.18;-1.55;9.45;0.07;0.05;0.19;-0.35;3.92;-0.35
8195.0;1.18;-1.57;9.48;0.07;0.05;0.19;1.54;1.4;1.54
8196.0;1.16;-1.46;9.45;0.07;0.05;0.19;0.63;2.87;0.63
8197.0;1.16;-1.54;9.45;0.08;0.06;0.19;-0.7;3.01;-0.7
8198.0;1.21;-1.56;9.38;0.08;0.06;0.19;0.91;0.77;0.91
8199.0;1.13;-1.4;9.44;0.08;0.06;0.18;-0.07;2.17;-0.07
8200.0;1.16;-1.47;9.36;0.08;0.06;0.18;-0.14;3.08;-0.14
8201.0;1.29;-1.54;9.4;0.08;0.06;0.18;1.61;2.1;1.61
8202.0;1.11;-1.5;9.55;0.08;0.06;0.19;0.56;2.87;0.56
8203.0;1.25;-1.57;9.45;0.08;0.06;0.19;-0.14;2.24;-0.14
8204.0;1.12;-1.53;9.45;0.09;0.05;0.19;0.21;0.56;0.21
8205.0;1.06;-1.44;9.38;0.09;0.05;0.19;0.14;2.8;0.14
8206.0;1.27;-1.54;9.33;0.09;0.05;0.19;0.49;3.5;0.49
8207.0;1.21;-1.47;9.45;0.08;0.05;0.19;1.4;2.38;1.4
8208.0;1.16;-1.62;9.44;0.08;0.05;0.19;-0.42;2.45;-0.42
8209.0;1.2;-1.46;9.38;0.08;0.05;0.19;-0.63;2.1;-0.63
8210.0;1.17;-1.53;9.29;0.08;0.05;0.18;-0.07;0.84;-0.07
8211.0;1.06;-1.43;9.4;0.08;0.05;0.18;0.49;3.57;0.49
8212.0;1.28;-1.51;9.43;0.07;0.06;0.21;0.56;4.34;0.56
8213.0;1.13;-1.45;9.45;0.07;0.06;0.21;0.84;1.33;0.84
8214.0;1.19;-1.51;9.43;0.07;0.06;0.21;-0.7;2.59;-0.7
8215.0;1.26;-1.44;9.44;0.07;0.05;0.19;-0.14;1.89;-0.14
8216.0;1.1;-1.5;9.43;0.07;0.05;0.19;0.98;2.31;0.98
8217.0;1.16;-1.47;9.38;0.09;0.06;0.19;0.49;4.41;0.49
8218.0;1.22;-1.56;9.5;0.09;0.06;0.19;1.19;3.08;1.19
8219.0;1.14;-1.54;9.43;0.09;0.06;0.19;0.28;1.19;0.28
8220.0;1.18;-1.52;9.4;0.08;0.06;0.2;-0.63;1.89;-0.63
8221.0;1.19;-1.57;9.41;0.08;0.06;0.2;-0.14;1.89;-0.14
8222.0;1.16;-1.54;9.44;0.08;0.06;0.2;1.19;2.24;1.19
8223.0;1.18;-1.51;9.48;0.08;0.06;0.2;1.33;4.34;1.33
8224.0;1.16;-1.49;9.49;0.08;0.06;0.2;0.91;3.71;0.91
8225.0;1.13;-1.59;9.4;0.08;0.06;0.2;0.14;1.54;0.14
8226.0;1.14;-1.56;9.43;0.08;0.05;0.19;-0.28;1.68;-0.28
8227.0;1.11;-1.62;9.3;0.08;0.05;0.19;-0.35;2.66;-0.35
8228.0;1.14;-1.59;9.44;0.08;0.05;0.19;1.61;2.31;1.61
8229.0;1.02;-1.5;9.43;0.08;0.06;0.19;0.42;3.92;0.42
8230.0;1.19;-1.56;9.4;0.08;0.06;0.19;0.35;2.38;0.35
8231.0;1.16;-1.49;9.47;0.08;0.06;0.2;-0.21;0.35;-0.21
8232.0;1.11;-1.5;9.4;0.08;0.06;0.2;-0.07;2.17;-0.07
8233.0;1.18;-1.53;9.38;0.08;0.06;0.2;0.77;3.22;0.77
8234.0;1.14;-1.57;9.45;0.09;0.06;0.19;1.26;2.52;1.26
8235.0;1.19;-1.53;9.52;0.09;0.06;0.19;0.7;3.01;0.7
8236.0;1.22;-1.59;9.45;0.08;0.04;0.2;-0.42;2.17;-0.42
8237.0;1.1;-1.54;9.39;0.08;0.04;0.2;0.14;1.68;0.14
8238.0;1.1;-1.51;9.45;0.08;0.04;0.2;0.28;2.45;0.28
8239.0;1.09;-1.5;9.45;0.08;0.06;0.2;0.56;3.36;0.56
8240.0;1.19;-1.56;9.4;0.08;0.06;0.2;0.7;2.66;0.7
8241.0;1.09;-1.49;9.53;0.08;0.06;0.2;0.28;2.45;0.28
8242.0;1.1;-1.56;9.43;0.08;0.06;0.19;-0.14;2.73;-0.14
8243.0;1.24;-1.54;9.37;0.08;0.06;0.19;-0.21;2.03;-0.21
8244.0;1.13;-1.49;9.44;0.08;0.06;0.19;0.63;2.73;0.63
8245.0;1.18;-1.46;9.43;0.08;0.05;0.19;0.49;3.71;0.49
8246.0;1.34;-1.55;9.43;0.08;0.05;0.19;0.56;2.87;0.56
8247.0;1.12;-1.54;9.5;0.08;0.05;0.19;1.19;1.96;1.19
8248.0;1.19;-1.65;9.32;0.09;0.05;0.19;-0.98;1.68;-0.98
8249.0;1.11;-1.54;9.36;0.09;0.05;0.19;0.84;1.47;0.84
8250.0;1.08;-1.58;9.32;0.09;0.05;0.19;0.91;3.5;0.91
8251.0;1.26;-1.4;9.4;0.09;0.05;0.19;0.63;3.85;0.63
8252.0;1.22;-1.56;9.43;0.09;0.05;0.19;2.03;2.1;2.03
8253.0;1.13;-1.54;9.52;0.09;0.05;0.18;-0.98;1.75;-0.98
8254.0;1.14;-1.43;9.43;0.09;0.05;0.18;-0.49;0.77;-0.49
8255.0;1.02;-1.54;9.38;0.08;0.06;0.19;0.28;1.96;0.28
8256.0;1.18;-1.57;9.4;0.08;0.06;0.19;0.0;4.13;0.0
8257.0;1.21;-1.49;9.47;0.08;0.06;0.19;1.89;3.5;1.89
8258.0;1.25;-1.49;9.48;0.08;0.06;0.19;0.49;2.87;0.49
8259.0;1.14;-1.45;9.47;0.08;0.06;0.19;-1.05;0.56;-1.05
8260.0;1.15;-1.51;9.38;0.08;0.06;0.19;0.21;1.33;0.21
8261.0;1.08;-1.44;9.47;0.08;0.06;0.19;0.91;4.76;0.91
8262.0;1.22;-1.6;9.46;0.08;0.06;0.19;1.68;3.99;1.68
8263.0;1.17;-1.54;9.48;0.08;0.05;0.18;0.63;2.45;0.63
8264.0;1.18;-1.51;9.44;0.08;0.05;0.18;-1.12;0.77;-1.12
8265.0;1.16;-1.54;9.32;0.08;0.06;0.18;-0.49;1.26;-0.49
8266.0;1.12;-1.49;9.43;0.08;0.06;0.18;1.26;3.43;1.26
8267.0;1.21;-1.54;9.43;0.08;0.06;0.18;1.82;4.55;1.82
8268.0;1.22;-1.51;9.35;0.06;0.07;0.19;1.54;3.36;1.54
8269.0;1.2;-1.54;9.55;0.06;0.07;0.19;-0.07;1.4;-0.07
8270.0;1.2;-1.5;9.39;0.09;0.06;0.18;-1.05;1.05;-1.05
8271.0;1.09;-1.44;9.39;0.09;0.06;0.18;0.28;2.45;0.28
8272.0;1.18;-1.52;9.32;0.09;0.06;0.18;1.19;3.71;1.19
8273.0;1.18;-1.44;9.44;0.08;0.06;0.19;0.91;3.78;0.91
8274.0;1.16;-1.56;9.45;0.08;0.06;0.19;0.42;2.24;0.42
8275.0;1.13;-1.51;9.45;0.08;0.07;0.19;-0.84;1.33;-0.84
8276.0;1.18;-1.49;9.32;0.08;0.07;0.19;-0.35;1.96;-0.35
8278.0;1.11;-1.46;9.45;0.09;0.06;0.19;1.33;4.48;1.33
8279.0;1.26;-1.56;9.35;0.09;0.06;0.19;0.14;2.38;0.14
8280.0;1.16;-1.51;9.48;0.08;0.05;0.2;-0.49;0.84;-0.49
8281.0;1.12;-1.56;9.3;0.08;0.05;0.2;-0.42;2.59;-0.42
8282.0;1.13;-1.46;9.32;0.08;0.05;0.2;1.05;2.8;1.05
8283.0;1.14;-1.5;9.44;0.08;0.05;0.19;1.47;3.36;1.47
8284.0;1.11;-1.57;9.48;0.08;0.05;0.19;0.63;3.64;0.63
8285.0;1.21;-1.51;9.5;0.08;0.06;0.2;-0.14;0.42;-0.14
8286.0;1.18;-1.51;9.34;0.08;0.06;0.2;-0.49;1.26;-0.49
8287.0;1.26;-1.47;9.33;0.08;0.06;0.2;17.71;3.57;17.71
8288.0;1.23;-1.51;9.43;0.07;0.06;0.19;0.98;3.29;0.98
8289.0;1.17;-1.5;9.47;0.07;0.06;0.19;1.54;3.43;1.54
8290.0;1.24;-1.48;9.5;0.08;0.07;0.19;-0.7;2.03;-0.7
8291.0;1.12;-1.59;9.32;0.08;0.07;0.19;-0.35;0.21;-0.35
8292.0;1.12;-1.51;9.36;0.08;0.07;0.19;-0.21;2.31;-0.21
8293.0;1.11;-1.56;9.31;0.08;0.06;0.19;1.12;4.13;1.12
8294.0;1.15;-1.52;9.53;0.08;0.06;0.19;1.68;3.08;1.68
8295.0;1.13;-1.56;9.48;0.08;0.06;0.19;-0.28;2.24;-0.28
8296.0;1.16;-1.52;9.48;0.08;0.06;0.19;-0.56;0.7;-0.56
8297.0;1.11;-1.5;9.27;0.08;0.06;0.19;0.07;1.4;0.07
8298.0;1.07;-1.49;9.31;0.08;0.06;0.2;0.56;3.78;0.56
8299.0;1.18;-1.44;9.33;0.08;0.06;0.2;1.89;3.43;1.89
8300.0;1.19;-1.55;9.53;0.08;0.06;0.19;0.7;2.66;0.7
8301.0;1.2;-1.59;9.35;0.08;0.06;0.19;-0.98;1.19;-0.98
8302.0;1.16;-1.56;9.44;0.08;0.06;0.19;-0.28;0.7;-0.28
8303.0;1.07;-1.49;9.42;0.08;0.06;0.2;0.77;3.64;0.77
8304.0;1.2;-1.49;9.51;0.08;0.06;0.2;1.54;4.69;1.54
8305.0;1.28;-1.49;9.55;0.09;0.06;0.21;1.19;2.66;1.19
8306.0;1.19;-1.51;9.57;0.09;0.06;0.21;-0.7;1.33;-0.7
8307.0;1.14;-1.53;9.48;0.09;0.06;0.21;-0.84;0.91;-0.84
8308.0;1.1;-1.56;9.43;0.09;0.04;0.19;0.35;1.89;0.35
8309.0;1.11;-1.46;9.44;0.09;0.04;0.19;1.19;3.71;1.19
8310.0;1.24;-1.54;9.48;0.09;0.04;0.19;1.75;4.2;1.75
8311.0;1.1;-1.6;9.52;0.07;0.06;0.2;-0.07;1.4;-0.07
8312.0;1.11;-1.59;9.44;0.07;0.06;0.2;-0.7;1.4;-0.7
8313.0;1.13;-1.48;9.35;0.09;0.05;0.19;-0.42;1.47;-0.42
8314.0;1.15;-1.46;9.4;0.09;0.05;0.19;1.12;2.66;1.12
8315.0;1.11;-1.45;9.51;0.09;0.05;0.19;1.47;4.76;1.47
8316.0;1.15;-1.59;9.37;0.08;0.05;0.21;0.49;2.17;0.49
8317.0;1.21;-1.55;9.45;0.08;0.05;0.21;-0.56;0.07;-0.56
8318.0;1.21;-1.5;9.44;0.09;0.06;0.19;-0.7;2.17;-0.7
8319.0;1.19;-1.59;9.33;0.09;0.06;0.19;0.35;2.38;0.35
8320.0;1.15;-1.54;9.43;0.09;0.06;0.19;1.89;3.64;1.89
8321.0;1.21;-1.49;9.43;0.08;0.06;0.19;0.21;4.27;0.21
8322.0;1.14;-1.52;9.52;0.08;0.06;0.19;0.0;0.91;0.0
8323.0;1.03;-1.45;9.48;0.08;0.06;0.19;-0.56;1.54;-0.56
8324.0;1.2;-1.51;9.42;0.08;0.06;0.19;-0.35;2.45;-0.35
8325.0;1.23;-1.56;9.44;0.08;0.06;0.19;1.89;2.73;1.89
8326.0;1.2;-1.51;9.4;0.08;0.05;0.19;0.84;4.06;0.84
8327.0;1.22;-1.54;9.36;0.08;0.05;0.19;-17.85;2.52;-17.85
8328.0;1.16;-1.51;9.35;0.08;0.06;0.19;-0.42;0.56;-0.42
8329.0;1.13;-1.5;9.44;0.08;0.06;0.19;-0.35;1.47;-0.35
8330.0;1.11;-1.44;9.39;0.08;0.06;0.19;0.42;2.8;0.42
8331.0;1.21;-1.55;9.43;0.09;0.05;0.19;1.26;3.08;1.26
8332.0;1.17;-1.49;9.51;0.09;0.05;0.19;0.42;3.22;0.42
8333.0;1.21;-1.54;9.39;0.09;0.05;0.19;-0.21;2.73;-0.21
8334.0;1.21;-1.56;9.4;0.08;0.05;0.19;-0.07;1.47;-0.07
8335.0;1.18;-1.45;9.41;0.08;0.05;0.19;-0.14;1.68;-0.14
8336.0;1.16;-1.6;9.41;0.08;0.05;0.19;0.56;3.08;0.56
8337.0;1.21;-1.52;9.53;0.08;0.06;0.2;1.19;3.78;1.19
8338.0;1.08;-1.48;9.38;0.08;0.06;0.2;0.35;2.24;0.35
8339.0;1.16;-1.56;9.45;0.08;0.06;0.18;-0.07;2.31;-0.07
8340.0;1.19;-1.53;9.4;0.08;0.06;0.18;0.35;2.1;0.35
8341.0;1.18;-1.49;9.39;0.08;0.06;0.18;0.35;2.87;0.35
8342.0;1.09;-1.47;9.44;0.08;0.06;0.19;0.98;3.64;0.98
8343.0;1.14;-1.6;9.35;0.08;0.06;0.19;0.42;2.38;0.42
8344.0;1.18;-1.54;9.39;0.09;0.05;0.19;-0.28;1.61;-0.28
8345.0;1.08;-1.44;9.36;0.09;0.05;0.19;-0.28;1.68;-0.28
8346.0;1.0;-1.55;9.27;0.09;0.05;0.19;0.28;2.31;0.28
8347.0;1.12;-1.45;9.45;0.09;0.06;0.2;1.05;3.99;1.05
8348.0;1.3;-1.46;9.56;0.09;0.06;0.2;2.03;4.69;2.03
8349.0;1.25;-1.62;9.46;0.08;0.05;0.19;-0.49;1.26;-0.49
8350.0;1.01;-1.51;9.39;0.08;0.05;0.19;-2.52;-1.89;-2.52
8351.0;1.03;-1.45;9.32;0.08;0.05;0.19;-1.26;0.0;-1.26
8352.0;1.11;-1.44;9.18;0.09;0.06;0.18;0.21;4.83;0.21
8354.0;1.23;-1.56;9.62;0.09;0.06;0.18;4.13;5.53;4.13
8355.0;1.26;-1.45;9.58;0.08;0.07;0.2;-1.54;2.59;-1.54
8356.0;1.29;-1.54;9.47;0.08;0.07;0.2;-4.13;-3.01;-4.13
8357.0;1.06;-1.41;9.4;0.08;0.07;0.2;-0.91;-3.29;-0.91
8358.0;0.97;-1.48;9.29;0.07;0.05;0.18;-0.7;3.99;-0.7
8359.0;1.1;-1.45;9.28;0.07;0.05;0.18;2.52;7.98;2.52
8360.0;1.33;-1.59;9.5;0.07;0.05;0.18;4.41;4.62;4.41
8361.0;1.23;-1.58;9.63;0.08;0.05;0.19;1.75;2.31;1.75
8362.0;1.21;-1.52;9.53;0.08;0.05;0.19;-2.73;1.26;-2.73
8363.0;1.23;-1.49;9.38;0.08;0.05;0.19;-2.8;-2.17;-2.8
8364.0;1.11;-1.46;9.27;0.09;0.06;0.19;-0.42;-1.05;-0.42
8365.0;1.06;-1.41;9.43;0.09;0.06;0.19;1.82;5.46;1.82
8366.0;1.26;-1.59;9.37;0.09;0.06;0.19;3.78;6.44;3.78
8367.0;1.22;-1.56;9.6;0.09;0.06;0.19;1.54;2.59;1.54
8368.0;1.14;-1.51;9.4;0.09;0.06;0.19;-4.69;-2.17;-4.69
8369.0;1.11;-1.49;9.25;0.08;0.07;0.19;-0.98;-1.12;-0.98
8370.0;1.01;-1.41;9.3;0.08;0.07;0.19;1.68;5.81;1.68
8371.0;1.26;-1.48;9.4;0.08;0.07;0.19;2.8;7.0;2.8
8372.0;1.25;-1.54;9.48;0.08;0.06;0.18;2.87;3.78;2.87
8373.0;1.18;-1.49;9.42;0.08;0.06;0.18;-2.59;-0.14;-2.59
8374.0;1.23;-1.54;9.29;0.08;0.06;0.19;-2.66;-1.89;-2.66
8375.0;1.06;-1.44;9.24;0.08;0.06;0.19;0.56;2.17;0.56
8376.0;1.11;-1.44;9.3;0.08;0.06;0.19;3.08;6.58;3.08
8377.0;1.2;-1.56;9.46;0.09;0.06;0.18;3.15;4.83;3.15
8378.0;1.2;-1.54;9.52;0.09;0.06;0.18;-0.98;0.35;-0.98
8379.0;1.18;-1.59;9.38;0.09;0.05;0.19;-3.99;-2.8;-3.99
8380.0;1.1;-1.53;9.25;0.09;0.05;0.19;17.78;1.82;17.78
8381.0;1.15;-1.43;9.35;0.09;0.05;0.19;2.73;5.95;2.73
8382.0;1.17;-1.48;9.57;0.08;0.05;0.19;3.85;7.28;3.85
8383.0;1.31;-1.66;9.68;0.08;0.05;0.19;2.38;3.85;2.38
8384.0;1.26;-1.56;9.49;0.08;0.06;0.18;-5.04;-4.41;-5.04
8385.0;1.06;-1.39;9.36;0.08;0.06;0.18;-3.85;-1.19;-3.85
8386.0;1.1;-1.46;9.25;0.08;0.06;0.18;3.01;5.18;3.01
8387.0;1.18;-1.51;9.41;0.07;0.06;0.19;3.43;4.9;3.43
8389.0;1.5;-1.66;9.48;0.08;0.06;0.19;-4.9;-2.87;-4.9
8390.0;1.01;-1.51;9.45;0.08;0.06;0.19;-1.05;-7.63;-1.05
8391.0;0.83;-1.34;9.33;0.08;0.06;0.19;1.12;9.1;1.12
8392.0;1.41;-1.67;9.25;0.09;0.06;0.19;-0.49;7.14;-0.49
8393.0;1.14;-1.51;9.61;0.09;0.06;0.19;7.56;-1.19;7.56
8394.0;0.8;-1.46;9.74;0.05;0.06;0.18;-0.49;9.66;-0.49
8396.0;1.16;-1.47;9.32;0.05;0.06;0.18;-0.07;-9.45;-0.07
8397.0;0.65;-1.35;9.58;0.09;0.05;0.19;1.47;10.29;1.47
8398.0;1.4;-1.74;9.19;0.09;0.05;0.19;2.59;10.64;2.59
8399.0;1.28;-1.68;9.57;0.09;0.05;0.19;4.76;-2.38;4.76
8400.0;0.87;-1.53;9.66;0.09;0.05;0.19;-3.22;2.17;-3.22
8401.0;1.39;-1.64;9.24;0.09;0.05;0.19;-5.53;0.07;-5.53
8402.0;1.13;-1.4;9.27;0.09;0.06;0.2;3.01;-2.52;3.01
8403.0;1.0;-1.46;9.42;0.09;0.06;0.2;2.73;10.15;2.73
8404.0;1.43;-1.73;9.42;0.09;0.06;0.2;2.03;7.49;2.03
8405.0;1.2;-1.46;9.66;0.08;0.06;0.2;2.38;-3.08;2.38
8406.0;1.06;-1.47;9.41;0.08;0.06;0.2;-6.65;-0.77;-6.65
8407.0;1.28;-1.52;9.22;0.09;0.05;0.18;0.21;1.05;0.21
8408.0;1.0;-1.42;9.43;0.09;0.05;0.18;5.32;4.27;5.32
8409.0;1.26;-1.52;9.53;0.09;0.05;0.18;0.63;9.52;0.63
8410.0;1.36;-1.62;9.56;0.08;0.06;0.19;1.54;-0.77;1.54
8411.0;1.01;-1.44;9.5;0.08;0.06;0.19;-2.8;-3.15;-2.8
8412.0;1.09;-1.47;9.21;0.08;0.05;0.17;-2.87;3.36;-2.87
8413.0;1.16;-1.54;9.35;0.08;0.05;0.17;4.34;2.1;4.34
