Time(ms);AccX(m/s^2);AccY(m/s^2);AccZ(m/s^2);MagX(gauss);MagY(gauss);MagZ(gauss);GyroX(dps);GyroY(dps);GyroZ(dps)
9701.0;-3.29;2.05;9.04;-0.37;0.35;-0.45;0.28;-0.35;0.28
9702.0;-3.28;2.04;8.95;-0.38;0.35;-0.44;0.84;0.77;0.84
9703.0;-3.29;2.05;8.97;-0.38;0.35;-0.44;0.56;0.49;0.56
9704.0;-3.32;2.02;9.05;-0.38;0.35;-0.44;0.56;-0.21;0.56
9705.0;-3.37;2.02;9.03;-0.37;0.34;-0.44;0.28;0.0;0.28
9706.0;-3.28;2.02;8.98;-0.37;0.34;-0.44;0.42;0.28;0.42
9707.0;-3.39;2.05;9.07;-0.37;0.35;-0.43;0.7;0.63;0.7
9708.0;-3.19;2.06;8.85;-0.37;0.35;-0.43;0.21;17.85;0.21
9709.0;-3.37;2.12;9.05;-0.37;0.35;-0.43;-0.07;0.07;-0.07
9710.0;-3.26;2.07;8.99;-0.37;0.34;-0.44;0.63;0.0;0.63
9711.0;-3.27;1.98;8.9;-0.37;0.34;-0.44;0.56;0.14;0.56
9712.0;-3.32;2.13;9.08;-0.37;0.34;-0.44;0.49;0.49;0.49
9713.0;-3.25;1.97;8.89;-0.37;0.35;-0.44;0.35;0.21;0.35
9714.0;-3.31;2.05;8.99;-0.37;0.35;-0.44;0.28;-0.07;0.28
9715.0;-3.37;2.1;8.92;-0.37;0.35;-0.44;0.35;0.63;0.35
9716.0;-3.27;2.07;8.92;-0.37;0.34;-0.44;0.28;0.0;0.28
9717.0;-3.29;2.1;8.94;-0.37;0.34;-0.44;0.63;0.7;0.63
9718.0;-3.23;2.08;9.04;-0.37;0.34;-0.44;0.35;-0.14;0.35
9719.0;-3.3;2.1;8.97;-0.36;0.34;-0.44;0.42;0.14;0.42
9720.0;-3.22;2.01;9.04;-0.36;0.34;-0.44;0.21;0.07;0.21
9721.0;-3.34;2.05;9.03;-0.37;0.35;-0.45;0.49;0.14;0.49
9722.0;-3.33;1.98;8.94;-0.37;0.35;-0.45;0.56;0.49;0.56
9723.0;-3.34;2.03;8.92;-0.37;0.35;-0.45;0.42;0.0;0.42
9724.0;-3.29;2.03;9.02;-0.37;0.35;-0.43;0.42;0.0;0.42
9725.0;-3.32;2.03;8.97;-0.37;0.35;-0.43;1.05;0.0;1.05
9726.0;-3.3;2.12;8.94;-0.37;0.35;-0.43;0.49;0.07;0.49
9727.0;-3.38;2.06;8.98;-0.37;0.35;-0.44;0.63;0.07;0.63
9728.0;-3.26;2.02;8.96;-0.37;0.35;-0.44;0.42;0.49;0.42
9729.0;-3.25;2.12;8.97;-0.37;0.35;-0.44;0.21;0.0;0.21
9730.0;-3.31;2.09;9.02;-0.37;0.35;-0.44;0.63;0.49;0.63
9731.0;-3.32;2.02;8.92;-0.37;0.35;-0.44;0.49;0.63;0.49
9732.0;-3.27;2.0;9.02;-0.37;0.34;-0.44;0.28;0.0;0.28
9733.0;-3.27;2.05;9.01;-0.37;0.34;-0.44;0.14;0.28;0.14
9734.0;-3.27;2.11;8.9;-0.37;0.35;-0.44;0.28;0.35;0.28
9735.0;-3.29;2.05;8.89;-0.37;0.35;-0.44;0.0;0.42;0.0
9736.0;-3.37;2.13;8.92;-0.37;0.35;-0.44;0.35;0.63;0.35
9737.0;-3.28;2.07;8.91;-0.39;0.35;-0.45;0.21;-17.78;0.21
9738.0;-3.31;2.01;8.91;-0.39;0.35;-0.45;0.56;-0.07;0.56
9739.0;-3.29;2.0;8.95;-0.39;0.35;-0.45;0.7;0.49;0.7
9740.0;-3.3;2.02;8.89;-0.37;0.35;-0.44;0.49;0.14;0.49
9741.0;-3.35;2.05;8.94;-0.37;0.35;-0.44;0.77;0.21;0.77
9742.0;-3.34;2.07;8.99;-0.37;0.35;-0.44;0.0;-0.07;0.0
9743.0;-3.25;2.07;8.92;-0.37;0.35;-0.43;0.49;0.63;0.49
9744.0;-3.35;2.05;8.99;-0.37;0.35;-0.43;0.91;0.49;0.91
9745.0;-3.27;2.11;8.98;-0.37;0.34;-0.44;-0.07;0.0;-0.07
9746.0;-3.35;2.08;8.91;-0.37;0.34;-0.44;0.49;0.63;0.49
9747.0;-3.24;2.05;8.98;-0.37;0.34;-0.44;0.63;0.14;0.63
9748.0;-3.35;2.09;8.92;-0.37;0.34;-0.44;0.7;0.07;0.7
9749.0;-3.33;2.04;9.01;-0.37;0.34;-0.44;0.56;0.21;0.56
9750.0;-3.36;2.1;8.98;-0.37;0.34;-0.44;0.77;0.63;0.77
9751.0;-3.29;2.09;8.87;-0.37;0.35;-0.44;0.49;-0.21;0.49
9752.0;-3.29;2.07;8.97;-0.37;0.35;-0.44;0.42;0.14;0.42
9753.0;-3.32;2.05;8.97;-0.37;0.34;-0.44;0.84;0.56;0.84
9754.0;-3.29;2.04;8.89;-0.37;0.34;-0.44;0.56;0.35;0.56
9755.0;-3.32;2.07;8.97;-0.38;0.35;-0.43;0.7;0.35;0.7
9756.0;-3.32;2.0;8.9;-0.38;0.35;-0.43;0.49;0.35;0.49
9757.0;-3.27;2.06;8.92;-0.38;0.35;-0.43;0.28;0.21;0.28
9758.0;-3.28;2.1;8.92;-0.38;0.35;-0.43;0.35;-0.07;0.35
9759.0;-3.32;2.01;8.96;-0.38;0.35;-0.43;0.28;0.28;0.28
9760.0;-3.31;2.04;8.94;-0.38;0.35;-0.43;0.98;0.35;0.98
9761.0;-3.25;2.07;8.97;-0.37;0.35;-0.43;0.56;0.21;0.56
9762.0;-3.24;2.05;8.95;-0.37;0.35;-0.43;0.28;-0.28;0.28
9763.0;-3.27;2.12;8.89;-0.38;0.35;-0.42;1.12;0.7;1.12
9764.0;-3.25;2.09;8.96;-0.38;0.35;-0.42;0.28;0.35;0.28
9765.0;-3.24;2.1;8.87;-0.37;0.33;-0.44;0.49;0.28;0.49
9766.0;-3.4;2.08;8.93;-0.37;0.33;-0.44;0.42;0.0;0.42
9767.0;-3.38;2.05;9.02;-0.37;0.33;-0.44;0.07;0.21;0.07
9768.0;-3.29;2.05;8.97;-0.38;0.35;-0.44;0.49;0.56;0.49
9769.0;-3.33;2.05;8.96;-0.38;0.35;-0.44;0.28;0.35;0.28
9770.0;-3.31;2.0;8.9;-0.38;0.35;-0.44;0.56;0.28;0.56
9771.0;-3.27;2.07;8.92;-0.37;0.34;-0.44;0.42;0.28;0.42
9772.0;-3.25;2.15;9.09;-0.37;0.34;-0.44;0.07;0.42;0.07
9773.0;-3.32;2.02;8.93;-0.37;0.35;-0.44;0.49;0.42;0.49
9774.0;-3.19;2.08;8.98;-0.37;0.35;-0.44;0.42;0.35;0.42
9775.0;-3.29;2.07;8.97;-0.37;0.35;-0.44;0.21;0.42;0.21
9776.0;-3.34;2.04;8.94;-0.37;0.35;-0.43;0.28;0.21;0.28
9777.0;-3.31;2.07;9.02;-0.37;0.35;-0.43;0.42;0.63;0.42
9778.0;-3.27;2.05;8.92;-0.37;0.35;-0.44;0.42;0.21;0.42
9779.0;-3.32;2.13;8.98;-0.37;0.35;-0.44;0.49;0.28;0.49
9780.0;-3.39;2.1;9.0;-0.37;0.35;-0.44;0.7;0.28;0.7
9781.0;-3.27;2.08;9.02;-0.38;0.35;-0.44;0.14;-0.14;0.14
9782.0;-3.37;2.06;8.95;-0.38;0.35;-0.44;0.63;0.35;0.63
9783.0;-3.32;2.02;8.94;-0.38;0.35;-0.43;0.28;0.49;0.28
9784.0;-3.29;2.12;8.99;-0.38;0.35;-0.43;0.28;0.14;0.28
9785.0;-3.27;2.05;9.03;-0.38;0.35;-0.43;0.63;0.21;0.63
9786.0;-3.35;2.08;9.0;-0.38;0.34;-0.45;-0.07;-0.07;-0.07
9787.0;-3.32;2.08;8.97;-0.38;0.34;-0.45;-0.07;0.0;-0.07
9788.0;-3.32;2.11;8.99;-0.38;0.34;-0.45;0.63;0.28;0.63
9789.0;-3.22;2.12;8.9;-0.37;0.34;-0.44;0.28;0.14;0.28
9790.0;-3.3;2.06;9.04;-0.37;0.34;-0.44;0.56;0.56;0.56
9791.0;-3.27;2.12;8.93;-0.37;0.34;-0.44;0.21;-0.14;0.21
9792.0;-3.27;2.07;9.07;-0.38;0.35;-0.44;0.77;0.42;0.77
9793.0;-3.38;2.05;9.02;-0.38;0.35;-0.44;0.63;0.07;0.63
9794.0;-3.36;1.98;8.98;-0.38;0.35;-0.44;0.56;0.56;0.56
9795.0;-3.3;2.11;9.02;-0.38;0.35;-0.44;0.28;0.63;0.28
9796.0;-3.32;2.07;8.96;-0.38;0.35;-0.44;0.14;0.14;0.14
9797.0;-3.27;2.05;9.09;-0.38;0.35;-0.44;0.28;-0.35;0.28
9798.0;-3.4;2.03;8.98;-0.38;0.35;-0.44;0.21;0.07;0.21
9799.0;-3.24;2.08;8.94;-0.38;0.35;-0.44;0.7;1.05;0.7
9800.0;-3.27;2.05;8.91;-0.37;0.35;-0.45;0.42;-0.14;0.42
9801.0;-3.25;2.05;8.99;-0.37;0.35;-0.45;0.0;-0.07;0.0
9802.0;-3.28;2.03;9.01;-0.37;0.35;-0.45;0.14;0.28;0.14
9803.0;-3.25;2.02;9.01;-0.38;0.35;-0.43;0.56;0.35;0.56
9804.0;-3.27;2.11;9.05;-0.38;0.35;-0.43;0.07;0.07;0.07
9805.0;-3.34;2.07;9.04;-0.38;0.35;-0.44;0.28;0.28;0.28
9806.0;-3.36;2.07;9.03;-0.38;0.35;-0.44;0.21;0.14;0.21
9807.0;-3.25;2.11;8.94;-0.38;0.35;-0.44;0.77;0.28;0.77
9808.0;-3.28;2.06;8.88;-0.37;0.35;-0.44;0.28;-0.07;0.28
9809.0;-3.31;2.15;8.87;-0.37;0.35;-0.44;0.14;0.56;0.14
9810.0;-3.33;2.01;8.97;-0.37;0.35;-0.44;0.42;0.07;0.42
9811.0;-3.28;2.08;8.89;-0.37;0.35;-0.45;0.28;-0.21;0.28
9812.0;-3.27;2.07;9.02;-0.37;0.35;-0.45;0.7;0.21;0.7
9813.0;-3.35;2.02;9.1;-0.37;0.35;-0.45;0.0;0.35;0.0
9814.0;-3.24;2.07;8.95;-0.37;0.34;-0.44;0.21;-0.07;0.21
9815.0;-3.32;2.08;8.94;-0.37;0.34;-0.44;0.14;0.0;0.14
9816.0;-3.32;2.02;9.03;-0.37;0.34;-0.44;0.14;-0.07;0.14
9817.0;-3.4;2.06;8.9;-0.37;0.33;-0.44;0.56;0.07;0.56
9818.0;-3.21;2.07;8.99;-0.37;0.33;-0.44;0.77;0.56;0.77
9819.0;-3.35;1.99;8.97;-0.37;0.33;-0.43;-0.28;-0.07;-0.28
9820.0;-3.27;2.1;8.99;-0.37;0.34;-0.43;0.28;0.21;0.28
9821.0;-3.27;2.2;8.97;-0.37;0.34;-0.43;0.49;0.14;0.49
9822.0;-3.32;2.05;9.02;-0.36;0.34;-0.44;0.07;0.21;0.07
9823.0;-3.26;1.95;8.87;-0.36;0.34;-0.44;0.42;0.7;0.42
9824.0;-3.28;2.02;8.98;-0.36;0.34;-0.44;0.77;0.07;0.77
9825.0;-3.27;2.11;9.01;-0.36;0.35;-0.43;0.42;-0.14;0.42
9826.0;-3.25;2.01;8.98;-0.36;0.35;-0.43;-0.21;-0.21;-0.21
9827.0;-3.32;2.12;8.99;-0.37;0.35;-0.44;0.91;17.64;0.91
9828.0;-3.3;1.95;8.95;-0.37;0.35;-0.44;0.63;0.56;0.63
9829.0;-3.27;2.01;8.95;-0.37;0.35;-0.44;0.42;0.07;0.42
9830.0;-3.43;2.06;8.94;-0.37;0.35;-0.44;-0.35;-0.56;-0.35
9831.0;-3.23;1.98;9.04;-0.37;0.35;-0.44;0.35;0.7;0.35
9832.0;-3.32;1.97;8.88;-0.36;0.34;-0.43;0.56;0.49;0.56
9833.0;-3.29;2.15;8.89;-0.36;0.34;-0.43;0.42;-0.35;0.42
9834.0;-3.34;2.03;8.94;-0.36;0.34;-0.43;0.28;0.49;0.28
9835.0;-3.34;2.07;8.98;-0.37;0.34;-0.46;0.14;-0.14;0.14
9836.0;-3.35;2.12;8.99;-0.37;0.34;-0.46;0.56;-0.07;0.56
9837.0;-3.29;2.05;8.99;-0.37;0.35;-0.43;0.35;0.56;0.35
9838.0;-3.27;2.06;9.0;-0.37;0.35;-0.43;0.77;0.14;0.77
9839.0;-3.33;2.06;8.94;-0.37;0.35;-0.43;0.42;0.35;0.42
9840.0;-3.23;2.05;8.91;-0.37;0.34;-0.44;0.63;0.49;0.63
9841.0;-3.32;2.05;8.89;-0.37;0.34;-0.44;0.21;0.35;0.21
9842.0;-3.33;2.03;8.94;-0.37;0.34;-0.45;0.35;0.14;0.35
9843.0;-3.37;2.1;8.94;-0.37;0.34;-0.45;0.77;0.56;0.77
9844.0;-3.37;2.0;8.95;-0.37;0.34;-0.45;0.98;0.42;0.98
9845.0;-3.34;2.0;9.05;-0.38;0.35;-0.44;0.21;-0.42;0.21
9846.0;-3.31;2.0;8.97;-0.38;0.35;-0.44;0.49;0.21;0.49
9847.0;-3.36;2.1;8.94;-0.38;0.35;-0.44;0.84;1.33;0.84
9848.0;-3.25;1.92;8.87;-0.37;0.35;-0.44;0.98;1.33;0.98
9849.0;-3.26;2.03;9.08;-0.37;0.35;-0.44;0.84;-1.61;0.84
9850.0;-3.34;2.19;9.06;-0.37;0.35;-0.44;-0.21;1.4;-0.21
9851.0;-3.14;2.02;8.84;-0.37;0.34;-0.44;1.4;3.36;1.4
9852.0;-3.21;2.06;8.91;-0.37;0.34;-0.44;2.1;-2.24;2.1
9853.0;-3.35;2.1;9.14;-0.37;0.34;-0.44;-1.61;-2.17;-1.61
9854.0;-3.45;2.08;8.87;-0.37;0.34;-0.44;-0.91;2.8;-0.91
9855.0;-3.21;2.12;8.97;-0.37;0.34;-0.44;3.5;2.38;3.5
9856.0;-3.24;2.04;9.08;-0.37;0.34;-0.46;0.49;-1.96;0.49
9857.0;-3.22;2.1;8.84;-0.37;0.34;-0.46;-1.68;-0.42;-1.68
9858.0;-3.23;2.15;8.81;-0.37;0.34;-0.46;0.14;0.28;0.14
9859.0;-3.33;2.05;8.87;-0.37;0.35;-0.45;1.89;0.63;1.89
9860.0;-3.29;2.07;9.16;-0.37;0.35;-0.45;0.14;1.75;0.14
9861.0;-3.27;2.07;8.86;-0.38;0.35;-0.44;-0.28;-0.91;-0.28
9862.0;-3.47;2.02;8.87;-0.38;0.35;-0.44;0.7;-2.03;0.7
9863.0;-3.39;2.18;9.04;-0.38;0.35;-0.44;0.91;1.26;0.91
9864.0;-3.2;2.07;8.89;-0.37;0.34;-0.45;0.56;1.75;0.56
9865.0;-3.19;2.05;8.97;-0.37;0.34;-0.45;0.56;-0.56;0.56
9866.0;-3.32;1.95;9.09;-0.37;0.34;-0.44;1.05;-0.07;1.05
9867.0;-3.3;2.15;9.01;-0.37;0.34;-0.44;-0.35;-0.21;-0.35
9868.0;-3.34;2.12;8.84;-0.37;0.34;-0.44;1.47;1.96;1.47
9869.0;-3.25;2.02;9.01;-0.38;0.35;-0.43;0.42;-0.42;0.42
9870.0;-3.2;2.04;8.94;-0.38;0.35;-0.43;-1.33;-1.19;-1.33
9871.0;-3.35;2.07;8.88;-0.37;0.34;-0.44;1.05;1.61;1.05
9872.0;-3.29;2.03;8.97;-0.37;0.34;-0.44;1.82;2.31;1.82
9873.0;-3.27;2.02;8.95;-0.37;0.34;-0.44;-0.21;-1.12;-0.21
9874.0;-3.32;2.09;8.91;-0.36;0.35;-0.45;-0.49;-1.68;-0.49
9875.0;-3.32;2.05;8.94;-0.36;0.35;-0.45;1.26;1.12;1.26
9876.0;-3.45;2.05;8.97;-0.36;0.35;-0.45;0.7;1.89;0.7
9877.0;-3.29;2.05;8.92;-0.37;0.34;-0.44;-0.35;-0.91;-0.35
9878.0;-3.26;2.1;8.94;-0.37;0.34;-0.44;17.78;-1.68;17.78
9879.0;-3.4;1.96;9.04;-0.37;0.34;-0.44;0.49;0.56;0.49
9880.0;-3.25;2.09;9.02;-0.37;0.34;-0.44;0.77;1.33;0.77
9881.0;-3.17;2.03;9.0;-0.37;0.34;-0.44;0.56;-0.49;0.56
9882.0;-3.31;2.04;8.99;-0.36;0.35;-0.45;-0.07;-0.63;-0.07
9883.0;-3.32;1.97;8.96;-0.36;0.35;-0.45;-0.07;0.49;-0.07
9884.0;-3.27;2.02;8.99;-0.37;0.36;-0.44;1.19;0.49;1.19
9885.0;-3.33;2.06;8.93;-0.37;0.36;-0.44;0.91;0.56;0.91
9886.0;-3.25;1.97;8.88;-0.37;0.36;-0.44;-0.14;-0.35;-0.14
9887.0;-3.3;2.1;8.94;-0.37;0.35;-0.44;0.07;-0.07;0.07
9888.0;-3.25;2.12;8.96;-0.37;0.35;-0.44;1.12;0.7;1.12
9889.0;-3.28;2.09;9.0;-0.37;0.35;-0.44;0.91;0.98;0.91
9890.0;-3.22;2.02;8.97;-0.37;0.35;-0.44;0.14;-0.07;0.14
9891.0;-3.35;2.03;8.93;-0.37;0.35;-0.44;0.42;-1.05;0.42
9892.0;-3.34;2.09;9.0;-0.37;0.35;-0.43;0.84;1.61;0.84
9893.0;-3.28;1.98;8.97;-0.37;0.35;-0.43;1.26;1.26;1.26
9894.0;-3.2;2.06;9.02;-0.37;0.35;-0.43;0.28;-0.56;0.28
9895.0;-3.32;2.0;8.95;-0.37;0.34;-0.43;0.07;-1.05;0.07
9896.0;-3.24;2.09;9.0;-0.37;0.34;-0.43;0.91;1.68;0.91
9897.0;-3.26;2.06;8.91;-0.37;0.34;-0.43;1.19;1.54;1.19
9898.0;-3.24;2.02;8.94;-0.38;0.35;-0.44;0.63;-0.63;0.63
9899.0;-3.31;2.08;8.99;-0.38;0.35;-0.44;-0.49;-1.05;-0.49
9900.0;-3.38;2.02;8.87;-0.37;0.35;-0.44;0.84;0.77;0.84
9901.0;-3.32;2.05;8.96;-0.37;0.35;-0.44;1.26;1.12;1.26
9902.0;-3.25;2.03;8.98;-0.37;0.34;-0.44;-0.14;-0.42;-0.14
9903.0;-3.35;2.0;8.96;-0.37;0.34;-0.44;-0.07;-0.28;-0.07
9904.0;-3.35;2.07;9.0;-0.37;0.34;-0.44;1.12;0.35;1.12
9905.0;-3.34;2.0;8.97;-0.36;0.34;-0.44;0.91;1.12;0.91
9906.0;-3.22;2.02;8.97;-0.36;0.34;-0.44;0.28;-0.49;0.28
9907.0;-3.24;2.05;8.96;-0.36;0.34;-0.44;0.21;-0.98;0.21
9908.0;-3.28;2.0;8.96;-0.38;0.34;-0.44;0.56;1.26;0.56
9909.0;-3.24;2.11;8.99;-0.38;0.34;-0.44;0.49;0.84;0.49
9910.0;-3.22;2.08;8.94;-0.36;0.36;-0.44;0.7;-0.49;0.7
9911.0;-3.3;2.08;9.03;-0.36;0.36;-0.44;-0.07;-0.84;-0.07
9912.0;-3.34;2.16;8.84;-0.37;0.35;-0.44;0.35;0.35;0.35
9913.0;-3.29;2.07;8.94;-0.37;0.35;-0.44;1.33;1.12;1.33
9914.0;-3.18;2.09;9.1;-0.37;0.35;-0.44;0.14;-0.35;0.14
9915.0;-3.3;2.09;8.96;-0.37;0.35;-0.44;-0.21;-0.63;-0.21
9916.0;-3.32;2.05;9.0;-0.37;0.35;-0.44;0.49;0.35;0.49
9917.0;-3.29;2.07;9.01;-0.37;0.35;-0.44;0.84;1.33;0.84
9918.0;-3.22;2.1;8.93;-0.37;0.34;-0.44;0.0;0.63;0.0
9919.0;-3.36;2.0;8.82;-0.37;0.34;-0.44;0.14;-1.05;0.14
9920.0;-3.27;2.04;9.02;-0.37;0.34;-0.45;0.21;0.49;0.21
9921.0;-3.28;1.98;9.04;-0.37;0.34;-0.45;0.91;0.63;0.91
9922.0;-3.19;2.08;8.98;-0.37;0.34;-0.45;0.35;0.28;0.35
9923.0;-3.33;2.08;9.04;-0.37;0.35;-0.44;0.28;-0.42;0.28
9925.0;-3.29;2.04;8.92;-0.37;0.35;-0.43;1.12;0.07;1.12
9926.0;-3.29;2.11;9.04;-0.37;0.35;-0.43;0.28;-0.21;0.28
9927.0;-3.29;2.09;8.94;-0.37;0.35;-0.43;0.56;0.21;0.56
9928.0;-3.33;2.07;8.93;-0.37;0.35;-0.44;0.21;0.07;0.21
9929.0;-3.29;2.1;8.95;-0.37;0.35;-0.44;0.42;0.35;0.42
9930.0;-3.24;2.06;8.96;-0.37;0.35;-0.44;0.42;0.42;0.42
9931.0;-3.4;2.05;8.86;-0.37;0.35;-0.43;0.21;0.28;0.21
9932.0;-3.33;2.08;8.89;-0.37;0.35;-0.43;0.7;-0.21;0.7
9933.0;-3.3;2.05;9.01;-0.36;0.35;-0.44;0.91;0.84;0.91
9934.0;-3.29;2.06;8.97;-0.36;0.35;-0.44;0.28;0.35;0.28
9935.0;-3.29;2.12;8.97;-0.36;0.35;-0.44;0.35;-0.35;0.35
9936.0;-3.32;2.02;8.91;-0.38;0.34;-0.44;0.14;-0.14;0.14
9937.0;-3.27;2.02;9.08;-0.38;0.34;-0.44;0.42;0.77;0.42
9938.0;-3.28;2.07;8.99;-0.36;0.35;-0.43;0.84;0.28;0.84
9939.0;-3.3;2.12;9.0;-0.36;0.35;-0.43;0.21;-0.07;0.21
9940.0;-3.31;2.04;8.99;-0.36;0.35;-0.43;0.49;0.07;0.49
9941.0;-3.32;2.05;8.9;-0.37;0.35;-0.42;0.84;0.7;0.84
9942.0;-3.27;2.02;8.92;-0.37;0.35;-0.42;0.35;0.56;0.35
9943.0;-3.27;2.07;9.0;-0.37;0.35;-0.42;0.14;-0.35;0.14
9944.0;-3.31;2.0;9.0;-0.37;0.35;-0.42;-0.14;-0.7;-0.14
9945.0;-3.31;2.1;8.95;-0.37;0.35;-0.42;0.56;0.91;0.56
9946.0;-3.29;2.07;8.97;-0.36;0.35;-0.43;1.05;0.28;1.05
9947.0;-3.3;2.07;8.9;-0.36;0.35;-0.43;0.98;0.21;0.98
9948.0;-3.25;2.01;8.98;-0.36;0.35;-0.43;0.28;-0.35;0.28
9949.0;-3.28;2.09;8.93;-0.38;0.35;-0.43;0.28;0.14;0.28
9950.0;-3.39;2.02;8.91;-0.38;0.35;-0.43;0.49;0.77;0.49
9951.0;-3.32;2.1;8.94;-0.38;0.35;-0.43;1.19;0.91;1.19
9952.0;-3.25;2.13;8.96;-0.38;0.35;-0.43;0.49;0.0;0.49
9953.0;-3.22;2.03;9.0;-0.37;0.35;-0.43;0.07;-0.7;0.07
9954.0;-3.26;2.1;8.97;-0.37;0.35;-0.43;0.28;0.14;0.28
9955.0;-3.27;2.01;8.97;-0.37;0.34;-0.45;0.77;0.77;0.77
9956.0;-3.18;2.03;8.94;-0.37;0.34;-0.45;0.56;0.0;0.56
9957.0;-3.23;2.05;9.0;-0.37;0.34;-0.45;0.21;0.28;0.21
9958.0;-3.24;2.1;8.85;-0.37;0.35;-0.44;0.35;-0.07;0.35
9959.0;-3.24;2.02;8.96;-0.37;0.35;-0.44;1.05;0.49;1.05
9960.0;-3.29;2.02;9.02;-0.37;0.35;-0.44;0.28;0.28;0.28
9961.0;-3.35;2.08;8.93;-0.37;0.35;-0.44;-0.14;0.49;-0.14
9962.0;-3.31;2.1;8.97;-0.37;0.35;-0.44;0.91;0.21;0.91
9963.0;-3.29;2.1;8.97;-0.37;0.35;-0.44;0.42;-0.07;0.42
9964.0;-3.27;2.03;8.94;-0.37;0.35;-0.44;0.21;0.56;0.21
9965.0;-3.22;1.97;8.92;-0.37;0.35;-0.44;0.21;-0.21;0.21
9966.0;-3.33;2.07;8.97;-0.37;0.35;-0.45;0.28;-0.42;0.28
9967.0;-3.32;2.05;8.97;-0.37;0.35;-0.45;0.42;0.91;0.42
9968.0;-3.26;2.14;8.86;-0.36;0.35;-0.43;0.7;0.42;0.7
9969.0;-3.28;2.12;8.94;-0.36;0.35;-0.43;0.07;-0.63;0.07
9970.0;-3.33;2.1;9.0;-0.36;0.35;-0.43;0.35;-0.07;0.35
9971.0;-3.3;2.08;8.9;-0.37;0.35;-0.44;0.56;1.19;0.56
9972.0;-3.38;2.03;8.92;-0.37;0.35;-0.44;1.19;0.28;1.19
9973.0;-3.26;2.12;8.96;-0.37;0.34;-0.42;0.0;-0.7;0.0
9974.0;-3.22;2.22;8.92;-0.37;0.34;-0.42;0.28;0.35;0.28
9975.0;-3.27;2.08;9.02;-0.37;0.34;-0.42;1.12;0.42;1.12
9976.0;-3.31;2.11;8.96;-0.37;0.34;-0.44;0.35;-0.49;0.35
9977.0;-3.31;2.12;8.89;-0.37;0.34;-0.44;-0.63;-0.21;-0.63
9978.0;-3.32;2.04;8.89;-0.37;0.34;-0.44;1.12;1.19;1.12
9979.0;-3.35;1.97;8.99;-0.37;0.34;-0.43;0.91;-0.35;0.91
9980.0;-3.36;2.08;9.15;-0.37;0.34;-0.43;0.0;-0.21;0.0
9981.0;-3.32;2.08;8.95;-0.37;0.35;-0.43;0.84;0.84;0.84
9982.0;-3.19;2.03;8.99;-0.37;0.35;-0.43;0.56;-0.07;0.56
9983.0;-3.31;2.05;8.95;-0.37;0.35;-0.43;0.35;0.0;0.35
9984.0;-3.29;2.02;8.92;-0.37;0.35;-0.44;0.56;0.63;0.56
9985.0;-3.27;2.04;8.94;-0.37;0.35;-0.44;0.35;0.42;0.35
9986.0;-3.35;2.08;8.98;-0.37;0.35;-0.45;0.21;0.42;0.21
9987.0;-3.29;2.05;8.97;-0.37;0.35;-0.45;0.77;0.21;0.77
9988.0;-3.24;2.1;8.96;-0.37;0.35;-0.45;0.91;-0.14;0.91
9989.0;-3.3;2.12;8.89;-0.37;0.35;-0.44;0.14;-0.07;0.14
9990.0;-3.29;2.08;8.99;-0.37;0.35;-0.44;0.63;0.35;0.63
9991.0;-3.2;2.17;8.92;-0.37;0.35;-0.44;0.49;0.14;0.49
9992.0;-3.35;2.02;8.94;-0.37;0.35;-0.43;0.84;0.21;0.84
9993.0;-3.31;2.06;8.9;-0.37;0.35;-0.43;0.14;0.0;0.14
9994.0;-3.17;2.05;8.84;-0.37;0.35;-0.43;0.49;0.28;0.49
9995.0;-3.28;2.08;8.96;-0.37;0.35;-0.43;0.98;-0.14;0.98
9996.0;-3.35;2.04;8.93;-0.37;0.35;-0.43;0.63;0.35;0.63
9997.0;-3.33;2.0;8.91;-0.37;0.35;-0.43;0.35;0.7;0.35
9998.0;-3.29;2.12;8.98;-0.36;0.34;-0.44;0.7;-0.21;0.7
9999.0;-3.33;2.11;8.99;-0.36;0.34;-0.44;0.56;0.28;0.56
10000.0;-3.28;2.1;8.92;-0.37;0.35;-0.44;0.56;0.7;0.56
10001.0;-3.27;2.12;8.94;-0.37;0.35;-0.44;0.35;0.21;0.35
10002.0;-3.25;2.07;8.98;-0.37;0.34;-0.45;0.28;-0.77;0.28
10003.0;-3.32;2.07;8.97;-0.37;0.34;-0.45;0.14;0.56;0.14
10004.0;-3.26;2.13;8.96;-0.37;0.34;-0.45;0.35;0.77;0.35
10005.0;-3.24;2.03;8.9;-0.37;0.35;-0.45;1.26;-0.42;1.26
10006.0;-3.27;2.12;9.03;-0.37;0.35;-0.45;-0.21;0.07;-0.21
10007.0;-3.29;2.14;8.92;-0.36;0.35;-0.44;0.56;0.28;0.56
10008.0;-3.25;2.07;8.93;-0.36;0.35;-0.44;1.19;0.14;1.19
10009.0;-3.29;2.1;9.05;-0.36;0.35;-0.44;-0.14;0.28;-0.14
10010.0;-3.32;2.0;9.01;-0.36;0.36;-0.44;0.49;0.49;0.49
10011.0;-3.29;2.04;9.02;-0.36;0.36;-0.44;0.21;0.0;0.21
10012.0;-3.35;2.12;8.99;-0.36;0.36;-0.44;0.91;0.77;0.91
10013.0;-3.27;2.03;8.97;-0.37;0.35;-0.45;0.28;0.35;0.28
10014.0;-3.35;1.95;8.99;-0.37;0.35;-0.45;0.49;0.0;0.49
10015.0;-3.32;2.07;9.08;-0.37;0.34;-0.45;0.84;0.56;0.84
10016.0;-3.42;2.13;8.9;-0.37;0.34;-0.45;0.0;0.63;0.0
10017.0;-3.35;2.06;8.87;-0.37;0.34;-0.45;0.42;0.07;0.42
10018.0;-3.31;2.1;8.89;-0.37;0.36;-0.44;0.49;0.0;0.49
10019.0;-3.29;2.12;8.96;-0.37;0.36;-0.44;0.21;0.49;0.21
10020.0;-3.23;2.08;8.96;-0.37;0.35;-0.45;1.12;0.35;1.12
10021.0;-3.35;2.02;8.98;-0.37;0.35;-0.45;0.49;0.0;0.49
10022.0;-3.24;2.07;9.01;-0.37;0.35;-0.45;0.07;0.0;0.07
10023.0;-3.3;2.03;8.94;-0.37;0.35;-0.45;0.35;0.42;0.35
10024.0;-3.35;2.02;8.93;-0.37;0.35;-0.45;1.19;0.35;1.19
10025.0;-3.37;2.0;8.99;-0.37;0.35;-0.45;0.56;0.14;0.56
10026.0;-3.37;2.0;8.94;-0.36;0.35;-0.44;-0.14;0.49;-0.14
10027.0;-3.36;2.11;9.06;-0.36;0.35;-0.44;0.21;-0.14;0.21
10028.0;-3.3;2.1;9.02;-0.36;0.35;-0.44;0.49;-0.14;0.49
10029.0;-3.27;2.04;9.01;-0.38;0.35;-0.44;0.56;0.35;0.56
10030.0;-3.27;2.08;8.88;-0.38;0.35;-0.44;0.56;0.28;0.56
10031.0;-3.35;2.08;8.96;-0.36;0.35;-0.43;0.35;0.07;0.35
10032.0;-3.29;2.11;9.0;-0.36;0.35;-0.43;0.28;0.77;0.28
10033.0;-3.24;2.09;8.92;-0.36;0.35;-0.43;0.56;0.77;0.56
10034.0;-3.22;2.03;8.93;-0.37;0.34;-0.45;0.49;-0.21;0.49
10035.0;-3.24;2.18;8.95;-0.37;0.34;-0.45;0.35;-0.28;0.35
10036.0;-3.38;1.97;8.87;-0.37;0.35;-0.44;0.56;1.05;0.56
10037.0;-3.24;2.05;8.92;-0.37;0.35;-0.44;1.26;0.7;1.26
10038.0;-3.26;2.13;8.88;-0.37;0.35;-0.44;0.07;-0.35;0.07
10039.0;-3.36;2.04;8.99;-0.37;0.35;-0.44;0.28;0.28;0.28
10040.0;-3.24;2.17;8.91;-0.37;0.35;-0.44;0.84;0.63;0.84
10041.0;-3.24;2.06;8.98;-0.37;0.35;-0.43;0.42;-0.63;0.42
10042.0;-3.31;2.1;8.9;-0.37;0.35;-0.43;-0.28;0.0;-0.28
10043.0;-3.32;2.08;8.97;-0.37;0.35;-0.43;0.42;0.21;0.42
10044.0;-3.3;2.05;8.99;-0.36;0.35;-0.45;0.7;1.26;0.7
10045.0;-3.23;2.02;9.02;-0.36;0.35;-0.45;0.07;0.56;0.07
10046.0;-3.29;2.05;8.95;-0.36;0.35;-0.42;0.14;-0.21;0.14
10047.0;-3.33;2.09;8.97;-0.36;0.35;-0.42;0.56;0.28;0.56
10048.0;-3.32;2.11;8.92;-0.36;0.35;-0.42;0.35;0.63;0.35
10049.0;-3.25;1.99;8.99;-0.37;0.35;-0.42;1.26;0.7;1.26
10050.0;-3.26;2.09;8.91;-0.37;0.35;-0.42;0.49;-0.91;0.49
10051.0;-3.35;2.09;8.96;-0.37;0.35;-0.42;0.21;0.49;0.21
10052.0;-3.21;2.1;8.92;-0.37;0.36;-0.43;0.98;1.19;0.98
10053.0;-3.21;2.12;8.92;-0.37;0.36;-0.43;1.05;1.89;1.05
10054.0;-3.37;1.9;8.94;-0.38;0.34;-0.44;0.35;-3.22;0.35
10055.0;-3.54;2.05;9.11;-0.38;0.34;-0.44;-1.19;-3.64;-1.19
10056.0;-3.44;2.16;8.88;-0.38;0.34;-0.44;-0.42;7.56;-0.42
10057.0;-3.11;2.02;8.69;-0.37;0.35;-0.44;4.13;8.12;4.13
10058.0;-3.08;2.05;9.04;-0.37;0.35;-0.44;1.33;-5.95;1.33
10059.0;-3.36;2.06;9.25;-0.37;0.35;-0.44;-3.15;-7.0;-3.15
10060.0;-3.27;2.14;8.82;-0.37;0.34;-0.44;-1.96;3.57;-1.96
10061.0;-3.23;1.99;8.68;-0.37;0.34;-0.44;4.55;6.02;4.55
10062.0;-3.29;1.94;9.1;-0.37;0.34;-0.44;1.82;-4.76;1.82
10063.0;-3.42;2.14;9.25;-0.37;0.34;-0.43;-2.87;-1.26;-2.87
10064.0;-3.16;2.12;8.79;-0.37;0.34;-0.43;0.7;6.58;0.7
10065.0;-3.22;2.0;8.8;-0.37;0.34;-0.44;3.22;-2.1;3.22
10066.0;-3.42;2.07;9.3;-0.37;0.34;-0.44;-0.91;-3.57;-0.91
10067.0;-3.35;2.18;8.97;-0.37;0.34;-0.44;-1.61;3.78;-1.61
10068.0;-3.26;2.05;8.66;-0.37;0.35;-0.44;2.38;2.17;2.38
10069.0;-3.27;1.95;9.12;-0.37;0.35;-0.44;1.68;-1.54;1.68
10070.0;-3.25;2.08;9.11;-0.37;0.35;-0.44;-1.47;1.26;-1.47
10071.0;-3.25;2.12;8.82;-0.37;0.35;-0.42;0.98;0.0;0.98
10072.0;-3.37;2.07;9.07;-0.37;0.35;-0.42;0.63;-2.24;0.63
10073.0;-3.35;2.12;8.98;-0.37;0.35;-0.44;-0.7;3.99;-0.7
10074.0;-3.22;2.1;8.92;-0.37;0.35;-0.44;2.1;2.1;2.1
10075.0;-3.37;2.02;9.13;-0.37;0.35;-0.44;1.05;-2.87;1.05
10076.0;-3.4;2.1;8.99;-0.37;0.35;-0.44;-1.4;-1.47;-1.4
10077.0;-3.32;2.12;8.81;-0.37;0.35;-0.44;0.0;2.45;0.0
10078.0;-3.26;2.04;8.93;-0.37;0.35;-0.44;2.8;2.17;2.8
10079.0;-3.3;1.92;9.03;-0.36;0.34;-0.43;0.7;-0.98;0.7
10080.0;-3.41;2.02;8.99;-0.36;0.34;-0.43;-1.4;-0.77;-1.4
10081.0;-3.34;2.15;8.91;-0.36;0.34;-0.43;-0.77;0.42;-0.77
10082.0;-3.22;2.08;8.95;-0.37;0.35;-0.43;2.24;0.84;2.24
10083.0;-3.41;2.04;9.05;-0.37;0.35;-0.43;0.7;0.56;0.7
10084.0;-3.29;1.97;8.92;-0.37;0.35;-0.44;-1.54;0.0;-1.54
10085.0;-3.36;2.02;8.95;-0.37;0.35;-0.44;1.26;-0.49;1.26
10086.0;-3.31;2.06;9.09;-0.37;0.35;-0.44;1.33;1.19;1.33
10087.0;-3.27;2.13;8.94;-0.37;0.36;-0.44;-0.7;0.63;-0.7
10088.0;-3.27;2.11;8.86;-0.37;0.36;-0.44;1.05;-1.89;1.05
10089.0;-3.43;2.02;9.15;-0.37;0.35;-0.44;0.77;0.14;0.77
10090.0;-3.21;1.97;8.95;-0.37;0.35;-0.44;-0.21;1.82;-0.21
10091.0;-3.27;2.07;8.92;-0.37;0.35;-0.44;1.05;0.35;1.05
10092.0;-3.28;2.05;8.98;-0.37;0.35;-0.43;0.7;-1.12;0.7
10094.0;-3.25;2.03;8.89;-0.37;0.35;-0.43;1.26;0.35;1.26
10095.0;-3.25;2.12;9.0;-0.37;0.35;-0.43;1.33;-0.07;1.33
10096.0;-3.32;2.08;8.95;-0.37;0.35;-0.43;-0.91;0.84;-0.91
10097.0;-3.19;2.1;8.93;-0.37;0.35;-0.46;0.56;-0.84;0.56
10098.0;-3.3;2.05;9.07;-0.37;0.35;-0.46;1.26;0.42;1.26
10099.0;-3.28;2.07;8.94;-0.37;0.35;-0.44;0.35;1.4;0.35
10100.0;-3.19;2.11;8.97;-0.37;0.35;-0.44;0.14;-0.56;0.14
10101.0;-3.32;2.12;8.96;-0.37;0.35;-0.44;0.84;-1.19;0.84
10102.0;-3.37;2.02;8.96;-0.36;0.35;-0.44;0.7;0.21;0.7
10103.0;-3.3;2.08;8.94;-0.36;0.35;-0.44;0.63;2.1;0.63
10104.0;-3.22;2.07;8.98;-0.36;0.35;-0.44;0.35;-1.26;0.35
10105.0;-3.4;2.02;9.1;-0.36;0.35;-0.43;0.14;-0.28;0.14
10106.0;-3.31;2.06;8.82;-0.36;0.35;-0.43;0.42;1.33;0.42
10107.0;-3.29;2.07;9.02;-0.37;0.36;-0.45;1.26;0.0;1.26
10108.0;-3.35;2.03;9.06;-0.37;0.36;-0.45;0.49;-0.63;0.49
10109.0;-3.27;2.15;9.03;-0.37;0.36;-0.45;-0.21;0.56;-0.21
10110.0;-3.26;1.99;8.9;-0.37;0.35;-0.44;0.35;0.14;0.35
10111.0;-3.3;2.05;9.02;-0.37;0.35;-0.44;1.05;0.84;1.05
10112.0;-3.29;2.03;9.04;-0.37;0.35;-0.44;0.35;0.91;0.35
10113.0;-3.29;2.09;8.88;-0.36;0.35;-0.45;-0.35;-0.7;-0.35
10114.0;-3.33;2.1;8.92;-0.36;0.35;-0.45;0.63;-0.42;0.63
10115.0;-3.3;2.04;8.99;-0.37;0.34;-0.44;0.63;1.19;0.63
10116.0;-3.29;2.05;8.99;-0.37;0.34;-0.44;0.35;1.4;0.35
10117.0;-3.31;1.97;8.96;-0.37;0.34;-0.44;0.14;-0.77;0.14
10118.0;-3.32;2.07;9.01;-0.37;0.35;-0.45;0.42;-0.7;0.42
10119.0;-3.29;2.08;8.97;-0.37;0.35;-0.45;0.7;0.98;0.7
10120.0;-3.21;2.0;8.97;-0.37;0.35;-0.43;1.12;0.28;1.12
10121.0;-3.24;2.13;9.0;-0.37;0.35;-0.43;0.49;-0.14;0.49
10122.0;-3.24;2.15;9.05;-0.37;0.35;-0.43;-0.07;0.07;-0.07
10123.0;-3.31;2.05;9.05;-0.37;0.36;-0.44;1.12;0.84;1.12
10124.0;-3.25;2.1;8.94;-0.37;0.36;-0.44;0.98;0.14;0.98
10125.0;-3.4;2.09;8.94;-0.37;0.36;-0.44;0.35;0.56;0.35
10126.0;-3.26;2.12;8.98;-0.37;0.35;-0.44;0.56;-0.14;0.56
10127.0;-3.37;1.99;8.94;-0.37;0.35;-0.44;0.56;0.21;0.56
10128.0;-3.3;2.05;9.06;-0.37;0.35;-0.44;0.42;1.12;0.42
10129.0;-3.27;2.05;9.02;-0.37;0.35;-0.44;0.42;-0.28;0.42
10130.0;-3.31;2.03;8.99;-0.37;0.35;-0.44;0.56;-0.35;0.56
10131.0;-3.37;2.03;8.96;-0.37;0.36;-0.44;0.28;0.14;0.28
10132.0;-3.34;2.13;9.04;-0.37;0.36;-0.44;0.35;1.12;0.35
10133.0;-3.22;2.12;8.97;-0.37;0.36;-0.44;0.84;0.98;0.84
10134.0;-3.29;2.01;9.06;-0.37;0.35;-0.44;0.7;-0.49;0.7
10135.0;-3.27;2.08;9.02;-0.37;0.35;-0.44;0.42;-0.49;0.42
10136.0;-3.28;2.07;8.95;-0.37;0.35;-0.44;0.56;0.35;0.56
10137.0;-3.27;2.05;8.94;-0.37;0.35;-0.44;0.84;1.05;0.84
10138.0;-3.24;2.11;8.95;-0.37;0.35;-0.44;0.7;0.35;0.7
10139.0;-3.28;2.07;8.94;-0.37;0.35;-0.44;0.07;0.21;0.07
10140.0;-3.32;2.09;8.92;-0.37;0.35;-0.43;0.91;0.35;0.91
10141.0;-3.28;2.02;9.04;-0.37;0.35;-0.43;1.12;1.05;1.12
10142.0;-3.35;2.07;8.96;-0.36;0.34;-0.44;0.0;0.35;0.0
10144.0;-3.29;2.12;8.98;-0.36;0.34;-0.44;0.56;0.07;0.56
10145.0;-3.37;2.05;8.96;-0.37;0.34;-0.44;0.84;1.12;0.84
10146.0;-3.32;2.12;8.92;-0.37;0.34;-0.44;0.56;-0.07;0.56
10147.0;-3.38;2.0;8.93;-0.37;0.35;-0.44;0.21;0.14;0.21
10148.0;-3.34;2.07;8.96;-0.37;0.35;-0.44;0.49;0.56;0.49
10149.0;-3.27;2.13;9.0;-0.37;0.35;-0.44;0.63;0.35;0.63
10150.0;-3.22;2.05;9.08;-0.37;0.34;-0.44;0.28;-0.56;0.28
10152.0;-3.37;2.06;9.02;-0.37;0.34;-0.44;0.91;0.77;0.91
10153.0;-3.31;2.07;9.04;-0.37;0.34;-0.43;-0.07;0.42;-0.07
10154.0;-3.29;2.01;8.91;-0.37;0.34;-0.43;0.28;2.03;0.28
10155.0;-3.27;2.11;9.01;-0.37;0.35;-0.43;0.49;-0.63;0.49
10156.0;-3.35;2.06;8.88;-0.37;0.35;-0.43;-1.05;-2.8;-1.05
10157.0;-3.42;2.04;8.92;-0.37;0.35;-0.43;0.21;1.54;0.21
10158.0;-3.24;2.02;8.91;-0.38;0.35;-0.43;1.19;1.68;1.19
10159.0;-3.28;2.13;9.01;-0.38;0.35;-0.43;-17.85;-1.68;-17.85
10160.0;-3.31;2.05;8.82;-0.38;0.35;-0.43;-0.14;1.12;-0.14
10161.0;-3.26;2.14;8.95;-0.37;0.35;-0.44;0.14;0.14;0.14
10162.0;-3.32;2.07;9.08;-0.37;0.35;-0.44;1.12;-17.64;1.12
10163.0;-3.3;2.06;9.04;-0.37;0.35;-0.58;0.56;0.56;0.56
10164.0;-3.29;2.11;9.0;-0.37;0.34;-0.45;0.07;0.7;0.07
10165.0;-3.22;2.1;8.94;-0.37;0.34;-0.45;0.84;-0.14;0.84
10166.0;-3.27;2.03;8.99;-0.36;0.34;-0.45;0.21;17.57;0.21
10167.0;-3.24;2.15;8.94;-0.36;0.34;-0.45;0.21;1.05;0.21
10168.0;-3.26;2.06;8.99;-0.36;0.34;-0.45;1.05;-0.35;1.05
10169.0;-3.38;2.08;9.0;-0.37;0.35;-0.44;0.21;0.14;0.21
10170.0;-3.27;2.07;8.89;-0.37;0.35;-0.44;0.28;2.17;0.28
10171.0;-3.17;2.1;8.9;-0.37;0.34;-0.44;1.12;0.84;1.12
10172.0;-3.3;2.08;9.04;-0.37;0.34;-0.44;-0.14;-1.54;-0.14
10173.0;-3.4;2.09;9.02;-0.37;0.34;-0.44;-0.14;-0.63;-0.14
10174.0;-3.33;2.13;8.95;-0.38;0.35;-0.43;0.7;2.31;0.7
10175.0;-3.32;2.04;8.99;-0.38;0.35;-0.43;1.68;0.7;1.68
10176.0;-3.42;2.06;9.03;-0.38;0.35;-0.43;0.14;-1.26;0.14
10177.0;-3.37;2.07;8.94;-0.38;0.35;-0.44;-0.56;0.07;-0.56
10178.0;-3.27;2.02;8.98;-0.38;0.35;-0.44;1.61;0.77;1.61
10179.0;-3.28;2.04;9.01;-0.37;0.35;-0.43;0.56;0.77;0.56
10180.0;-3.26;2.07;8.9;-0.37;0.35;-0.43;-0.42;0.14;-0.42
10181.0;-3.3;2.07;8.88;-0.37;0.35;-0.43;0.56;-0.42;0.56
10182.0;-3.27;2.04;9.09;-0.38;0.35;-0.43;0.7;-0.35;0.7
10183.0;-3.33;2.06;9.0;-0.38;0.35;-0.43;0.14;1.47;0.14
10184.0;-3.22;2.03;8.97;-0.37;0.34;-0.44;0.49;0.49;0.49
10185.0;-3.32;2.02;8.87;-0.37;0.34;-0.44;0.7;-1.05;0.7
10186.0;-3.34;2.01;8.97;-0.37;0.34;-0.44;0.28;0.56;0.28
10187.0;-3.33;2.12;8.87;-0.37;0.34;-0.44;0.63;1.4;0.63
10188.0;-3.25;2.12;9.02;-0.37;0.34;-0.44;1.4;0.35;1.4
10189.0;-3.29;2.06;8.96;-0.37;0.34;-0.44;0.56;-0.98;0.56
10190.0;-3.33;2.13;8.93;-0.37;0.35;-0.45;-0.42;0.56;-0.42
10191.0;-3.29;2.07;8.79;-0.37;0.35;-0.45;0.98;0.77;0.98
10192.0;-3.21;2.05;8.99;-0.37;0.35;-0.44;0.77;0.0;0.77
10193.0;-3.31;1.99;9.01;-0.37;0.35;-0.44;-0.14;0.56;-0.14
10194.0;-3.35;2.08;8.83;-0.37;0.35;-0.44;0.42;0.21;0.42
10195.0;-3.35;2.1;8.97;-0.36;0.34;-0.43;1.12;-0.35;1.12
10196.0;-3.27;2.07;9.04;-0.36;0.34;-0.43;0.49;0.91;0.49
10197.0;-3.3;2.09;8.91;-0.36;0.34;-0.43;0.14;0.49;0.14
10198.0;-3.35;2.06;8.94;-0.37;0.35;-0.44;0.7;-0.35;0.7
10199.0;-3.35;2.05;9.02;-0.37;0.35;-0.44;0.49;0.63;0.49
10201.0;-3.34;2.0;8.97;-0.36;0.35;-0.44;0.42;-0.21;0.42
10202.0;-3.22;2.03;8.94;-0.36;0.35;-0.44;0.7;-0.49;0.7
10203.0;-3.27;2.1;8.97;-0.36;0.35;-0.44;0.07;1.33;0.07
10204.0;-3.27;2.1;8.92;-0.36;0.35;-0.44;0.35;0.84;0.35
10205.0;-3.27;2.08;8.91;-0.36;0.35;-0.44;0.63;0.35;0.63
10206.0;-3.43;2.05;9.06;-0.38;0.35;-0.45;0.14;0.0;0.14
10208.0;-3.29;2.03;8.97;-0.38;0.35;-0.45;0.91;0.56;0.91
10209.0;-3.32;1.97;9.02;-0.37;0.35;-0.45;0.56;0.0;0.56
10210.0;-3.3;2.0;8.99;-0.37;0.35;-0.45;0.21;0.49;0.21
10211.0;-3.27;2.1;8.87;-0.37;0.36;-0.43;0.56;0.0;0.56
10212.0;-3.35;2.06;8.96;-0.37;0.36;-0.43;0.56;0.14;0.56
10213.0;-3.29;2.02;9.04;-0.37;0.36;-0.43;0.14;0.7;0.14
10214.0;-3.19;2.04;8.94;-0.38;0.35;-0.44;0.63;0.14;0.63
10215.0;-3.3;2.07;9.01;-0.38;0.35;-0.44;1.05;0.35;1.05
10216.0;-3.24;2.08;9.02;-0.37;0.34;-0.43;0.42;-0.35;0.42
10217.0;-3.28;2.05;8.99;-0.37;0.34;-0.43;0.0;0.49;0.0
10218.0;-3.26;2.0;8.92;-0.37;0.34;-0.43;1.68;0.21;1.68
10219.0;-3.32;2.09;9.03;-0.38;0.35;-0.44;0.21;-0.07;0.21
10220.0;-3.31;2.04;8.99;-0.38;0.35;-0.44;0.77;0.63;0.77
10221.0;-3.32;2.03;8.93;-0.38;0.35;-0.44;-0.28;-0.91;-0.28
10222.0;-3.3;2.04;8.92;-0.38;0.35;-0.44;0.56;1.12;0.56
10224.0;-3.29;2.1;8.96;-0.38;0.35;-0.44;-0.14;-0.63;-0.14
10225.0;-3.3;2.12;9.0;-0.37;0.35;-0.44;0.7;0.14;0.7
10226.0;-3.32;2.14;8.92;-0.37;0.35;-0.44;0.84;0.77;0.84
10227.0;-3.24;2.02;8.94;-0.37;0.35;-0.44;0.14;-0.35;0.14
10228.0;-3.29;2.06;8.92;-0.37;0.35;-0.44;0.63;0.35;0.63
10229.0;-3.27;2.02;8.99;-0.37;0.35;-0.44;0.42;0.7;0.42
10230.0;-3.27;2.07;8.87;-0.37;0.35;-0.43;0.35;0.35;0.35
10231.0;-3.24;2.1;8.94;-0.37;0.35;-0.43;0.56;0.07;0.56
10232.0;-3.21;2.06;9.02;-0.38;0.35;-0.44;0.63;0.7;0.63
10233.0;-3.3;2.05;9.01;-0.38;0.35;-0.44;0.21;0.0;0.21
10234.0;-3.32;2.1;8.97;-0.38;0.35;-0.44;0.91;0.49;0.91
10235.0;-3.27;2.12;8.95;-0.38;0.35;-0.43;0.84;-0.07;0.84
10236.0;-3.29;2.0;8.96;-0.38;0.35;-0.43;0.14;-0.21;0.14
10237.0;-3.25;2.07;8.99;-0.37;0.35;-0.43;0.49;0.42;0.49
10238.0;-3.28;2.09;8.94;-0.37;0.35;-0.43;0.84;0.49;0.84
10239.0;-3.29;2.07;8.96;-0.37;0.35;-0.43;0.77;0.49;0.77
10240.0;-3.27;2.05;8.97;-0.38;0.35;-0.44;0.21;-0.49;0.21
10241.0;-3.39;2.01;8.97;-0.38;0.35;-0.44;0.07;0.56;0.07
10242.0;-3.25;2.08;8.92;-0.38;0.35;-0.44;1.05;1.19;1.05
10243.0;-3.4;2.09;9.08;-0.38;0.35;-0.44;0.21;-0.35;0.21
10244.0;-3.32;2.07;8.97;-0.38;0.35;-0.44;-0.21;0.0;-0.21
10245.0;-3.37;2.1;8.97;-0.37;0.35;-0.44;0.91;0.7;0.91
10246.0;-3.38;1.97;8.94;-0.37;0.35;-0.44;0.42;0.7;0.42
10247.0;-3.24;2.02;9.04;-0.37;0.35;-0.44;0.35;0.77;0.35
10248.0;-3.29;2.12;8.91;-0.38;0.34;-0.43;0.14;-0.63;0.14
10249.0;-3.32;2.03;8.92;-0.38;0.34;-0.43;0.07;-1.33;0.07
10250.0;-3.29;2.13;8.94;-0.36;0.35;-0.45;0.84;0.21;0.84
10251.0;-3.29;2.05;8.99;-0.36;0.35;-0.45;0.42;1.12;0.42
10252.0;-3.28;2.02;8.96;-0.36;0.35;-0.45;0.07;0.63;0.07
10253.0;-3.26;2.0;8.96;-0.36;0.35;-0.45;0.49;-0.35;0.49
10254.0;-3.22;2.06;8.93;-0.37;0.35;-0.45;-0.14;0.28;-0.14
10255.0;-3.29;2.06;8.84;-0.37;0.35;-0.45;0.91;1.12;0.91
10256.0;-3.26;2.09;8.89;-0.37;0.35;-0.43;0.77;0.77;0.77
10257.0;-3.32;2.02;8.96;-0.37;0.35;-0.43;0.21;-17.85;0.21
10258.0;-3.33;2.07;8.97;-0.37;0.35;-0.44;0.98;0.14;0.98
10259.0;-3.3;2.06;8.98;-0.37;0.35;-0.44;0.63;0.56;0.63
10260.0;-3.21;2.07;8.99;-0.37;0.35;-0.44;0.21;0.35;0.21
10261.0;-3.22;2.1;8.94;-0.36;0.34;-0.43;0.42;-0.28;0.42
10262.0;-3.3;2.06;8.99;-0.36;0.34;-0.43;0.7;0.14;0.7
10263.0;-3.23;2.1;8.92;-0.36;0.34;-0.43;0.28;0.91;0.28
10264.0;-3.21;2.09;8.95;-0.37;0.34;-0.43;0.49;0.84;0.49
10265.0;-3.32;2.07;9.01;-0.37;0.34;-0.43;0.56;-0.42;0.56
10266.0;-3.37;2.07;8.97;-0.38;0.35;-0.44;0.07;0.49;0.07
10267.0;-3.29;1.97;8.82;-0.38;0.35;-0.44;1.12;0.98;1.12
10268.0;-3.23;2.09;9.04;-0.38;0.35;-0.44;0.7;-0.49;0.7
10269.0;-3.3;1.98;9.04;-0.38;0.35;-0.43;-0.07;0.42;-0.07
10271.0;-3.37;2.12;8.94;-0.38;0.34;-0.43;0.7;0.07;0.7
10272.0;-3.29;2.05;9.02;-0.38;0.34;-0.43;0.49;0.07;0.49
10273.0;-3.37;2.05;8.89;-0.38;0.34;-0.43;-0.07;0.35;-0.07
10274.0;-3.37;2.03;8.89;-0.38;0.35;-0.44;0.35;0.35;0.35
10275.0;-3.32;2.03;8.97;-0.38;0.35;-0.44;0.63;0.63;0.63
10276.0;-3.37;2.02;9.04;-0.38;0.35;-0.44;0.42;0.98;0.42
10277.0;-3.34;2.1;8.93;-0.38;0.35;-0.44;0.0;-0.7;0.0
10278.0;-3.37;2.02;8.92;-0.38;0.35;-0.44;0.84;0.0;0.84
10279.0;-3.29;2.01;8.93;-0.36;0.35;-0.45;0.35;1.19;0.35
10280.0;-3.31;1.95;8.92;-0.36;0.35;-0.45;0.49;0.07;0.49
10281.0;-3.22;2.04;9.03;-0.36;0.35;-0.45;0.56;-0.42;0.56
10283.0;-3.31;2.05;8.92;-0.37;0.35;-0.43;0.63;0.77;0.63
10284.0;-3.23;2.1;8.95;-0.37;0.35;-0.43;0.7;-0.28;0.7
10285.0;-3.35;2.1;8.95;-0.38;0.35;-0.43;0.56;0.0;0.56
10286.0;-3.34;2.16;8.93;-0.38;0.35;-0.43;0.21;0.07;0.21
10287.0;-3.28;2.02;8.87;-0.38;0.35;-0.44;0.56;-0.14;0.56
10288.0;-3.31;2.02;8.94;-0.38;0.35;-0.44;0.35;0.07;0.35
10289.0;-3.35;2.1;8.98;-0.38;0.35;-0.44;0.0;0.0;0.0
10290.0;-3.21;2.03;8.89;-0.37;0.35;-0.44;0.49;-0.07;0.49
10291.0;-3.37;1.99;8.97;-0.37;0.35;-0.44;0.84;0.0;0.84
10292.0;-3.38;2.0;9.01;-0.37;0.35;-0.44;0.49;0.98;0.49
10293.0;-3.29;2.13;8.9;-0.38;0.34;-0.44;-0.14;0.56;-0.14
10294.0;-3.29;2.03;8.89;-0.38;0.34;-0.44;0.21;0.14;0.21
10295.0;-3.3;2.0;8.83;-0.38;0.34;-0.44;1.05;0.35;1.05
10296.0;-3.32;1.99;8.91;-0.38;0.33;-0.43;0.0;0.77;0.0
10297.0;-3.2;2.07;8.87;-0.38;0.33;-0.43;0.14;0.7;0.14
10298.0;-3.34;2.11;8.91;-0.38;0.35;-0.45;1.19;-0.07;1.19
10299.0;-3.31;2.05;8.94;-0.38;0.35;-0.45;0.35;-0.35;0.35
10300.0;-3.27;2.05;8.94;-0.38;0.35;-0.45;1.05;1.05;1.05
10301.0;-3.27;2.1;8.96;-0.37;0.34;-0.44;0.77;0.49;0.77
10303.0;-3.32;1.94;8.82;-0.38;0.35;-0.45;0.21;0.28;0.21
10304.0;-3.28;2.07;8.79;-0.38;0.35;-0.45;1.33;1.33;1.33
10305.0;-3.28;2.05;8.94;-0.38;0.35;-0.45;0.77;1.12;0.77
10306.0;-3.3;2.1;8.84;-0.37;0.35;-0.45;-0.21;-0.14;-0.21
10307.0;-3.27;2.1;9.01;-0.37;0.35;-0.45;0.42;-0.28;0.42
10308.0;-3.28;2.02;9.0;-0.38;0.34;-0.45;0.7;0.98;0.7
10309.0;-3.24;2.11;8.9;-0.38;0.34;-0.45;0.42;0.42;0.42
10310.0;-3.25;2.15;8.97;-0.38;0.34;-0.45;0.21;0.0;0.21
10311.0;-3.29;2.03;9.07;-0.37;0.35;-0.44;0.77;0.63;0.77
10312.0;-3.27;2.01;8.98;-0.37;0.35;-0.44;0.07;0.77;0.07
10313.0;-3.24;2.05;8.85;-0.37;0.35;-0.44;0.35;-0.42;0.35
10314.0;-3.31;1.96;9.01;-0.37;0.35;-0.44;0.35;-0.7;0.35
10315.0;-3.37;1.99;8.92;-0.37;0.35;-0.44;0.91;0.42;0.91
10316.0;-3.26;2.1;8.79;-0.37;0.35;-0.44;0.49;1.54;0.49
10317.0;-3.21;2.1;8.86;-0.37;0.35;-0.44;0.35;0.0;0.35
10318.0;-3.39;2.12;8.96;-0.37;0.35;-0.44;0.07;-0.56;0.07
10319.0;-3.3;2.06;8.81;-0.37;0.34;-0.44;0.28;0.56;0.28
10320.0;-3.33;2.12;8.89;-0.37;0.34;-0.44;0.91;0.42;0.91
10321.0;-3.29;2.0;8.96;-0.37;0.34;-0.44;0.77;0.77;0.77
10322.0;-3.32;2.02;8.89;-0.37;0.34;-0.44;0.0;0.28;0.0
10323.0;-3.3;2.03;8.88;-0.37;0.34;-0.44;0.42;0.28;0.42
10324.0;-3.23;2.06;9.0;-0.37;0.34;-0.43;0.63;-0.07;0.63
10326.0;-3.22;2.05;8.96;-0.37;0.34;-0.43;0.56;0.28;0.56
10327.0;-3.26;2.07;8.92;-0.37;0.34;-0.44;0.0;0.14;0.0
10328.0;-3.33;2.05;8.87;-0.37;0.34;-0.44;0.63;1.05;0.63
10329.0;-3.29;2.08;8.98;-0.38;0.35;-0.43;0.35;0.0;0.35
10330.0;-3.24;2.1;8.92;-0.38;0.35;-0.43;0.0;-0.56;0.0
10331.0;-3.32;2.05;8.93;-0.38;0.35;-0.43;0.28;0.35;0.28
10332.0;-3.27;2.05;8.9;-0.37;0.35;-0.44;0.84;0.63;0.84
10333.0;-3.23;2.04;8.92;-0.37;0.35;-0.44;0.91;-0.14;0.91
10334.0;-3.35;2.07;9.04;-0.37;0.34;-0.44;0.42;0.0;0.42
10335.0;-3.3;2.1;8.99;-0.37;0.34;-0.44;0.42;0.49;0.42
10336.0;-3.35;2.07;8.88;-0.37;0.34;-0.44;0.77;0.35;0.77
10337.0;-3.32;2.02;8.99;-0.36;0.34;-0.45;0.35;0.49;0.35
10338.0;-3.27;2.03;8.9;-0.36;0.34;-0.45;0.42;0.07;0.42
10339.0;-3.27;2.05;8.84;-0.37;0.35;-0.44;0.56;0.07;0.56
10340.0;-3.32;2.1;9.02;-0.37;0.35;-0.44;0.42;0.35;0.42
10341.0;-3.34;2.1;9.0;-0.37;0.35;-0.44;0.42;0.7;0.42
10342.0;-3.26;2.04;8.99;-0.37;0.34;-0.45;0.42;0.56;0.42
10343.0;-3.33;2.12;8.89;-0.37;0.34;-0.45;0.56;0.21;0.56
10344.0;-3.32;2.0;9.01;-0.37;0.34;-0.45;0.35;0.7;0.35
10345.0;-3.35;2.02;8.92;-0.38;0.34;-0.44;0.14;0.63;0.14
10346.0;-3.29;2.05;8.84;-0.38;0.34;-0.44;0.56;0.77;0.56
10347.0;-3.29;2.03;8.98;-0.38;0.34;-0.44;0.49;0.07;0.49
10348.0;-3.32;2.12;8.94;-0.38;0.35;-0.43;0.28;0.42;0.28
10349.0;-3.26;2.07;8.9;-0.38;0.35;-0.43;0.49;0.28;0.49
10350.0;-3.24;2.1;8.91;-0.38;0.35;-0.43;1.05;0.7;1.05
10351.0;-3.17;2.17;8.99;-0.37;0.35;-0.45;-0.07;-0.14;-0.07
10352.0;-3.39;2.07;9.01;-0.37;0.35;-0.45;0.28;0.0;0.28
10353.0;-3.33;2.06;8.92;-0.37;0.35;-0.44;0.91;0.98;0.91
10354.0;-3.28;2.06;8.99;-0.37;0.35;-0.44;0.56;0.49;0.56
10355.0;-3.33;2.12;8.86;-0.37;0.35;-0.44;-0.14;0.14;-0.14
10356.0;-3.29;2.03;8.94;-0.37;0.35;-0.44;0.56;-0.14;0.56
10357.0;-3.25;1.95;8.97;-0.37;0.35;-0.44;0.77;0.7;0.77
10358.0;-3.24;2.01;8.93;-0.37;0.35;-0.44;0.49;0.56;0.49
10359.0;-3.33;2.03;8.97;-0.38;0.35;-0.44;0.42;0.21;0.42
10360.0;-3.2;2.2;8.94;-0.38;0.35;-0.44;0.28;0.0;0.28
10361.0;-3.3;2.03;8.86;-0.37;0.35;-0.44;0.49;-0.07;0.49
10362.0;-3.24;2.15;8.87;-0.37;0.35;-0.44;0.63;0.98;0.63
10363.0;-3.32;2.13;8.97;-0.37;0.35;-0.44;0.49;0.56;0.49
10364.0;-3.32;2.06;8.92;-0.37;0.34;-0.44;0.56;-0.07;0.56
10365.0;-3.18;2.13;8.89;-0.37;0.34;-0.44;0.56;0.07;0.56
10366.0;-3.28;1.9;8.85;-0.37;0.34;-0.44;0.63;0.35;0.63
10367.0;-3.34;2.08;8.92;-0.36;0.35;-0.45;0.49;-0.21;0.49
10368.0;-3.37;2.01;8.95;-0.36;0.35;-0.45;0.14;0.0;0.14
10369.0;-3.32;2.01;9.01;-0.36;0.35;-0.45;0.35;0.0;0.35
10371.0;-3.21;2.15;9.03;-0.38;0.34;-0.43;0.91;1.12;0.91
10372.0;-3.17;2.05;8.97;-0.38;0.34;-0.43;0.42;0.91;0.42
10373.0;-3.24;2.15;8.97;-0.36;0.35;-0.45;0.21;-0.63;0.21
10374.0;-3.32;2.0;8.89;-0.36;0.35;-0.45;0.0;0.14;0.0
10375.0;-3.29;2.06;8.88;-0.37;0.35;-0.43;0.42;0.91;0.42
10376.0;-3.34;2.07;8.98;-0.37;0.35;-0.43;0.91;0.77;0.91
10377.0;-3.35;2.05;8.95;-0.37;0.35;-0.43;0.49;0.14;0.49
10378.0;-3.23;2.08;8.84;-0.37;0.34;-0.44;0.07;0.21;0.07
10379.0;-3.26;2.15;8.95;-0.37;0.34;-0.44;0.21;0.28;0.21
10380.0;-3.25;2.13;8.83;-0.37;0.34;-0.44;0.49;-0.28;0.49
10381.0;-3.31;2.1;8.97;-0.37;0.34;-0.44;0.21;0.77;0.21
10382.0;-3.26;2.05;8.87;-0.37;0.34;-0.44;0.42;0.7;0.42
10383.0;-3.25;2.05;8.95;-0.37;0.35;-0.45;1.19;-0.14;1.19
10384.0;-3.33;2.05;8.94;-0.37;0.35;-0.45;0.84;0.28;0.84
10385.0;-3.27;1.97;9.02;-0.37;0.35;-0.44;0.0;0.14;0.0
10386.0;-3.24;1.97;8.87;-0.37;0.35;-0.44;0.7;-0.28;0.7
10388.0;-3.27;2.0;8.87;-0.36;0.35;-0.43;0.14;0.98;0.14
10389.0;-3.41;2.06;8.96;-0.36;0.35;-0.43;0.28;0.0;0.28
10390.0;-3.32;2.12;8.89;-0.36;0.35;-0.45;0.49;0.0;0.49
10391.0;-3.27;2.15;8.8;-0.36;0.35;-0.45;0.28;0.56;0.28
10392.0;-3.31;2.11;8.85;-0.36;0.35;-0.45;0.98;-0.21;0.98
10393.0;-3.29;1.98;8.94;-0.38;0.35;-0.45;0.56;0.35;0.56
10394.0;-3.28;2.01;8.89;-0.38;0.35;-0.45;0.14;0.07;0.14
10395.0;-3.37;1.95;8.82;-0.38;0.35;-0.45;0.63;0.63;0.63
10396.0;-3.26;2.08;8.87;-0.37;0.35;-0.43;0.49;0.14;0.49
10397.0;-3.34;1.92;8.94;-0.37;0.35;-0.43;0.21;0.77;0.21
10398.0;-3.21;2.07;8.95;-0.37;0.35;-0.45;0.77;0.21;0.77
10399.0;-3.2;2.05;9.02;-0.37;0.35;-0.45;0.0;-0.49;0.0
10400.0;-3.4;2.11;8.94;-0.37;0.35;-0.45;0.07;0.56;0.07
10401.0;-3.31;2.01;8.95;-0.37;0.35;-0.44;0.56;0.84;0.56
10402.0;-3.31;2.15;9.02;-0.37;0.35;-0.44;0.56;-0.07;0.56
10403.0;-3.29;2.08;8.92;-0.38;0.35;-0.45;0.49;0.35;0.49
10404.0;-3.16;2.1;8.91;-0.38;0.35;-0.45;0.63;0.21;0.63
10405.0;-3.27;2.1;8.96;-0.38;0.35;-0.45;0.56;0.14;0.56
10406.0;-3.32;2.08;8.96;-0.38;0.35;-0.45;0.28;0.42;0.28
10407.0;-3.35;2.15;8.98;-0.38;0.35;-0.45;0.35;-0.21;0.35
10408.0;-3.27;2.03;8.92;-0.37;0.35;-0.45;0.42;0.28;0.42
10409.0;-3.32;2.1;8.88;-0.37;0.35;-0.45;0.49;1.05;0.49
10410.0;-3.3;2.06;8.91;-0.37;0.35;-0.45;0.07;0.28;0.07
10411.0;-3.27;2.06;8.96;-0.37;0.34;-0.45;0.14;-0.28;0.14
10412.0;-3.4;2.13;8.93;-0.37;0.34;-0.45;0.49;0.49;0.49
10413.0;-3.17;2.1;8.9;-0.37;0.35;-0.44;0.28;0.56;0.28
10414.0;-3.3;2.07;8.92;-0.37;0.35;-0.44;0.49;-0.56;0.49
10415.0;-3.32;2.05;8.86;-0.37;0.35;-0.44;0.63;0.21;0.63
10416.0;-3.29;2.12;8.92;-0.38;0.35;-0.44;0.28;0.91;0.28
10417.0;-3.29;2.05;8.89;-0.38;0.35;-0.44;0.84;0.63;0.84
10418.0;-3.29;2.06;8.96;-0.37;0.35;-0.45;0.77;0.07;0.77
10419.0;-3.29;2.05;8.89;-0.37;0.35;-0.45;-0.07;0.77;-0.07
10420.0;-3.26;2.13;8.87;-0.37;0.35;-0.45;0.98;0.35;0.98
10421.0;-3.24;2.07;9.01;-0.37;0.35;-0.44;0.77;0.56;0.77
10422.0;-3.32;2.05;8.97;-0.37;0.35;-0.44;0.21;0.07;0.21
10423.0;-3.29;2.07;8.96;-0.37;0.35;-0.44;0.21;0.0;0.21
10424.0;-3.33;2.09;8.94;-0.38;0.35;-0.44;1.05;0.21;1.05
10425.0;-3.22;2.02;8.98;-0.38;0.35;-0.44;0.63;1.33;0.63
10426.0;-3.23;2.04;8.92;-0.36;0.36;-0.46;0.84;-17.92;0.84
10427.0;-3.32;2.08;8.92;-0.36;0.36;-0.46;0.07;-0.49;0.07
10428.0;-3.32;2.07;8.93;-0.36;0.36;-0.46;0.35;0.28;0.35
10429.0;-3.29;2.1;8.89;-0.37;0.34;-0.43;1.12;1.33;1.12
10430.0;-3.22;2.02;8.94;-0.37;0.34;-0.43;0.63;0.49;0.63
10431.0;-3.29;2.01;8.97;-0.37;0.34;-0.43;0.14;-0.21;0.14
10432.0;-3.32;2.07;8.92;-0.37;0.34;-0.43;0.28;0.77;0.28
10433.0;-3.27;2.04;9.02;-0.37;0.34;-0.43;1.05;0.91;1.05
10434.0;-3.31;2.07;8.99;-0.37;0.35;-0.44;0.21;0.21;0.21
10435.0;-3.35;2.1;8.86;-0.37;0.35;-0.44;0.35;0.56;0.35
10436.0;-3.31;2.13;8.97;-0.37;0.34;-0.44;0.42;0.0;0.42
10437.0;-3.36;2.12;8.99;-0.37;0.34;-0.44;0.91;0.14;0.91
10438.0;-3.39;2.05;8.88;-0.37;0.34;-0.44;0.35;-0.07;0.35
10439.0;-3.23;2.15;9.01;-0.37;0.35;-0.45;0.42;-0.42;0.42
10440.0;-3.35;1.97;8.97;-0.37;0.35;-0.45;0.49;0.35;0.49
10441.0;-3.18;2.02;8.94;-0.37;0.35;-0.45;0.21;0.28;0.21
10442.0;-3.3;2.07;8.99;-0.37;0.35;-0.44;0.63;0.14;0.63
10443.0;-3.33;2.07;8.97;-0.37;0.35;-0.44;0.21;-0.14;0.21
10444.0;-3.29;2.13;8.92;-0.38;0.35;-0.44;0.77;0.35;0.77
10445.0;-3.3;2.02;8.87;-0.38;0.35;-0.44;1.19;0.63;1.19
10446.0;-3.28;2.04;8.94;-0.38;0.35;-0.44;0.21;0.07;0.21
10447.0;-3.3;2.09;9.01;-0.37;0.34;-0.46;0.56;0.14;0.56
10448.0;-3.25;2.07;8.91;-0.37;0.34;-0.46;0.49;0.56;0.49
10449.0;-3.34;2.01;8.91;-0.37;0.36;-0.44;0.63;0.21;0.63
10450.0;-3.29;1.99;8.99;-0.37;0.36;-0.44;0.49;0.14;0.49
10451.0;-3.31;2.09;8.97;-0.37;0.36;-0.44;0.56;17.64;0.56
10452.0;-3.26;2.03;8.92;-0.38;0.34;-0.44;0.7;0.63;0.7
10453.0;-3.27;2.03;8.94;-0.38;0.34;-0.44;0.35;0.49;0.35
10454.0;-3.27;2.07;8.92;-0.38;0.35;-0.45;0.42;0.77;0.42
10455.0;-3.27;2.15;8.97;-0.38;0.35;-0.45;0.28;-0.21;0.28
10456.0;-3.37;2.0;8.91;-0.38;0.35;-0.45;0.42;0.42;0.42
10457.0;-3.25;1.96;9.03;-0.38;0.35;-0.45;0.63;0.21;0.63
10458.0;-3.39;2.02;8.92;-0.38;0.35;-0.45;0.7;0.14;0.7
10459.0;-3.24;2.15;9.01;-0.38;0.35;-0.45;0.35;0.56;0.35
10460.0;-3.23;2.1;8.99;-0.37;0.35;-0.44;0.28;0.14;0.28
10461.0;-3.29;2.08;8.99;-0.37;0.35;-0.44;0.42;0.56;0.42
10462.0;-3.29;2.13;8.97;-0.37;0.34;-0.45;0.42;-0.07;0.42
10463.0;-3.3;2.11;9.0;-0.37;0.34;-0.45;0.42;-0.07;0.42
10464.0;-3.27;2.0;9.02;-0.37;0.34;-0.45;0.28;0.56;0.28
10465.0;-3.2;2.08;8.94;-0.37;0.35;-0.45;0.35;0.14;0.35
10466.0;-3.36;2.12;9.0;-0.37;0.35;-0.45;0.56;0.56;0.56
10467.0;-3.22;2.03;8.94;-0.37;0.35;-0.44;0.63;0.42;0.63
10468.0;-3.27;2.05;8.87;-0.37;0.35;-0.44;0.56;0.28;0.56
10469.0;-3.32;2.12;8.99;-0.37;0.35;-0.44;0.63;0.49;0.63
10470.0;-3.29;1.97;8.84;-0.37;0.35;-0.46;0.98;-0.35;0.98
10471.0;-3.39;2.1;9.01;-0.37;0.35;-0.46;0.35;-1.26;0.35
10472.0;-3.35;2.13;9.07;-0.37;0.35;-0.46;0.0;2.03;0.0
10473.0;-3.23;2.07;8.91;-0.38;0.35;-0.44;0.63;3.64;0.63
10474.0;-3.15;2.08;8.8;-0.38;0.35;-0.44;2.1;1.61;2.1
10475.0;-3.17;2.13;9.07;-0.38;0.35;-0.44;0.91;-2.03;0.91
10476.0;-3.37;2.08;9.06;-0.37;0.35;-0.42;-1.61;-2.24;-1.61
10477.0;-3.37;2.17;8.92;-0.37;0.35;-0.42;0.07;1.47;0.07
10478.0;-3.32;2.05;8.82;-0.37;0.35;-0.42;2.38;2.73;2.38
10479.0;-3.27;2.07;9.09;-0.37;0.35;-0.44;1.26;1.54;1.26
10480.0;-3.24;2.13;9.02;-0.37;0.35;-0.44;-0.7;-0.07;-0.7
10481.0;-3.17;2.19;8.92;-0.37;0.35;-0.44;-0.7;-1.75;-0.7
10482.0;-3.26;2.12;8.87;-0.38;0.35;-0.43;1.47;0.0;1.47
10483.0;-3.36;2.09;9.04;-0.38;0.35;-0.43;1.19;1.19;1.19
10484.0;-3.22;2.0;8.96;-0.38;0.35;-0.43;0.28;1.68;0.28
10485.0;-3.29;2.05;8.96;-0.37;0.35;-0.43;-0.21;-1.12;-0.21
10486.0;-3.37;2.04;8.91;-0.37;0.35;-0.43;0.49;-0.84;0.49
10487.0;-3.29;1.95;8.95;-0.37;0.35;-0.43;0.63;1.05;0.63
10488.0;-3.36;2.1;8.96;-0.37;0.35;-0.45;0.91;1.89;0.91
10489.0;-3.21;2.09;8.95;-0.37;0.35;-0.45;0.0;-0.91;0.0
10490.0;-3.38;1.98;8.94;-0.37;0.35;-0.44;0.42;-0.7;0.42
10491.0;-3.24;2.12;8.97;-0.37;0.35;-0.44;0.84;1.96;0.84
10492.0;-3.27;2.12;8.83;-0.37;0.35;-0.44;1.96;1.12;1.96
10493.0;-3.24;1.98;9.1;-0.38;0.35;-0.44;-0.21;-1.54;-0.21
10494.0;-3.31;2.02;8.85;-0.38;0.35;-0.44;-1.61;-1.19;-1.61
10495.0;-3.31;2.21;8.92;-0.37;0.34;-0.46;1.26;1.61;1.26
10496.0;-3.39;2.24;9.09;-0.37;0.34;-0.46;2.1;2.66;2.1
10497.0;-3.04;2.27;9.04;-0.37;0.34;-0.46;-0.14;-0.42;-0.14
10498.0;-3.16;2.3;8.92;-0.37;0.34;-0.45;-0.7;-2.45;-0.7
10499.0;-3.29;2.0;8.94;-0.37;0.34;-0.45;1.12;1.19;1.12
10500.0;-3.32;1.93;8.97;-0.37;0.35;-0.42;1.4;3.01;1.4
10501.0;-3.3;1.71;8.87;-0.37;0.35;-0.42;0.35;-0.21;0.35
10502.0;-3.52;1.84;8.97;-0.37;0.35;-0.42;0.07;-2.1;0.07
10503.0;-3.15;2.23;8.89;-0.37;0.34;-0.44;0.28;0.56;0.28
10504.0;-3.31;1.96;8.91;-0.37;0.34;-0.44;1.19;2.31;1.19
10505.0;-3.19;2.12;9.0;-0.38;0.34;-0.46;0.63;-2.38;0.63
10506.0;-3.45;2.26;9.05;-0.38;0.34;-0.46;-0.77;-0.14;-0.77
10507.0;-3.24;2.02;8.77;-0.38;0.34;-0.46;1.68;5.04;1.68
10508.0;-3.22;1.95;8.91;-0.37;0.34;-0.44;2.1;-2.03;2.1
10510.0;-3.15;2.23;8.79;-0.38;0.34;-0.44;0.49;3.85;0.49
10511.0;-3.18;2.15;8.85;-0.38;0.34;-0.44;3.15;-1.96;3.15
10512.0;-3.27;2.34;9.17;-0.38;0.34;-0.44;-0.77;-1.75;-0.77
10513.0;-3.12;2.35;8.94;-0.37;0.35;-0.45;-0.42;4.9;-0.42
10514.0;-3.18;1.95;8.76;-0.37;0.35;-0.45;2.38;-1.89;2.38
10515.0;-3.25;0.33;9.15;-0.37;0.35;-0.44;-0.42;-2.94;-0.42
10516.0;-3.5;1.85;9.01;-0.37;0.35;-0.44;-0.28;5.04;-0.28
10517.0;-3.34;1.83;8.71;-0.37;0.35;-0.44;2.17;1.89;2.17
10518.0;-3.42;1.93;9.11;-0.37;0.35;-0.44;0.98;-4.97;0.98
10519.0;-3.56;2.28;9.09;-0.37;0.35;-0.44;-1.26;1.75;-1.26
10520.0;-3.5;1.72;8.8;-0.37;0.34;-0.44;1.61;2.87;1.61
10521.0;-3.41;1.72;8.97;-0.37;0.34;-0.44;1.82;-2.17;1.82
10522.0;-3.31;2.23;9.02;-0.37;0.34;-0.44;-1.4;0.21;-1.4
10523.0;-3.44;1.91;8.79;-0.38;0.35;-0.43;0.35;2.03;0.35
10524.0;-3.12;2.24;8.95;-0.38;0.35;-0.43;2.38;-1.12;2.38
10525.0;-3.37;2.07;9.1;-0.38;0.35;-0.44;-1.26;0.63;-1.26
10526.0;-3.22;2.18;8.91;-0.36;0.35;-0.44;-0.84;1.33;-0.84
10527.0;-3.25;2.08;8.97;-0.36;0.35;-0.44;1.96;-1.26;1.96
10528.0;-3.37;1.95;9.02;-0.38;0.35;-0.44;-0.35;0.42;-0.35
10529.0;-3.29;2.07;8.87;-0.38;0.35;-0.44;-0.21;1.05;-0.21
10530.0;-3.25;2.05;8.94;-0.38;0.34;-0.44;1.89;-0.98;1.89
10531.0;-3.38;2.07;8.98;-0.37;0.34;-0.44;0.21;0.42;0.21
10532.0;-3.26;2.16;8.89;-0.37;0.34;-0.44;-1.12;1.54;-1.12
10533.0;-3.27;2.0;8.82;-0.36;0.35;-0.43;1.68;-0.21;1.68
10534.0;-3.27;2.05;9.02;-0.36;0.35;-0.43;0.7;-0.42;0.7
10535.0;-3.3;2.07;8.97;-0.36;0.35;-0.43;-0.98;0.84;-0.98
10536.0;-3.22;2.03;8.78;-0.38;0.35;-0.44;0.84;-0.7;0.84
10537.0;-3.4;1.94;9.04;-0.38;0.35;-0.44;0.77;-2.1;0.77
10550.0;-3.41;1.98;9.07;-0.37;0.34;-0.44;0.77;-0.42;0.77
10551.0;-3.37;2.07;9.01;-0.37;0.34;-0.44;-0.35;0.14;-0.35
10552.0;-3.3;2.1;8.88;-0.37;0.34;-0.45;-0.49;0.91;-0.49
10553.0;-3.19;2.1;8.86;-0.37;0.34;-0.45;1.33;0.14;1.33
10554.0;-3.22;2.1;8.98;-0.37;0.34;-0.45;0.91;-0.42;0.91
10555.0;-3.37;2.05;8.99;-0.37;0.35;-0.43;-0.77;-0.91;-0.77
10556.0;-3.33;2.01;8.81;-0.37;0.35;-0.43;0.42;0.07;0.42
10557.0;-3.4;2.07;8.94;-0.37;0.36;-0.44;1.61;2.17;1.61
10558.0;-3.24;2.05;9.03;-0.37;0.36;-0.44;0.84;1.89;0.84
10559.0;-3.14;2.09;8.89;-0.37;0.36;-0.44;-0.7;-2.17;-0.7
10560.0;-3.32;2.24;9.05;-0.38;0.35;-0.44;0.14;-2.38;0.14
10561.0;-3.23;2.19;8.94;-0.38;0.35;-0.44;0.63;2.73;0.63
10562.0;-3.22;2.03;8.91;-0.37;0.35;-0.44;1.12;2.31;1.12
10563.0;-3.15;2.19;8.97;-0.37;0.35;-0.44;-0.77;-2.24;-0.77
10564.0;-3.3;2.28;8.96;-0.37;0.35;-0.44;-0.49;-0.28;-0.49
