Time(ms);AccX(m/s^2);AccY(m/s^2);AccZ(m/s^2);MagX(gauss);MagY(gauss);MagZ(gauss);GyroX(dps);GyroY(dps);GyroZ(dps)
15924.0;-2.62;-0.15;9.38;0.36;0.35;-0.59;0.98;0.63;0.98
15925.0;-2.58;-0.18;9.33;0.36;0.35;-0.6;0.42;2.73;0.42
15926.0;-2.57;-0.15;9.34;0.36;0.35;-0.6;0.28;2.45;0.28
15927.0;-2.5;-0.17;9.27;0.36;0.35;-0.6;0.35;1.47;0.35
15928.0;-2.55;-0.12;9.4;0.36;0.35;-0.57;0.21;-0.21;0.21
15929.0;-2.61;-0.11;9.35;0.36;0.35;-0.57;0.77;-0.14;0.77
15930.0;-2.63;-0.06;9.28;0.36;0.35;-0.57;0.35;1.47;0.35
15931.0;-2.58;-0.23;9.28;0.36;0.35;-0.57;0.07;2.52;0.07
15932.0;-2.58;-0.17;9.35;0.36;0.34;-0.59;0.63;2.17;0.63
15933.0;-2.56;-0.2;9.45;0.36;0.34;-0.59;0.63;1.05;0.63
15934.0;-2.6;-0.16;9.37;0.36;0.34;-0.59;0.84;-0.42;0.84
15935.0;-2.61;-0.06;9.43;0.37;0.35;-0.59;0.35;0.0;0.35
15936.0;-2.55;-0.08;9.35;0.37;0.35;-0.59;0.49;1.19;0.49
15937.0;-2.54;-0.14;9.42;0.36;0.35;-0.59;0.28;3.15;0.28
15938.0;-2.53;-0.12;9.27;0.36;0.35;-0.59;0.42;2.1;0.42
15939.0;-2.58;-0.09;9.26;0.36;0.35;-0.59;0.42;1.12;0.42
15940.0;-2.56;-0.11;9.32;0.36;0.35;-0.59;0.49;0.63;0.49
15941.0;-2.62;-0.07;9.36;0.36;0.35;-0.59;0.42;1.19;0.42
15942.0;-2.61;-0.1;9.42;0.36;0.35;-0.59;0.28;2.24;0.28
15943.0;-2.57;-0.09;9.34;0.36;0.36;-0.59;0.28;2.03;0.28
15944.0;-2.53;-0.09;9.34;0.36;0.36;-0.59;0.56;1.89;0.56
15945.0;-2.58;-0.09;9.34;0.36;0.36;-0.59;0.07;0.98;0.07
15946.0;-2.53;-0.11;9.43;0.36;0.34;-0.58;0.21;0.77;0.21
15947.0;-2.53;-0.11;9.4;0.36;0.34;-0.58;0.49;1.4;0.49
15948.0;-2.58;-0.11;9.4;0.36;0.35;-0.59;0.35;2.03;0.35
15949.0;-2.61;-0.14;9.32;0.36;0.35;-0.59;0.42;1.4;0.42
15950.0;-2.46;-0.09;9.39;0.36;0.35;-0.59;0.56;0.91;0.56
15951.0;-2.66;-0.11;9.29;0.37;0.35;-0.6;0.91;0.56;0.91
15952.0;-2.61;-0.13;9.45;0.37;0.35;-0.6;0.42;1.47;0.42
15953.0;-2.59;-0.18;9.39;0.37;0.35;-0.6;0.21;1.82;0.21
15954.0;-2.67;-0.2;9.34;0.36;0.35;-0.6;0.14;2.03;0.14
15955.0;-2.53;-0.19;9.3;0.36;0.35;-0.6;0.7;1.54;0.7
15956.0;-2.56;-0.11;9.4;0.36;0.35;-0.6;0.98;1.05;0.98
15958.0;-2.71;-0.16;9.42;0.36;0.36;-0.59;0.56;2.17;0.56
15959.0;-2.59;-0.09;9.43;0.36;0.36;-0.59;0.14;2.17;0.14
15960.0;-2.62;-0.09;9.25;0.36;0.36;-0.59;0.49;1.4;0.49
15961.0;-2.56;-0.17;9.28;0.36;0.36;-0.59;0.56;-0.21;0.56
15962.0;-2.62;-0.14;9.35;0.36;0.36;-0.59;0.7;-0.14;0.7
15963.0;-2.61;-0.09;9.36;0.37;0.35;-0.59;0.28;1.89;0.28
15964.0;-2.61;-0.11;9.33;0.37;0.35;-0.59;0.21;2.94;0.21
15965.0;-2.53;-0.19;9.35;0.36;0.34;-0.59;0.42;2.66;0.42
15966.0;-2.61;-0.15;9.36;0.36;0.34;-0.59;0.35;1.54;0.35
15967.0;-2.48;-0.17;9.43;0.36;0.34;-0.59;1.47;0.98;1.47
15968.0;-2.58;-0.17;9.53;0.36;0.34;-0.58;0.84;1.4;0.84
15969.0;-2.63;-0.11;9.32;0.36;0.34;-0.58;0.21;1.89;0.21
15970.0;-2.66;-0.14;9.39;0.36;0.34;-0.58;0.07;2.52;0.07
15971.0;-2.56;-0.09;9.38;0.37;0.35;-0.58;0.28;1.68;0.28
15972.0;-2.63;-0.18;9.34;0.37;0.35;-0.58;0.42;0.63;0.42
15973.0;-2.61;-0.12;9.48;0.37;0.35;-0.58;0.35;0.84;0.35
15974.0;-2.53;-0.11;9.53;0.36;0.35;-0.58;0.56;1.54;0.56
15975.0;-2.65;-0.23;9.38;0.36;0.35;-0.58;0.0;2.8;0.0
15976.0;-2.6;-0.13;9.3;0.36;0.35;-0.58;0.35;2.03;0.35
15977.0;-2.54;-0.09;9.4;0.36;0.36;-0.57;0.35;0.84;0.35
15978.0;-2.51;-0.14;9.37;0.36;0.36;-0.57;0.7;0.21;0.7
15979.0;-2.55;-0.17;9.32;0.36;0.36;-0.57;0.35;1.26;0.35
15980.0;-2.63;-0.13;9.38;0.36;0.35;-0.59;0.63;2.03;0.63
15981.0;-2.49;-0.09;9.38;0.36;0.35;-0.59;-0.14;2.24;-0.14
15982.0;-2.51;-0.11;9.26;0.36;0.35;-0.59;0.42;1.61;0.42
15983.0;-2.57;-0.19;9.39;0.36;0.35;-0.58;0.84;1.19;0.84
15984.0;-2.68;-0.06;9.38;0.36;0.35;-0.58;0.63;0.7;0.63
15985.0;-2.61;-0.11;9.27;0.36;0.34;-0.59;0.21;1.68;0.21
15986.0;-2.67;-0.17;9.32;0.36;0.34;-0.59;0.42;2.1;0.42
15987.0;-2.56;-0.15;9.25;0.36;0.34;-0.59;0.14;1.05;0.14
15988.0;-2.56;-0.1;9.37;0.37;0.34;-0.58;0.56;0.07;0.56
15989.0;-2.62;-0.09;9.41;0.37;0.34;-0.58;0.63;0.91;0.63
15990.0;-2.6;-0.06;9.43;0.37;0.34;-0.58;0.63;2.1;0.63
15991.0;-2.63;-0.04;9.42;0.37;0.35;-0.59;0.42;2.52;0.42
15992.0;-2.6;-0.11;9.34;0.37;0.35;-0.59;0.07;0.98;0.07
15993.0;-2.66;-0.14;9.4;0.36;0.36;-0.58;0.7;0.35;0.7
15994.0;-2.53;-0.19;9.35;0.36;0.36;-0.58;0.07;0.07;0.07
15995.0;-2.72;-0.09;9.38;0.36;0.36;-0.58;0.42;0.98;0.42
15996.0;-2.59;-0.08;9.37;0.36;0.35;-0.59;0.07;1.75;0.07
15997.0;-2.56;-0.19;9.31;0.36;0.35;-0.59;0.84;1.68;0.84
15998.0;-2.58;-0.14;9.27;0.36;0.35;-0.59;0.91;1.54;0.91
15999.0;-2.6;-0.11;9.39;0.37;0.35;-0.61;0.42;0.14;0.42
16000.0;-2.53;-0.27;9.38;0.37;0.35;-0.61;0.28;0.42;0.28
16001.0;-2.67;-0.17;9.45;0.37;0.35;-0.61;0.49;1.19;0.49
16002.0;-2.64;-0.2;9.43;0.36;0.34;-0.59;0.28;1.54;0.28
16003.0;-2.61;-0.11;9.25;0.36;0.34;-0.59;0.28;1.75;0.28
16004.0;-2.61;-0.28;9.38;0.36;0.34;-0.59;0.77;0.91;0.77
16005.0;-2.61;-0.09;9.43;0.37;0.35;-0.59;1.12;1.05;1.12
16006.0;-2.6;-0.12;9.43;0.37;0.35;-0.59;0.63;1.47;0.63
16007.0;-2.62;-0.09;9.33;0.37;0.35;-0.6;0.21;1.68;0.21
16008.0;-2.65;-0.2;9.4;0.37;0.35;-0.6;0.91;1.75;0.91
16009.0;-2.57;-0.18;9.4;0.37;0.35;-0.6;0.49;1.33;0.49
16010.0;-2.61;-0.04;9.35;0.36;0.36;-0.6;0.14;1.19;0.14
16011.0;-2.63;-0.22;9.38;0.36;0.36;-0.6;0.35;1.61;0.35
16012.0;-2.71;-0.17;9.44;0.36;0.35;-0.59;0.91;1.68;0.91
16013.0;-2.58;-0.08;9.4;0.36;0.35;-0.59;0.56;1.33;0.56
16014.0;-2.54;-0.14;9.3;0.36;0.35;-0.59;0.28;1.12;0.28
16015.0;-2.54;-0.09;9.38;0.36;0.34;-0.6;0.84;1.61;0.84
16016.0;-2.57;-0.11;9.41;0.36;0.34;-0.6;0.35;1.61;0.35
16017.0;-2.61;-0.11;9.48;0.36;0.34;-0.59;0.0;1.68;0.0
16018.0;-2.58;-0.17;9.37;0.37;0.35;-0.59;0.42;1.19;0.42
16019.0;-2.49;-0.12;9.44;0.37;0.35;-0.59;0.49;0.91;0.49
16020.0;-2.53;-0.14;9.3;0.36;0.35;-0.6;0.28;1.12;0.28
16021.0;-2.58;-0.04;9.28;0.36;0.35;-0.6;0.21;1.05;0.21
16022.0;-2.52;-0.09;9.25;0.36;0.35;-0.6;0.35;1.61;0.35
16023.0;-2.61;-0.12;9.4;0.36;0.35;-0.59;0.7;1.33;0.7
16024.0;-2.56;-0.17;9.39;0.36;0.35;-0.59;0.42;1.4;0.42
16025.0;-2.62;-0.15;9.32;0.36;0.35;-0.59;0.63;0.56;0.63
16026.0;-2.61;-0.1;9.35;0.36;0.35;-0.59;0.91;1.75;0.91
16027.0;-2.58;-0.15;9.3;0.36;0.35;-0.59;0.21;1.82;0.21
16028.0;-2.59;-0.15;9.33;0.37;0.35;-0.58;-0.21;1.26;-0.21
16029.0;-2.61;-0.1;9.35;0.37;0.35;-0.58;0.56;1.33;0.56
16030.0;-2.62;-0.1;9.35;0.37;0.35;-0.58;0.7;1.54;0.7
16031.0;-2.67;-0.12;9.4;0.37;0.35;-0.59;0.35;0.84;0.35
16032.0;-2.61;-0.09;9.28;0.37;0.35;-0.59;0.49;0.98;0.49
16033.0;-2.58;-0.11;9.3;0.37;0.36;-0.6;0.84;2.17;0.84
16034.0;-2.53;-0.16;9.33;0.37;0.36;-0.6;0.35;1.54;0.35
16035.0;-2.53;-0.12;9.35;0.37;0.36;-0.6;0.0;0.7;0.0
16036.0;-2.56;-0.12;9.46;0.37;0.36;-0.6;0.56;1.19;0.56
16037.0;-2.63;-0.19;9.4;0.37;0.36;-0.6;0.98;1.54;0.98
16038.0;-2.61;-0.11;9.32;0.37;0.36;-0.6;0.14;1.26;0.14
16039.0;-2.63;-0.21;9.37;0.37;0.35;-0.59;0.84;1.26;0.84
16040.0;-2.69;-0.14;9.32;0.37;0.35;-0.59;0.7;1.68;0.7
16041.0;-2.57;-0.09;9.32;0.37;0.36;-0.6;0.35;1.12;0.35
16042.0;-2.51;-0.1;9.45;0.37;0.36;-0.6;0.14;0.84;0.14
16043.0;-2.68;-0.23;9.4;0.37;0.36;-0.6;0.56;2.03;0.56
16044.0;-2.64;-0.09;9.38;0.36;0.35;-0.59;0.49;1.54;0.49
16045.0;-2.56;-0.11;9.35;0.36;0.35;-0.59;0.49;0.7;0.49
16046.0;-2.56;-0.09;9.45;0.38;0.34;-0.6;0.98;1.19;0.98
16047.0;-2.63;-0.08;9.49;0.38;0.34;-0.6;1.12;2.24;1.12
16048.0;-2.62;-0.13;9.4;0.38;0.34;-0.6;-0.07;1.54;-0.07
16049.0;-2.58;-0.18;9.36;0.36;0.35;-0.58;-0.07;1.26;-0.07
16050.0;-2.62;-0.18;9.3;0.36;0.35;-0.58;0.91;1.19;0.91
16051.0;-2.64;-0.09;9.43;0.36;0.35;-0.58;0.21;0.35;0.21
16052.0;-2.53;-0.11;9.51;0.36;0.35;-0.58;-0.07;0.98;-0.07
16053.0;-2.54;-0.14;9.32;0.36;0.35;-0.58;0.84;1.96;0.84
16054.0;-2.52;-0.04;9.38;0.36;0.35;-0.61;0.49;2.59;0.49
16055.0;-2.5;-0.1;9.36;0.36;0.35;-0.61;0.21;0.56;0.21
16056.0;-2.62;-0.11;9.38;0.36;0.35;-0.61;0.35;0.77;0.35
16057.0;-2.63;-0.15;9.38;0.36;0.35;-0.61;0.77;1.68;0.77
16058.0;-2.57;-0.12;9.35;0.36;0.35;-0.61;0.49;1.89;0.49
16059.0;-2.55;-0.1;9.28;0.36;0.35;-0.61;0.28;1.4;0.28
16060.0;-2.58;-0.08;9.32;0.36;0.35;-0.61;0.7;1.19;0.7
16061.0;-2.64;-0.09;9.46;0.36;0.35;-0.6;1.19;0.42;1.19
16062.0;-2.73;-0.15;9.39;0.36;0.35;-0.6;0.21;1.61;0.21
16063.0;-2.63;-0.13;9.36;0.36;0.35;-0.6;0.56;2.59;0.56
16064.0;-2.54;-0.23;9.31;0.36;0.35;-0.59;0.42;1.4;0.42
16065.0;-2.56;-0.05;9.29;0.36;0.35;-0.59;0.42;0.07;0.42
16066.0;-2.63;-0.13;9.4;0.36;0.34;-0.6;0.56;0.28;0.56
16067.0;-2.55;-0.1;9.35;0.36;0.34;-0.6;0.28;2.31;0.28
16068.0;-2.59;-0.11;9.47;0.36;0.34;-0.6;0.77;2.59;0.77
16069.0;-2.63;-0.19;9.27;0.37;0.35;-0.6;0.21;1.82;0.21
16070.0;-2.53;-0.03;9.41;0.37;0.35;-0.6;0.91;0.91;0.91
16071.0;-2.64;-0.12;9.34;0.37;0.35;-0.6;0.98;1.05;0.98
16072.0;-2.62;-0.06;9.41;0.36;0.35;-0.59;0.56;1.75;0.56
16073.0;-2.6;-0.19;9.38;0.36;0.35;-0.59;0.21;2.31;0.21
16074.0;-2.6;-0.13;9.33;0.36;0.35;-0.59;0.14;2.52;0.14
16075.0;-2.58;-0.11;9.3;0.37;0.34;-0.6;0.49;1.54;0.49
16076.0;-2.54;-0.2;9.3;0.37;0.34;-0.6;0.56;0.7;0.56
16077.0;-2.6;-0.13;9.33;0.37;0.34;-0.6;0.7;0.77;0.7
16078.0;-2.57;-0.07;9.43;0.37;0.35;-0.59;0.63;2.45;0.63
16079.0;-2.63;-0.11;9.47;0.37;0.35;-0.59;0.63;3.29;0.63
16080.0;-2.48;-0.12;9.38;0.37;0.35;-0.59;0.14;2.17;0.14
16081.0;-2.58;-0.19;9.36;0.36;0.34;-0.6;0.56;-0.28;0.56
16082.0;-2.67;-0.19;9.46;0.36;0.34;-0.6;1.33;-0.14;1.33
16083.0;-2.53;-0.06;9.4;0.36;0.34;-0.6;0.21;2.38;0.21
16084.0;-2.56;-0.14;9.35;0.36;0.34;-0.6;-0.14;2.45;-0.14
16085.0;-2.51;-0.13;9.36;0.36;0.34;-0.6;0.77;1.33;0.77
16086.0;-2.57;-0.06;9.35;0.36;0.35;-0.6;1.19;0.84;1.19
16087.0;-2.66;-0.11;9.32;0.36;0.35;-0.6;0.49;0.56;0.49
16088.0;-2.63;-0.11;9.43;0.36;0.35;-0.6;-0.07;1.47;-0.07
16089.0;-2.54;-0.11;9.32;0.36;0.35;-0.6;0.63;2.73;0.63
16090.0;-2.48;-0.1;9.32;0.36;0.35;-0.6;0.77;1.26;0.77
16091.0;-2.51;-0.14;9.39;0.36;0.35;-0.6;0.56;-0.28;0.56
16092.0;-2.58;-0.07;9.48;0.36;0.35;-0.6;0.35;0.0;0.35
16093.0;-2.64;-0.2;9.48;0.36;0.35;-0.6;0.84;1.82;0.84
16094.0;-2.66;-0.09;9.5;0.37;0.35;-0.61;0.28;2.38;0.28
16095.0;-2.63;-0.2;9.31;0.37;0.35;-0.61;0.21;1.26;0.21
16096.0;-2.63;-0.1;9.48;0.37;0.35;-0.61;0.56;0.35;0.56
16097.0;-2.68;-0.16;9.37;0.37;0.35;-0.6;1.26;0.49;1.26
16098.0;-2.58;-0.04;9.42;0.37;0.35;-0.6;0.84;0.56;0.84
16099.0;-2.73;-0.14;9.33;0.37;0.35;-0.6;0.07;0.84;0.07
16100.0;-2.55;-0.11;9.38;0.36;0.36;-0.59;0.14;1.75;0.14
16101.0;-2.63;-0.17;9.43;0.36;0.36;-0.59;1.19;1.75;1.19
16102.0;-2.53;-0.13;9.32;0.37;0.35;-0.6;0.84;0.7;0.84
16103.0;-2.54;-0.14;9.32;0.37;0.35;-0.6;0.0;0.84;0.0
16104.0;-2.61;-0.1;9.44;0.37;0.35;-0.6;0.56;2.59;0.56
16105.0;-2.7;-0.15;9.32;0.36;0.34;-0.6;0.42;2.59;0.42
16106.0;-2.68;-0.19;9.39;0.36;0.34;-0.6;0.56;0.21;0.56
16107.0;-2.49;-0.1;9.42;0.36;0.34;-0.6;0.77;0.98;0.77
16108.0;-2.54;-0.1;9.38;0.37;0.35;-0.59;1.05;2.03;1.05
16109.0;-2.58;-0.06;9.23;0.37;0.35;-0.59;0.21;1.47;0.21
16110.0;-2.51;-0.11;9.3;0.37;0.35;-0.6;0.56;1.47;0.56
16111.0;-2.7;-0.22;9.32;0.37;0.35;-0.6;0.63;1.68;0.63
16112.0;-2.67;-0.18;9.43;0.37;0.35;-0.6;0.35;0.98;0.35
16113.0;-2.63;-0.09;9.25;0.37;0.35;-0.6;-0.14;1.68;-0.14
16114.0;-2.6;-0.04;9.44;0.37;0.35;-0.6;1.05;0.28;1.05
16115.0;-2.53;-0.17;9.32;0.36;0.35;-0.6;0.84;1.47;0.84
16116.0;-2.63;-0.19;9.35;0.36;0.35;-0.6;0.63;1.26;0.63
16117.0;-2.53;-0.09;9.25;0.36;0.35;-0.6;17.85;1.75;17.85
16118.0;-2.61;-0.16;9.39;0.36;0.35;-0.59;1.12;2.17;1.12
16119.0;-2.59;-0.15;9.3;0.36;0.35;-0.59;0.63;2.59;0.63
16120.0;-2.58;-0.16;9.39;0.36;0.35;-0.6;0.14;0.42;0.14
16121.0;-2.65;-0.07;9.45;0.36;0.35;-0.6;0.49;1.33;0.49
16122.0;-2.71;-0.32;9.31;0.36;0.35;-0.6;0.77;1.47;0.77
16123.0;-2.53;-0.04;9.4;0.36;0.35;-0.6;0.28;0.49;0.28
16124.0;-2.62;-0.09;9.3;0.36;0.35;-0.6;0.42;1.4;0.42
16125.0;-2.59;-0.19;9.35;0.36;0.35;-0.6;0.49;2.66;0.49
16126.0;-2.46;-0.15;9.28;0.36;0.35;-0.6;0.98;0.84;0.98
16127.0;-2.6;-0.05;9.23;0.36;0.35;-0.6;-0.21;1.89;-0.21
16129.0;-2.56;-0.2;9.35;0.36;0.36;-0.59;0.28;1.82;0.28
16130.0;-2.52;-0.07;9.35;0.36;0.36;-0.59;0.77;1.19;0.77
16131.0;-2.65;-0.16;9.35;0.36;0.36;-0.59;0.7;1.89;0.7
16132.0;-2.46;-0.08;9.3;0.36;0.35;-0.59;-0.28;3.08;-0.28
16133.0;-2.5;-0.06;9.3;0.36;0.35;-0.59;-17.5;3.36;-17.5
16134.0;-2.66;-0.24;9.45;0.36;0.35;-0.6;-0.42;-16.52;-0.42
16135.0;-2.76;-0.09;9.53;0.36;0.35;-0.6;1.47;0.63;1.47
16136.0;-2.55;-0.14;9.28;0.36;0.35;-0.6;0.14;4.27;0.14
16137.0;-2.53;-0.21;9.25;0.37;0.36;-0.59;-0.63;-2.24;-0.63
16138.0;-2.47;-0.12;9.32;0.37;0.36;-0.59;1.54;-0.42;1.54
16139.0;-2.63;-0.14;9.53;0.36;0.34;-0.6;2.24;6.44;2.24
16140.0;-2.69;-0.18;9.48;0.36;0.34;-0.6;-1.61;1.4;-1.61
16141.0;-2.58;-0.14;9.43;0.36;0.34;-0.6;-0.91;0.28;-0.91
16143.0;-2.6;-0.17;9.38;0.36;0.35;-0.6;0.77;-1.75;0.77
16144.0;-2.56;-0.09;9.47;0.35;0.35;-0.6;-0.91;0.63;-0.91
16145.0;-2.63;-0.07;9.45;0.35;0.35;-0.6;2.31;6.58;2.31
16146.0;-2.42;-0.11;9.27;0.35;0.35;-0.6;1.89;4.97;1.89
16147.0;-2.54;-0.18;9.38;0.36;0.35;-0.6;-1.05;-1.96;-1.05
16148.0;-2.66;-0.22;9.46;0.36;0.35;-0.6;-0.28;-2.52;-0.28
16149.0;-2.69;-0.16;9.47;0.37;0.36;-0.6;2.03;2.31;2.03
16150.0;-2.77;-0.08;9.43;0.37;0.36;-0.6;-0.91;4.2;-0.91
16151.0;-2.55;-0.21;9.31;0.37;0.36;-0.6;-0.56;0.77;-0.56
16152.0;-2.63;-0.14;9.27;0.37;0.35;-0.6;2.31;1.82;2.31
16153.0;-2.59;-0.09;9.4;0.37;0.35;-0.6;3.57;1.33;3.57
16154.0;-2.63;-0.11;9.38;0.37;0.35;-0.6;-1.26;-0.49;-1.26
16155.0;-2.59;-0.14;9.4;0.37;0.35;-0.6;-0.56;2.59;-0.56
16156.0;-2.56;-0.11;9.41;0.37;0.35;-0.6;1.47;5.6;1.47
16157.0;-2.56;-0.11;9.35;0.37;0.35;-0.59;-0.42;-1.4;-0.42
16158.0;-2.6;-0.09;9.41;0.37;0.35;-0.59;-0.07;-2.87;-0.07
16159.0;-2.69;-0.09;9.39;0.37;0.35;-0.59;2.87;2.31;2.87
16160.0;-2.48;-0.14;9.38;0.37;0.35;-0.59;0.63;5.11;0.63
16161.0;-2.49;-0.12;9.26;0.37;0.35;-0.59;-0.98;1.54;-0.98
16162.0;-2.46;-0.14;9.35;0.36;0.35;-0.59;0.77;1.26;0.77
16163.0;-2.65;-0.15;9.4;0.36;0.35;-0.59;2.17;0.0;2.17
16164.0;-2.63;-0.09;9.42;0.36;0.35;-0.59;-1.68;-1.12;-1.68
16165.0;-2.6;-0.07;9.42;0.35;0.35;-0.6;-0.63;3.08;-0.63
16166.0;-2.46;-0.23;9.33;0.35;0.35;-0.6;2.45;5.46;2.45
16167.0;-2.51;-0.19;9.32;0.36;0.36;-0.6;0.56;-0.21;0.56
16168.0;-2.61;-0.15;9.42;0.36;0.36;-0.6;-0.35;-1.82;-0.35
16169.0;-2.66;-0.06;9.46;0.36;0.36;-0.6;1.4;2.45;1.4
16170.0;-2.58;-0.14;9.32;0.36;0.35;-0.59;-17.92;3.36;-17.92
16171.0;-2.5;-0.17;9.28;0.36;0.35;-0.59;-0.98;0.91;-0.98
16172.0;-2.46;-0.23;9.26;0.36;0.35;-0.59;-0.14;-0.35;-0.14
16173.0;-2.53;-0.06;9.41;0.37;0.36;-0.59;2.66;0.63;2.66
16174.0;-2.68;-0.15;9.38;0.37;0.36;-0.59;1.54;0.77;1.54
16175.0;-2.68;-0.08;9.42;0.36;0.35;-0.59;-0.7;0.63;-0.7
16176.0;-2.56;-0.05;9.27;0.36;0.35;-0.59;0.21;3.01;0.21
16177.0;-2.55;-0.27;9.32;0.36;0.35;-0.59;1.75;3.08;1.75
16178.0;-2.65;-0.19;9.34;0.36;0.35;-0.61;-0.63;-1.68;-0.63
16179.0;-2.57;-0.05;9.37;0.36;0.35;-0.61;-0.28;-1.47;-0.28
16180.0;-2.68;-0.17;9.4;0.36;0.35;-0.6;1.68;3.08;1.68
16181.0;-2.7;-0.17;9.41;0.36;0.35;-0.6;0.91;3.22;0.91
16182.0;-2.59;-0.15;9.3;0.36;0.35;-0.6;-0.35;0.84;-0.35
16183.0;-2.45;-0.09;9.27;0.37;0.35;-0.6;1.4;-0.49;1.4
16184.0;-2.51;-0.11;9.4;0.37;0.35;-0.6;1.54;1.4;1.54
16185.0;-2.64;-0.24;9.34;0.37;0.35;-0.6;-0.42;2.1;-0.42
16186.0;-2.62;-0.14;9.35;0.36;0.36;-0.6;-0.7;1.68;-0.7
16187.0;-2.58;-0.14;9.29;0.36;0.36;-0.6;1.54;2.1;1.54
16188.0;-2.52;-0.1;9.39;0.36;0.35;-0.59;0.84;-0.91;0.84
16189.0;-2.59;-0.08;9.32;0.36;0.35;-0.59;0.07;-0.21;0.07
16190.0;-2.63;-0.1;9.37;0.36;0.36;-0.59;1.19;3.92;1.19
16191.0;-2.63;-0.09;9.45;0.36;0.36;-0.59;0.63;3.92;0.63
16192.0;-2.51;-0.11;9.25;0.36;0.36;-0.59;-0.42;-17.64;-0.42
16193.0;-2.6;-0.11;9.38;0.37;0.36;-0.59;1.05;-0.35;1.05
16194.0;-2.6;-0.11;9.46;0.37;0.36;-0.59;1.54;1.54;1.54
16195.0;-2.61;-0.06;9.43;0.37;0.36;-0.59;-0.21;1.54;-0.21
16196.0;-2.56;-0.11;9.38;0.37;0.35;-0.6;-0.07;1.47;-0.07
16197.0;-2.53;-0.19;9.34;0.37;0.35;-0.6;1.4;2.31;1.4
16198.0;-2.59;-0.1;9.34;0.36;0.35;-0.6;1.26;0.28;1.26
16199.0;-2.63;-0.09;9.38;0.36;0.35;-0.6;-0.35;0.63;-0.35
16200.0;-2.61;-0.21;9.45;0.36;0.35;-0.6;0.84;2.17;0.84
16201.0;-2.57;-0.17;9.35;0.36;0.35;-0.6;1.12;2.45;1.12
16202.0;-2.58;-0.13;9.32;0.36;0.35;-0.6;0.07;-0.35;0.07
16203.0;-2.55;-0.19;9.29;0.36;0.35;-0.6;-0.07;0.28;-0.07
16204.0;-2.53;-0.06;9.34;0.36;0.35;-0.6;0.98;1.68;0.98
16205.0;-2.53;-0.05;9.27;0.36;0.35;-0.6;0.84;2.73;0.84
16206.0;-2.62;-0.19;9.27;0.36;0.35;-0.59;-0.14;1.54;-0.14
16207.0;-2.62;-0.12;9.34;0.36;0.35;-0.59;1.19;0.35;1.19
16209.0;-2.51;-0.11;9.35;0.37;0.35;-0.6;-0.28;1.05;-0.28
16210.0;-2.58;-0.14;9.38;0.37;0.35;-0.6;-0.21;1.33;-0.21
16211.0;-2.61;-0.1;9.19;0.37;0.36;-0.59;1.12;2.17;1.12
16212.0;-2.49;-0.18;9.28;0.37;0.36;-0.59;0.7;1.61;0.7
16213.0;-2.56;-0.13;9.29;0.37;0.36;-0.59;-0.07;0.56;-0.07
16214.0;-2.59;-0.14;9.41;0.37;0.35;-0.59;0.63;2.03;0.63
16215.0;-2.6;-0.11;9.3;0.37;0.35;-0.59;1.12;1.68;1.12
16216.0;-2.62;-0.14;9.41;0.37;0.35;-0.59;0.14;0.77;0.14
16217.0;-2.54;-0.2;9.39;0.37;0.35;-0.59;0.0;0.7;0.0
16218.0;-2.56;-0.1;9.38;0.37;0.35;-0.59;1.47;1.26;1.47
16219.0;-2.62;-0.12;9.3;0.37;0.36;-0.61;0.56;1.33;0.56
16220.0;-2.58;-0.09;9.41;0.37;0.36;-0.61;-0.07;1.47;-0.07
16221.0;-2.56;-0.06;9.43;0.37;0.36;-0.61;0.7;2.24;0.7
16222.0;-2.56;-0.16;9.35;0.36;0.35;-0.6;0.84;2.1;0.84
16223.0;-2.61;-0.14;9.37;0.36;0.35;-0.6;0.28;0.42;0.28
16224.0;-2.65;-0.18;9.38;0.36;0.35;-0.61;-0.07;0.56;-0.07
16225.0;-2.54;-0.11;9.39;0.36;0.35;-0.61;1.47;1.54;1.47
16226.0;-2.56;-0.1;9.38;0.36;0.35;-0.61;0.49;1.82;0.49
16227.0;-2.52;-0.08;9.27;0.37;0.36;-0.61;0.0;1.19;0.0
16228.0;-2.54;-0.04;9.3;0.37;0.36;-0.61;0.84;1.61;0.84
16229.0;-2.59;-0.18;9.37;0.36;0.35;-0.59;0.77;1.68;0.77
16230.0;-2.67;-0.11;9.45;0.36;0.35;-0.59;0.07;1.33;0.07
16231.0;-2.61;-0.11;9.43;0.36;0.35;-0.59;-0.07;1.75;-0.07
16232.0;-2.53;-0.12;9.4;0.37;0.35;-0.59;0.35;1.96;0.35
16233.0;-2.63;-0.12;9.3;0.37;0.35;-0.59;0.98;2.03;0.98
16234.0;-2.57;-0.11;9.35;0.37;0.35;-0.59;0.07;1.12;0.07
16235.0;-2.63;-0.13;9.38;0.37;0.35;-0.59;0.28;1.68;0.28
16236.0;-2.57;-0.1;9.4;0.37;0.35;-0.59;0.56;2.52;0.56
16237.0;-2.63;-0.21;9.27;0.37;0.35;-0.59;0.28;2.87;0.28
16238.0;-2.55;-0.16;9.43;0.36;0.35;-0.59;0.42;1.19;0.42
16239.0;-2.56;-0.13;9.25;0.36;0.35;-0.59;0.14;1.82;0.14
16240.0;-2.65;-0.19;9.4;0.36;0.35;-0.59;1.05;0.77;1.05
16241.0;-2.6;-0.18;9.4;0.37;0.36;-0.59;0.14;0.98;0.14
16242.0;-2.53;-0.11;9.39;0.37;0.36;-0.59;0.28;1.75;0.28
16243.0;-2.53;-0.15;9.25;0.36;0.35;-0.59;0.35;2.17;0.35
16244.0;-2.58;-0.13;9.29;0.36;0.35;-0.59;0.77;0.35;0.77
16245.0;-2.62;-0.09;9.36;0.36;0.35;-0.59;0.49;1.47;0.49
16246.0;-2.63;-0.12;9.34;0.36;0.34;-0.59;0.63;2.24;0.63
16247.0;-2.6;-0.21;9.31;0.36;0.34;-0.59;0.21;1.54;0.21
16248.0;-2.61;-0.08;7.51;0.36;0.35;-0.61;0.42;1.05;0.42
16249.0;-2.56;-0.22;9.29;0.36;0.35;-0.61;0.98;1.05;0.98
16250.0;-2.64;-0.11;9.43;0.36;0.35;-0.61;0.35;1.26;0.35
16251.0;-2.61;-0.09;9.4;0.37;0.35;-0.58;0.14;2.24;0.14
16252.0;-2.65;-0.22;9.29;0.37;0.35;-0.58;0.49;2.1;0.49
16253.0;-2.53;-0.11;9.39;0.37;0.35;-0.59;0.63;0.98;0.63
16254.0;-2.52;-0.14;9.27;0.37;0.35;-0.59;0.28;0.91;0.28
16255.0;-2.5;-0.2;9.35;0.37;0.35;-0.59;1.33;2.38;1.33
16256.0;-2.6;-0.09;9.3;0.37;0.35;-0.59;-0.21;3.5;-0.21
16257.0;-2.57;-0.12;9.43;0.37;0.35;-0.59;0.35;0.07;0.35
16258.0;-2.55;-0.12;9.26;0.36;0.35;-0.6;0.7;1.47;0.7
16259.0;-2.57;-0.13;9.44;0.36;0.35;-0.6;1.12;1.33;1.12
16260.0;-2.59;-0.15;9.37;0.36;0.35;-0.6;0.14;0.56;0.14
16261.0;-2.56;-0.15;9.44;0.37;0.35;-0.59;0.28;1.96;0.28
16262.0;-2.58;-0.09;9.39;0.37;0.35;-0.59;0.56;3.64;0.56
16263.0;-2.68;-0.14;9.45;0.37;0.35;-0.58;0.0;-0.21;0.0
16264.0;-2.61;-0.14;9.34;0.37;0.35;-0.58;0.63;0.0;0.63
16265.0;-2.65;-0.11;9.35;0.37;0.35;-0.58;1.19;1.82;1.19
16266.0;-2.48;-0.08;9.48;0.37;0.35;-0.59;0.28;1.75;0.28
16267.0;-2.52;-0.14;9.41;0.37;0.35;-0.59;0.21;2.52;0.21
16268.0;-2.54;-0.15;9.38;0.37;0.35;-0.58;0.98;2.1;0.98
16269.0;-2.56;-0.19;9.43;0.37;0.35;-0.58;0.7;0.84;0.7
16270.0;-2.59;-0.08;9.45;0.37;0.35;-0.58;-0.28;0.63;-0.28
16271.0;-2.56;-0.13;9.3;0.37;0.35;-0.58;0.28;1.61;0.28
16272.0;-2.54;-0.07;9.38;0.37;0.35;-0.58;0.56;1.82;0.56
16273.0;-2.55;-0.11;9.27;0.36;0.34;-0.58;1.12;0.84;1.12
16274.0;-2.58;-0.13;9.31;0.36;0.34;-0.58;1.26;1.05;1.26
16275.0;-2.63;-0.1;9.45;0.36;0.34;-0.58;0.77;1.33;0.77
16276.0;-2.54;-0.09;9.36;0.37;0.35;-0.58;0.21;2.24;0.21
16277.0;-2.59;-0.18;9.35;0.37;0.35;-0.58;0.42;1.68;0.42
16278.0;-2.54;-0.11;9.36;0.37;0.35;-0.58;0.28;1.12;0.28
16279.0;-2.65;-0.18;9.4;0.36;0.36;-0.6;0.28;-0.21;0.28
16280.0;-2.57;-0.06;9.33;0.36;0.36;-0.6;0.84;0.28;0.84
16281.0;-2.63;-0.11;9.44;0.36;0.36;-0.6;0.63;1.33;0.63
16282.0;-2.57;-0.09;9.39;0.37;0.35;-0.61;0.49;2.38;0.49
16283.0;-2.6;-0.12;9.33;0.37;0.35;-0.61;0.7;1.96;0.7
16284.0;-2.54;-0.14;9.4;0.37;0.35;-0.61;1.26;0.91;1.26
16285.0;-2.56;-0.18;9.45;0.38;0.35;-0.59;0.49;1.05;0.49
16286.0;-2.64;-0.13;9.42;0.38;0.35;-0.59;0.21;1.4;0.21
16288.0;-2.65;-0.14;9.14;0.37;0.35;-0.58;0.56;1.61;0.56
16289.0;-2.64;-0.14;9.37;0.37;0.35;-0.58;0.21;1.47;0.21
16290.0;-2.63;-0.06;9.37;0.37;0.35;-0.59;1.12;-0.14;1.12
16291.0;-2.58;-0.11;9.4;0.37;0.35;-0.59;0.7;2.52;0.7
16292.0;-2.56;-0.24;9.39;0.37;0.35;-0.59;0.63;2.52;0.63
16293.0;-2.53;-0.17;9.39;0.37;0.35;-0.59;0.14;1.05;0.14
16294.0;-2.49;-0.09;9.51;0.37;0.35;-0.59;0.56;0.7;0.56
16295.0;-2.66;-0.08;9.35;0.37;0.35;-0.59;0.7;0.28;0.7
16296.0;-2.61;-0.11;9.31;0.37;0.35;-0.59;0.07;0.14;0.07
16297.0;-2.6;-0.06;9.34;0.36;0.35;-0.58;0.42;2.24;0.42
16298.0;-2.6;-0.11;9.3;0.36;0.35;-0.58;0.7;2.87;0.7
16299.0;-2.63;-0.15;9.38;0.36;0.35;-0.58;0.35;0.84;0.35
16300.0;-2.6;-0.15;9.4;0.37;0.35;-0.6;0.63;0.28;0.63
16301.0;-2.57;-0.09;9.4;0.37;0.35;-0.6;0.63;1.47;0.63
16302.0;-2.62;-0.09;9.33;0.36;0.35;-0.59;-0.07;1.89;-0.07
16303.0;-2.66;-0.11;9.32;0.36;0.35;-0.59;0.28;1.4;0.28
16304.0;-2.58;-0.09;9.3;0.36;0.35;-0.59;0.77;1.12;0.77
16305.0;-2.61;-0.17;9.45;0.36;0.35;-0.6;0.98;0.98;0.98
16306.0;-2.75;-0.17;9.39;0.36;0.35;-0.6;0.56;1.12;0.56
16307.0;-2.63;-0.13;9.39;0.36;0.35;-0.6;0.84;1.96;0.84
16308.0;-2.54;-0.18;9.44;0.37;0.35;-0.59;0.63;2.73;0.63
16309.0;-2.61;-0.07;9.38;0.37;0.35;-0.59;0.28;1.61;0.28
16310.0;-2.56;-0.14;9.35;0.37;0.35;-0.59;17.78;0.35;17.78
16311.0;-2.56;-0.07;9.38;0.37;0.35;-0.6;0.28;1.05;0.28
16312.0;-2.59;-0.04;9.37;0.37;0.35;-0.6;0.56;1.89;0.56
16313.0;-2.56;-0.14;9.33;0.37;0.35;-0.6;0.98;2.03;0.98
16314.0;-2.53;-0.11;9.35;0.37;0.35;-0.58;0.21;1.54;0.21
16316.0;-2.58;-0.18;9.37;0.36;0.35;-0.58;0.77;1.26;0.77
16317.0;-2.63;-0.13;9.37;0.36;0.35;-0.58;-0.49;1.61;-0.49
16318.0;-2.61;-0.06;9.25;0.36;0.35;-0.58;-0.28;2.87;-0.28
16319.0;-2.61;-0.23;9.32;0.37;0.35;-0.6;0.7;1.4;0.7
16320.0;-2.53;-0.06;9.38;0.37;0.35;-0.6;0.35;0.91;0.35
16321.0;-2.68;-0.11;9.32;0.38;0.35;-0.59;0.28;0.56;0.28
16322.0;-2.68;-0.17;9.41;0.38;0.35;-0.59;0.91;1.26;0.91
16323.0;-2.51;-0.11;9.4;0.38;0.35;-0.59;1.54;2.38;1.54
16324.0;-2.47;-0.14;9.22;0.37;0.35;-0.59;0.07;1.75;0.07
16325.0;-2.59;-0.12;9.4;0.37;0.35;-0.59;0.56;0.35;0.56
16326.0;-2.59;-0.15;9.46;0.36;0.35;-0.58;0.7;0.77;0.7
16327.0;-2.69;-0.15;9.39;0.36;0.35;-0.58;0.0;0.7;0.0
16328.0;-2.53;-0.21;9.33;0.36;0.35;-0.58;0.21;2.03;0.21
16329.0;-2.52;-0.2;9.3;0.37;0.34;-0.6;1.19;2.52;1.19
16330.0;-2.56;-0.14;9.33;0.37;0.34;-0.6;1.19;1.33;1.19
16331.0;-2.65;-0.09;9.46;0.36;0.34;-0.58;0.7;0.91;0.7
16332.0;-2.61;-0.06;9.32;0.36;0.34;-0.58;0.14;1.19;0.14
16333.0;-2.65;-0.21;9.35;0.36;0.34;-0.58;0.14;1.61;0.14
16334.0;-2.53;-0.16;9.3;0.36;0.35;-0.59;0.35;1.47;0.35
16335.0;-2.59;-0.14;9.35;0.36;0.35;-0.59;0.56;0.63;0.56
16336.0;-2.61;-0.04;9.38;0.36;0.34;-0.58;1.26;1.33;1.26
16337.0;-2.58;-0.11;9.33;0.36;0.34;-0.58;0.63;3.43;0.63
16338.0;-2.58;-0.2;9.24;0.36;0.34;-0.58;0.56;1.89;0.56
16339.0;-2.66;-0.17;9.37;0.37;0.35;-0.59;-0.7;-4.06;-0.7
16340.0;-2.72;-0.08;9.56;0.37;0.35;-0.59;2.45;-1.68;2.45
16341.0;-2.64;-0.17;9.38;0.37;0.35;-0.59;1.47;12.04;1.47
16342.0;-2.46;-0.18;9.26;0.36;0.34;-0.59;-2.66;6.79;-2.66
16343.0;-2.38;-0.14;9.17;0.36;0.34;-0.59;-2.1;-6.86;-2.1
16344.0;-2.52;-0.04;9.4;0.36;0.34;-0.59;3.78;0.7;3.78
16345.0;-2.73;-0.15;9.32;0.37;0.36;-0.6;5.74;6.16;5.74
16346.0;-2.79;-0.21;9.33;0.37;0.36;-0.6;-3.92;-2.66;-3.92
16347.0;-2.72;-0.08;9.52;0.36;0.35;-0.59;-0.77;0.28;-0.77
16348.0;-2.44;-0.05;9.33;0.36;0.35;-0.59;5.11;13.16;5.11
16349.0;-2.47;-0.21;9.05;0.36;0.35;-0.59;-1.4;-3.64;-1.4
16350.0;-2.56;-0.06;9.35;0.36;0.34;-0.59;-3.57;-8.47;-3.57
16351.0;-2.76;-0.05;9.61;0.36;0.34;-0.59;3.92;3.99;3.92
16352.0;-2.77;-0.12;9.51;0.37;0.36;-0.59;2.73;8.12;2.73
16353.0;-2.61;-0.13;9.32;0.37;0.36;-0.59;-2.31;3.22;-2.31
16354.0;-2.48;-0.11;9.25;0.37;0.36;-0.59;0.07;3.36;0.07
16355.0;-2.46;-0.18;9.32;0.36;0.35;-0.6;5.04;0.7;5.04
16356.0;-2.68;-0.08;9.3;0.36;0.35;-0.6;-2.1;-5.39;-2.1
16357.0;-2.66;-0.04;9.5;0.36;0.35;-0.6;-3.01;-1.68;-3.01
16358.0;-2.58;-0.08;9.45;0.37;0.35;-0.6;2.87;11.34;2.87
16359.0;-2.5;-0.22;9.18;0.37;0.35;-0.6;1.33;4.9;1.33
16360.0;-2.51;-0.18;9.28;0.36;0.35;-0.6;-0.77;-4.76;-0.77
16361.0;-2.53;-0.09;9.39;0.36;0.35;-0.6;2.38;-3.43;2.38
16362.0;-2.66;-0.09;9.61;0.36;0.35;-0.6;4.41;5.18;4.41
16363.0;-2.71;-0.17;9.4;0.36;0.35;-0.6;-1.12;5.67;-1.12
16364.0;-2.51;-0.19;9.22;0.36;0.35;-0.6;-4.41;0.91;-4.41
16365.0;-2.43;-0.17;9.17;0.36;0.35;-0.6;-1.4;1.19;-1.4
16366.0;-2.49;-0.12;9.24;0.36;0.34;-0.59;4.13;0.91;4.13
16367.0;-2.7;-0.12;9.43;0.36;0.34;-0.59;1.54;-2.31;1.54
16368.0;-2.71;-0.04;9.52;0.36;0.34;-0.59;-1.26;0.7;-1.26
16369.0;-2.61;-0.1;9.37;0.37;0.35;-0.59;2.31;9.73;2.31
16370.0;-2.49;-0.3;9.21;0.37;0.35;-0.59;1.82;5.04;1.82
16371.0;-2.43;-0.2;9.24;0.37;0.36;-0.59;-1.96;-5.74;-1.96
16372.0;-2.74;-0.13;9.5;0.37;0.36;-0.59;0.49;-1.89;0.49
16373.0;-2.75;-0.1;9.48;0.37;0.36;-0.59;2.17;5.32;2.17
16374.0;-2.73;-0.14;9.32;0.36;0.35;-0.6;-1.61;3.64;-1.61
16375.0;-2.51;-0.22;9.25;0.36;0.35;-0.6;-0.98;1.19;-0.98
16376.0;-2.43;-0.11;9.3;0.38;0.35;-0.59;4.34;0.7;4.34
16377.0;-2.66;-0.2;9.38;0.38;0.35;-0.59;1.19;-0.49;1.19
16378.0;-2.81;-0.15;9.41;0.38;0.35;-0.59;-2.38;0.7;-2.38
16379.0;-2.62;-0.14;9.31;0.37;0.35;-0.59;0.28;5.67;0.28
16380.0;-2.51;-0.22;9.22;0.37;0.35;-0.59;1.4;1.96;1.4
16381.0;-2.59;-0.11;9.27;0.37;0.35;-0.6;-0.42;-3.36;-0.42
16382.0;-2.65;-0.05;9.55;0.37;0.35;-0.6;0.91;0.98;0.91
16383.0;-2.64;-0.11;9.5;0.37;0.35;-0.6;2.1;5.81;2.1
16384.0;-2.56;-0.17;9.38;0.36;0.36;-0.6;-0.35;3.57;-0.35
16385.0;-2.51;-0.16;9.38;0.36;0.36;-0.6;-1.05;0.42;-1.05
16386.0;-2.54;-0.12;9.37;0.36;0.36;-0.61;0.98;-0.49;0.98
16387.0;-2.67;-0.12;9.32;0.36;0.35;-0.61;1.68;0.49;1.68
16388.0;-2.68;-0.17;9.39;0.36;0.35;-0.61;-0.84;0.56;-0.84
16389.0;-2.61;-0.07;9.36;0.36;0.35;-0.6;-0.91;2.66;-0.91
16390.0;-2.59;-0.16;9.28;0.36;0.35;-0.6;2.17;3.71;2.17
16391.0;-2.48;-0.1;9.23;0.36;0.35;-0.59;0.49;-0.28;0.49
16392.0;-2.63;-0.12;9.38;0.37;0.35;-0.59;-0.21;-1.12;-0.21
16393.0;-2.68;-0.12;9.37;0.37;0.35;-0.59;0.91;2.94;0.91
16394.0;-2.61;-0.16;9.4;0.36;0.34;-0.61;1.26;4.13;1.26
16395.0;-2.51;-0.07;9.37;0.36;0.34;-0.61;-0.77;0.84;-0.77
16396.0;-2.56;-0.18;9.3;0.36;0.34;-0.61;-0.28;-0.56;-0.28
16397.0;-2.61;-0.21;9.33;0.36;0.35;-0.59;1.82;0.77;1.82
16398.0;-2.63;-0.07;9.27;0.36;0.35;-0.59;0.28;1.33;0.28
16399.0;-2.61;-0.19;9.44;0.36;0.35;-0.6;-0.35;3.15;-0.35
16400.0;-2.6;-0.11;9.34;0.36;0.35;-0.6;1.4;2.59;1.4
16401.0;-2.54;-0.16;9.36;0.36;0.35;-0.6;0.77;-0.07;0.77
16402.0;-2.6;-0.14;9.34;0.36;0.35;-0.6;-0.21;-1.12;-0.21
16403.0;-2.66;-0.14;9.45;0.36;0.35;-0.6;0.28;1.61;0.28
16404.0;-2.61;-0.09;9.23;0.36;0.35;-0.61;1.12;3.43;1.12
16405.0;-2.54;-0.1;9.36;0.36;0.35;-0.61;0.21;2.1;0.21
16406.0;-2.62;-0.17;9.35;0.36;0.35;-0.61;0.14;0.56;0.14
16407.0;-2.6;-0.16;9.27;0.36;0.35;-0.6;1.75;1.54;1.75
16408.0;-2.6;-0.11;9.4;0.36;0.35;-0.6;1.19;1.82;1.19
16409.0;-2.52;-0.14;9.32;0.36;0.35;-0.6;-0.7;1.05;-0.7
16410.0;-2.53;-0.15;9.23;0.36;0.35;-0.6;0.42;1.47;0.42
16411.0;-2.52;-0.14;9.33;0.36;0.35;-0.6;1.33;1.33;1.33
16412.0;-2.64;-0.11;9.4;0.37;0.35;-0.59;0.35;0.21;0.35
16413.0;-2.6;-0.11;9.27;0.37;0.35;-0.59;-0.21;0.91;-0.21
16414.0;-2.63;-0.17;9.44;0.37;0.35;-0.59;0.77;2.94;0.77
16415.0;-2.5;-0.09;9.39;0.37;0.35;-0.6;1.12;2.94;1.12
16416.0;-2.53;-0.13;9.36;0.37;0.35;-0.6;0.0;1.19;0.0
16417.0;-2.58;-0.12;9.29;0.37;0.35;-0.6;-0.07;-0.42;-0.07
16418.0;-2.58;-0.09;9.37;0.36;0.35;-0.6;0.84;0.49;0.84
16419.0;-2.66;-0.11;9.32;0.36;0.35;-0.6;0.98;0.98;0.98
16420.0;-2.58;-0.1;9.33;0.36;0.35;-0.6;-0.21;1.75;-0.21
16421.0;-2.54;-0.07;9.28;0.36;0.35;-0.6;-0.14;2.24;-0.14
16422.0;-2.59;-0.17;9.33;0.36;0.35;-0.6;1.26;1.89;1.26
16423.0;-2.57;-0.14;9.32;0.36;0.35;-0.59;0.91;1.26;0.91
16424.0;-2.58;-0.11;9.41;0.36;0.35;-0.59;-0.07;1.19;-0.07
16425.0;-2.63;-0.13;9.32;0.36;0.35;-0.59;-0.21;1.82;-0.21
16426.0;-2.56;-0.22;9.33;0.36;0.35;-0.61;0.56;1.61;0.56
16427.0;-2.51;-0.11;9.38;0.36;0.35;-0.61;0.35;0.49;0.35
16428.0;-2.63;-0.15;9.4;0.36;0.35;-0.61;0.14;-0.77;0.14
16429.0;-2.59;-0.13;9.4;0.36;0.35;-0.59;0.77;2.03;0.77
16430.0;-2.61;-0.09;9.38;0.36;0.35;-0.59;0.49;2.59;0.49
16431.0;-2.58;-0.12;9.31;0.37;0.35;-0.59;0.35;1.96;0.35
16432.0;-2.56;-0.19;9.37;0.37;0.35;-0.59;0.91;2.38;0.91
16433.0;-2.55;-0.14;9.46;0.37;0.35;-0.59;0.98;1.19;0.98
16434.0;-2.66;-0.16;9.34;0.37;0.34;-0.6;0.14;-0.21;0.14
16435.0;-2.6;-0.1;9.44;0.37;0.34;-0.6;0.14;0.98;0.14
16436.0;-2.56;-0.11;9.35;0.37;0.34;-0.6;0.49;2.17;0.49
16437.0;-2.56;-0.17;9.32;0.37;0.35;-0.6;0.14;0.98;0.14
16438.0;-2.57;-0.12;9.43;0.37;0.35;-0.6;0.77;2.38;0.77
16439.0;-2.62;-0.2;9.33;0.36;0.35;-0.6;0.49;4.2;0.49
16440.0;-2.56;-0.05;9.36;0.36;0.35;-0.6;-0.07;-1.82;-0.07
16441.0;-2.63;-0.19;9.36;0.36;0.35;-0.6;0.77;-0.91;0.77
16442.0;-2.61;-0.16;9.38;0.37;0.35;-0.59;0.7;3.78;0.7
16443.0;-2.56;-0.2;9.38;0.37;0.35;-0.59;-0.28;0.7;-0.28
16444.0;-2.54;-0.1;9.42;0.37;0.35;-0.59;0.28;1.68;0.28
16445.0;-2.54;-0.17;9.31;0.36;0.34;-0.59;1.61;3.57;1.61
16446.0;-2.62;-0.14;9.41;0.36;0.34;-0.59;0.7;-1.47;0.7
16447.0;-2.66;-0.17;9.43;0.36;0.34;-0.59;-0.14;-1.05;-0.14
16448.0;-2.71;-0.11;9.3;0.37;0.35;-0.59;0.91;4.34;0.91
16449.0;-2.56;-0.11;9.41;0.37;0.35;-0.59;0.07;2.24;0.07
16450.0;-2.56;-0.1;9.37;0.37;0.35;-0.6;0.21;1.05;0.21
16451.0;-2.53;-0.25;9.3;0.37;0.35;-0.6;0.84;1.61;0.84
16452.0;-2.59;-0.16;9.39;0.37;0.35;-0.6;-0.14;-1.12;-0.14
16453.0;-2.71;-0.04;9.36;0.37;0.35;-0.6;-0.14;0.56;-0.14
16454.0;-2.53;-0.24;9.44;0.37;0.35;-0.6;0.49;4.62;0.49
16455.0;-2.55;-0.11;9.4;0.36;0.34;-0.59;1.12;2.73;1.12
16456.0;-2.52;-0.14;9.23;0.36;0.34;-0.59;0.35;1.19;0.35
16457.0;-2.68;-0.06;9.38;0.36;0.34;-0.59;0.0;-2.1;0.0
16458.0;-2.59;-0.07;9.38;0.36;0.36;-0.58;0.63;-0.21;0.63
16459.0;-2.64;-0.16;9.34;0.36;0.36;-0.58;-0.14;5.04;-0.14
16460.0;-2.55;-0.12;9.35;0.36;0.35;-0.59;-0.42;2.1;-0.42
16461.0;-2.57;-0.09;9.36;0.36;0.35;-0.59;0.63;0.77;0.63
16462.0;-2.56;-0.19;9.43;0.36;0.35;-0.59;2.31;0.91;2.31
16463.0;-2.61;-0.19;9.39;0.36;0.36;-0.6;0.28;0.28;0.28
16464.0;-2.7;-0.14;9.46;0.36;0.36;-0.6;-0.21;1.4;-0.21
16465.0;-2.59;-0.11;9.25;0.36;0.36;-0.6;0.56;3.85;0.56
16466.0;-2.49;-0.18;9.25;0.37;0.34;-0.59;0.49;-0.7;0.49
16467.0;-2.58;-0.1;9.34;0.37;0.34;-0.59;0.63;-1.05;0.63
16468.0;-2.62;-0.06;9.39;0.37;0.35;-0.6;0.7;3.08;0.7
16469.0;-2.66;-0.11;9.45;0.37;0.35;-0.6;0.63;4.06;0.63
16470.0;-2.57;-0.14;9.4;0.37;0.35;-0.6;0.0;2.8;0.0
16471.0;-2.55;-0.11;9.35;0.38;0.35;-0.6;0.49;0.91;0.49
16472.0;-2.57;-0.12;9.39;0.38;0.35;-0.6;1.47;-0.14;1.47
16473.0;-2.53;-0.09;9.48;0.38;0.35;-0.6;1.12;-0.21;1.12
16474.0;-2.71;-0.07;9.48;0.38;0.36;-0.6;-0.28;2.1;-0.28
16475.0;-2.51;-0.08;9.27;0.38;0.36;-0.6;-0.14;3.22;-0.14
16476.0;-2.51;-0.21;9.25;0.38;0.35;-0.59;0.77;2.1;0.77
16477.0;-2.59;-0.19;9.38;0.36;0.35;-0.59;1.19;-0.77;1.19
16478.0;-2.61;-0.11;9.38;0.36;0.35;-0.59;0.56;0.14;0.56
16479.0;-2.56;-0.08;9.4;0.37;0.36;-0.59;0.63;2.8;0.63
16480.0;-2.54;-0.08;9.35;0.37;0.36;-0.59;0.0;3.5;0.0
16481.0;-2.5;-0.09;9.26;0.37;0.36;-0.59;0.14;1.12;0.14
16482.0;-2.58;-0.1;9.37;0.37;0.36;-0.59;0.84;0.35;0.84
16483.0;-2.63;-0.19;9.48;0.37;0.36;-0.59;0.42;0.7;0.42
16484.0;-2.6;-0.09;9.36;0.36;0.35;-0.59;0.21;1.96;0.21
16485.0;-2.65;-0.08;9.37;0.36;0.35;-0.59;-0.07;2.87;-0.07
16486.0;-2.46;-0.15;9.27;0.36;0.35;-0.59;1.05;0.98;1.05
16487.0;-2.56;-0.09;9.4;0.36;0.35;-0.6;0.98;0.07;0.98
16488.0;-2.49;-0.12;9.38;0.36;0.35;-0.6;0.42;0.56;0.42
16489.0;-2.56;-0.1;9.38;0.36;0.35;-0.6;0.14;2.38;0.14
16490.0;-2.59;-0.17;9.3;0.36;0.35;-0.6;-0.14;3.15;-0.14
16491.0;-2.48;-0.1;9.42;0.36;0.35;-0.6;0.35;1.12;0.35
16492.0;-2.58;-0.17;9.42;0.38;0.35;-0.6;0.42;0.07;0.42
16493.0;-2.68;-0.17;9.48;0.38;0.35;-0.6;0.7;0.28;0.7
16494.0;-2.56;-0.17;9.43;0.38;0.35;-0.6;0.35;1.19;0.35
16495.0;-2.57;-0.13;9.35;0.37;0.35;-0.6;0.77;2.94;0.77
16496.0;-2.53;-0.12;9.3;0.37;0.35;-0.6;0.56;1.68;0.56
16497.0;-2.48;-0.2;9.29;0.36;0.35;-0.59;0.35;-0.07;0.35
16498.0;-2.63;-0.06;9.45;0.36;0.35;-0.59;1.05;1.19;1.05
16499.0;-2.62;-0.19;9.3;0.36;0.35;-0.59;-0.14;2.52;-0.14
16500.0;-2.58;-0.15;9.24;0.37;0.36;-0.59;-0.21;1.4;-0.21
16501.0;-2.57;-0.11;9.32;0.37;0.36;-0.59;0.42;0.98;0.42
16502.0;-2.71;-0.09;9.36;0.37;0.36;-0.59;2.24;0.56;2.24
16503.0;-2.56;-0.23;9.46;0.37;0.34;-0.58;0.63;2.1;0.63
16504.0;-2.63;-0.14;9.39;0.37;0.34;-0.58;-0.28;1.19;-0.28
16506.0;-2.61;-0.06;9.37;0.37;0.35;-0.6;0.84;3.36;0.84
16507.0;-2.64;-0.06;9.37;0.37;0.35;-0.6;0.0;-0.63;0.0
16508.0;-2.56;-0.11;9.25;0.37;0.35;-0.6;0.42;0.28;0.42
16509.0;-2.58;-0.07;9.25;0.37;0.35;-0.6;1.05;2.87;1.05
16510.0;-2.53;-0.1;9.27;0.37;0.35;-0.6;0.28;2.8;0.28
16511.0;-2.45;-0.09;9.4;0.36;0.34;-0.6;-0.14;1.12;-0.14
16512.0;-2.61;-0.16;9.48;0.36;0.34;-0.6;1.05;0.98;1.05
16513.0;-2.71;-0.15;9.38;0.36;0.34;-0.58;0.77;1.19;0.77
16514.0;-2.61;-0.06;9.31;0.36;0.34;-0.58;-0.49;1.19;-0.49
16515.0;-2.61;-0.09;9.34;0.36;0.34;-0.58;0.14;0.63;0.14
16516.0;-2.65;-0.19;9.38;0.36;0.35;-0.59;1.19;1.47;1.19
16517.0;-2.51;-0.09;9.29;0.36;0.35;-0.59;0.84;1.19;0.84
16518.0;-2.58;-0.1;9.31;0.36;0.35;-0.59;0.0;1.54;0.0
16519.0;-2.63;-0.11;9.51;0.36;0.35;-0.6;0.7;2.1;0.7
16520.0;-2.63;-0.17;9.29;0.36;0.35;-0.6;0.7;1.33;0.7
16521.0;-2.62;-0.14;9.41;0.37;0.34;-0.6;-0.14;0.0;-0.14
16522.0;-2.58;-0.05;9.38;0.37;0.34;-0.6;0.0;0.7;0.0
16523.0;-2.58;-0.12;9.33;0.37;0.34;-0.6;1.12;2.17;1.12
16524.0;-2.56;-0.14;9.2;0.37;0.34;-0.59;0.07;1.68;0.07
16525.0;-2.58;-0.14;9.33;0.37;0.34;-0.59;0.21;0.98;0.21
16526.0;-2.58;-0.17;9.46;0.36;0.34;-0.61;0.98;2.38;0.98
16527.0;-2.56;-0.11;9.39;0.36;0.34;-0.61;0.21;0.7;0.21
16528.0;-2.6;-0.17;9.37;0.36;0.34;-0.61;0.0;0.49;0.0
16529.0;-2.62;-0.05;9.3;0.37;0.35;-0.59;0.63;1.26;0.63
16530.0;-2.56;-0.1;9.4;0.37;0.35;-0.59;0.42;1.75;0.42
16531.0;-2.63;-0.24;9.32;0.37;0.35;-0.6;-0.14;2.1;-0.14
16532.0;-2.58;-0.16;9.34;0.37;0.35;-0.6;0.63;2.38;0.63
16533.0;-2.6;-0.2;9.46;0.37;0.35;-0.6;1.19;1.26;1.19
16534.0;-2.63;-0.16;9.29;0.36;0.34;-0.6;0.56;0.63;0.56
16535.0;-2.68;-0.17;9.38;0.36;0.34;-0.6;0.21;1.47;0.21
16536.0;-2.6;-0.13;9.45;0.36;0.34;-0.6;0.7;2.31;0.7
16537.0;-2.69;-0.32;9.41;0.37;0.35;-0.59;0.56;2.66;0.56
16538.0;-2.63;-0.14;9.29;0.37;0.35;-0.59;0.42;0.63;0.42
16539.0;-2.59;-0.11;9.35;0.37;0.34;-0.6;0.14;-0.28;0.14
16540.0;-2.63;-0.05;9.38;0.37;0.34;-0.6;0.63;1.12;0.63
16542.0;-2.6;-0.19;9.38;0.37;0.35;-0.6;0.21;2.87;0.21
16543.0;-2.61;-0.2;9.32;0.37;0.35;-0.6;0.63;0.56;0.63
16544.0;-2.66;-0.22;9.45;0.37;0.35;-0.6;1.26;0.21;1.26
16545.0;-2.59;-0.11;9.45;0.37;0.34;-0.59;0.21;0.0;0.21
16546.0;-2.61;-0.18;9.46;0.37;0.34;-0.59;-0.14;1.68;-0.14
16547.0;-2.6;-0.17;9.35;0.37;0.35;-0.59;0.49;1.33;0.49
16548.0;-2.51;-0.09;9.3;0.37;0.35;-0.59;0.77;1.75;0.77
16549.0;-2.58;-0.05;9.29;0.37;0.35;-0.59;0.77;1.05;0.77
16550.0;-2.69;-0.16;9.43;0.37;0.35;-0.6;0.7;1.54;0.7
16551.0;-2.66;-0.11;9.36;0.37;0.35;-0.6;0.49;1.89;0.49
16552.0;-2.61;-0.08;9.45;0.36;0.35;-0.6;0.35;1.33;0.35
16553.0;-2.59;-0.17;9.3;0.36;0.35;-0.6;0.07;0.42;0.07
16554.0;-2.66;-0.08;9.32;0.36;0.35;-0.6;0.91;0.63;0.91
16555.0;-2.54;-0.07;9.42;0.37;0.34;-0.59;0.63;1.75;0.63
16556.0;-2.56;-0.09;9.27;0.37;0.34;-0.59;0.49;2.38;0.49
16557.0;-2.62;-0.18;9.32;0.37;0.34;-0.59;0.42;2.66;0.42
16558.0;-2.53;-0.11;9.33;0.37;0.35;-0.61;0.91;1.33;0.91
16559.0;-2.59;-0.17;9.47;0.37;0.35;-0.61;0.63;0.7;0.63
16560.0;-2.66;-0.07;9.35;0.36;0.34;-0.59;0.35;1.33;0.35
16561.0;-2.56;-0.06;9.35;0.36;0.34;-0.59;0.28;1.47;0.28
16563.0;-2.56;-0.17;9.34;0.37;0.34;-0.61;0.7;1.19;0.7
16564.0;-2.68;-0.11;9.45;0.37;0.34;-0.61;0.77;1.4;0.77
16565.0;-2.65;-0.08;9.35;0.36;0.34;-0.58;0.56;2.03;0.56
16566.0;-2.65;-0.28;9.37;0.36;0.34;-0.58;0.77;1.61;0.77
16567.0;-2.54;-0.11;9.29;0.36;0.34;-0.58;0.91;1.26;0.91
16568.0;-2.56;-0.15;9.31;0.37;0.35;-0.59;0.49;0.7;0.49
16569.0;-2.6;-0.09;9.38;0.37;0.35;-0.59;0.28;1.33;0.28
16570.0;-2.6;-0.16;9.4;0.36;0.36;-0.61;0.14;2.31;0.14
16571.0;-2.66;-0.08;9.4;0.36;0.36;-0.61;0.84;2.38;0.84
16572.0;-2.68;-0.15;9.38;0.36;0.36;-0.61;0.42;0.77;0.42
16573.0;-2.57;-0.18;9.42;0.36;0.35;-0.6;0.77;0.07;0.77
16574.0;-2.58;-0.15;9.35;0.36;0.35;-0.6;0.21;0.84;0.21
16575.0;-2.63;-0.16;9.38;0.36;0.36;-0.6;0.77;1.05;0.77
16576.0;-2.67;-0.14;9.34;0.36;0.36;-0.6;0.56;1.05;0.56
16577.0;-2.59;-0.2;9.47;0.36;0.36;-0.6;0.77;1.26;0.77
16578.0;-2.61;-0.11;9.45;0.36;0.36;-0.45;0.63;0.98;0.63
16579.0;-2.61;-0.09;9.35;0.38;0.35;-0.58;0.49;1.05;0.49
16580.0;-2.64;-0.17;9.31;0.38;0.35;-0.58;0.21;0.49;0.21
16581.0;-2.58;-0.17;9.38;0.37;0.36;-0.6;0.63;1.89;0.63
16582.0;-2.52;-0.22;9.31;0.37;0.36;-0.6;0.98;1.89;0.98
16583.0;-2.59;-0.04;9.45;0.37;0.36;-0.6;0.07;1.47;0.07
16584.0;-2.63;-0.16;9.35;0.37;0.35;-0.59;0.91;1.96;0.91
16585.0;-2.53;-0.25;9.27;0.37;0.35;-0.59;0.56;2.1;0.56
16586.0;-2.43;-0.19;9.42;0.36;0.35;-0.58;0.42;0.56;0.42
16587.0;-2.63;-0.06;9.38;0.36;0.35;-0.58;0.21;1.19;0.21
16588.0;-2.63;-0.17;9.29;0.36;0.35;-0.58;0.14;1.19;0.14
16589.0;-2.51;-0.09;9.38;0.36;0.34;-0.59;0.35;1.75;0.35
16590.0;-2.51;-0.17;9.34;0.36;0.34;-0.59;0.63;1.47;0.63
16591.0;-2.69;-0.13;9.3;0.37;0.35;-0.59;0.98;1.26;0.98
16592.0;-2.62;-0.13;9.41;0.37;0.35;-0.59;0.21;0.35;0.21
16593.0;-2.63;-0.08;9.43;0.37;0.35;-0.59;0.42;1.19;0.42
16594.0;-2.6;-0.17;9.34;0.36;0.34;-0.61;0.7;1.96;0.7
16595.0;-2.51;-0.11;9.38;0.36;0.34;-0.61;0.49;2.17;0.49
16596.0;-2.47;-0.11;9.42;0.37;0.35;-0.59;0.7;1.47;0.7
16597.0;-2.58;-0.13;9.36;0.37;0.35;-0.59;0.49;1.4;0.49
16598.0;-2.6;-0.14;9.38;0.37;0.35;-0.59;0.7;1.68;0.7
16599.0;-2.48;-0.13;9.36;0.37;0.36;-0.59;0.49;1.61;0.49
16600.0;-2.48;-0.1;9.35;0.37;0.36;-0.59;0.63;2.45;0.63
16601.0;-2.51;-0.12;9.35;0.37;0.36;-0.59;0.84;1.89;0.84
16602.0;-2.61;-0.1;9.27;0.37;0.35;-0.59;0.49;2.17;0.49
16603.0;-2.59;-0.08;9.32;0.37;0.35;-0.59;-0.14;0.49;-0.14
16604.0;-2.58;-0.11;9.37;0.37;0.35;-0.59;0.63;0.49;0.63
16605.0;-2.56;-0.05;9.38;0.36;0.36;-0.6;1.26;1.4;1.26
16606.0;-2.61;-0.11;9.31;0.36;0.36;-0.6;0.49;2.38;0.49
16608.0;-2.56;-0.19;9.3;0.37;0.34;-0.6;0.35;1.89;0.35
16609.0;-2.63;-0.15;9.32;0.37;0.34;-0.6;0.35;0.21;0.35
16610.0;-2.66;-0.11;9.38;0.37;0.35;-0.6;0.0;0.07;0.0
16611.0;-2.59;-0.11;9.35;0.37;0.35;-0.6;0.84;1.96;0.84
16612.0;-2.54;-0.17;9.3;0.37;0.35;-0.6;0.63;3.29;0.63
16613.0;-2.51;-0.11;9.4;0.37;0.35;-0.6;0.14;1.19;0.14
16614.0;-2.55;-0.07;9.34;0.37;0.35;-0.6;0.28;0.28;0.28
16615.0;-2.5;-0.09;9.35;0.38;0.35;-0.59;0.84;0.35;0.84
16616.0;-2.61;-0.12;9.38;0.38;0.35;-0.59;0.56;2.1;0.56
16617.0;-2.65;-0.17;9.45;0.38;0.35;-0.74;0.21;3.01;0.21
16618.0;-2.61;-0.17;9.35;0.37;0.35;-0.6;0.63;1.89;0.63
16619.0;-2.52;-0.1;9.29;0.37;0.35;-0.6;1.19;-17.85;1.19
16620.0;-2.67;-0.11;9.4;0.37;0.35;-0.59;0.28;0.21;0.28
16621.0;-2.58;-0.15;9.34;0.37;0.35;-0.59;-17.92;1.82;-17.92
16622.0;-2.58;-0.1;9.3;0.37;0.35;-0.59;0.28;3.22;0.28
16623.0;-2.47;-0.2;7.5;0.38;0.35;-0.6;0.77;0.84;0.77
16624.0;-2.64;-0.11;9.27;0.38;0.35;-0.6;0.56;-0.35;0.56
16625.0;-2.59;-0.14;9.45;0.38;0.35;-0.59;0.7;0.49;0.7
16626.0;-2.67;-0.1;9.34;0.38;0.35;-0.59;0.7;2.17;0.7
16627.0;-2.69;-0.12;9.37;0.38;0.35;-0.59;0.49;2.73;0.49
16628.0;-2.58;-0.16;9.25;0.38;0.35;-0.59;-0.14;1.12;-0.14
16629.0;-2.61;-0.16;9.32;0.38;0.35;-0.59;0.42;-0.28;0.42
16630.0;-2.61;-0.12;9.36;0.38;0.35;-0.59;1.19;-0.63;1.19
16631.0;-2.57;-0.17;9.27;0.38;0.35;-0.6;1.05;0.21;1.05
16632.0;-2.67;-0.11;9.45;0.38;0.35;-0.6;0.28;2.31;0.28
16633.0;-2.56;-0.1;9.34;0.38;0.35;-0.6;0.56;3.29;0.56
16634.0;-2.54;-0.11;9.31;0.37;0.35;-0.59;0.7;2.94;0.7
16635.0;-2.51;-0.12;9.31;0.37;0.35;-0.59;0.7;-1.05;0.7
16636.0;-2.66;-0.06;9.35;0.37;0.35;-0.6;0.56;-0.14;0.56
16637.0;-2.53;-0.09;9.38;0.37;0.35;-0.6;0.63;2.31;0.63
16638.0;-2.64;-0.11;9.26;0.37;0.35;-0.6;0.21;4.34;0.21
16639.0;-2.51;-0.17;9.28;0.37;0.35;-0.6;0.0;2.1;0.0
16640.0;-2.61;-0.16;9.25;0.37;0.35;-0.6;0.91;0.0;0.91
16641.0;-2.66;-0.14;9.42;0.37;0.35;-0.6;0.84;0.14;0.84
16642.0;-2.66;-0.17;9.35;0.37;0.35;-0.6;0.14;1.54;0.14
16643.0;-2.51;-0.09;9.37;0.37;0.35;-0.6;0.0;2.8;0.0
16644.0;-2.61;-0.09;9.38;0.36;0.35;-0.59;1.19;2.1;1.19
16645.0;-2.48;-0.09;9.28;0.36;0.35;-0.59;0.84;-0.07;0.84
16646.0;-2.63;-0.11;9.41;0.36;0.35;-0.59;0.21;0.77;0.21
16647.0;-2.6;-0.12;9.37;0.37;0.35;-0.59;0.35;3.15;0.35
16648.0;-2.57;-0.18;9.29;0.37;0.35;-0.59;0.14;3.01;0.14
16649.0;-2.63;-0.06;9.33;0.37;0.35;-0.59;0.21;0.91;0.21
16650.0;-2.59;-0.12;9.32;0.37;0.35;-0.6;1.12;-0.28;1.12
16651.0;-2.65;-0.06;9.53;0.37;0.35;-0.6;1.33;0.42;1.33
16652.0;-2.68;-0.14;9.41;0.37;0.35;-0.6;0.21;1.82;0.21
16653.0;-2.68;-0.14;9.45;0.36;0.35;-0.59;0.21;3.08;0.21
16654.0;-2.62;-0.27;9.46;0.36;0.35;-0.59;0.14;3.78;0.14
16655.0;-2.51;-0.11;9.29;0.36;0.35;-0.59;0.56;2.31;0.56
16656.0;-2.48;-0.09;9.31;0.37;0.35;-0.59;0.63;0.35;0.63
16657.0;-2.56;-0.16;9.34;0.37;0.35;-0.59;0.14;0.0;0.14
16658.0;-2.54;-0.09;9.34;0.36;0.35;-0.59;0.07;0.91;0.07
16659.0;-2.67;-0.17;9.32;0.36;0.35;-0.59;0.98;1.82;0.98
16660.0;-2.56;-0.14;9.31;0.36;0.35;-0.59;1.26;2.03;1.26
16661.0;-2.54;-0.1;9.3;0.37;0.35;-0.59;0.56;1.19;0.56
16662.0;-2.48;-0.15;9.34;0.37;0.35;-0.59;0.21;1.61;0.21
16663.0;-2.53;-0.15;9.22;0.38;0.35;-0.59;-0.21;1.96;-0.21
16664.0;-2.58;-0.12;9.44;0.38;0.35;-0.59;-0.14;0.21;-0.14
16665.0;-2.66;-0.18;9.37;0.38;0.35;-0.59;0.7;0.35;0.7
16666.0;-2.62;-0.05;9.38;0.37;0.34;-0.6;1.68;1.68;1.68
16667.0;-2.5;-0.09;9.34;0.37;0.34;-0.6;1.19;3.01;1.19
16668.0;-2.58;-0.11;9.32;0.37;0.34;-0.61;0.49;2.38;0.49
16669.0;-2.6;-0.09;9.22;0.37;0.35;-0.61;17.85;0.91;17.85
16670.0;-2.57;-0.22;9.36;0.37;0.35;-0.61;0.0;-0.28;0.0
16671.0;-2.64;-0.14;9.37;0.37;0.35;-0.59;0.07;0.21;0.07
16672.0;-2.66;-0.17;9.31;0.37;0.35;-0.59;0.14;2.45;0.14
16673.0;-2.51;-0.08;9.27;0.37;0.35;-0.59;1.12;3.15;1.12
16674.0;-2.57;-0.1;9.27;0.37;0.35;-0.58;1.54;1.89;1.54
16675.0;-2.65;-0.21;9.4;0.37;0.35;-0.58;1.12;0.14;1.12
16676.0;-2.54;-0.17;9.3;0.36;0.35;-0.58;0.42;0.42;0.42
16677.0;-2.63;-0.04;9.43;0.36;0.35;-0.58;-0.35;0.91;-0.35
16678.0;-2.48;-0.03;9.39;0.36;0.35;-0.58;0.14;1.68;0.14
16679.0;-2.66;-0.13;9.38;0.36;0.35;-0.59;0.49;1.96;0.49
16680.0;-2.63;-0.08;9.39;0.36;0.35;-0.59;1.26;0.49;1.26
16681.0;-2.57;-0.1;9.39;0.38;0.34;-0.59;0.91;1.33;0.91
16682.0;-2.57;-0.11;9.43;0.38;0.34;-0.59;0.7;2.45;0.7
16683.0;-2.49;-0.19;9.26;0.38;0.34;-0.59;0.07;2.1;0.07
16684.0;-2.56;-0.05;9.38;0.38;0.35;-0.6;0.35;0.56;0.35
16685.0;-2.63;-0.1;9.33;0.38;0.35;-0.6;0.56;0.49;0.56
16686.0;-2.64;-0.11;9.41;0.38;0.35;-0.6;0.21;1.47;0.21
16687.0;-2.65;-0.19;9.42;0.36;0.35;-0.6;0.42;1.75;0.42
16688.0;-2.5;-0.06;9.28;0.36;0.35;-0.6;0.7;2.24;0.7
16689.0;-2.53;-0.13;9.31;0.36;0.35;-0.6;0.98;1.33;0.98
16690.0;-2.66;-0.24;9.45;0.36;0.35;-0.6;0.84;0.28;0.84
16691.0;-2.65;-0.19;9.4;0.37;0.36;-0.59;-0.14;1.4;-0.14
16692.0;-2.54;-0.09;9.38;0.37;0.36;-0.59;0.07;2.03;0.07
16693.0;-2.58;-0.07;9.29;0.37;0.36;-0.59;0.21;1.47;0.21
16694.0;-2.59;-0.2;9.27;0.37;0.35;-0.58;0.77;0.84;0.77
16695.0;-2.59;-0.24;9.38;0.37;0.35;-0.58;1.05;0.56;1.05
16696.0;-2.6;-0.09;9.35;0.37;0.35;-0.61;0.56;1.75;0.56
16697.0;-2.6;-0.13;9.4;0.37;0.35;-0.61;0.77;2.59;0.77
16698.0;-2.58;-0.22;9.35;0.37;0.35;-0.61;0.7;2.17;0.7
16699.0;-2.66;-0.17;9.33;0.36;0.36;-0.6;0.77;0.28;0.77
16700.0;-2.53;-0.14;9.39;0.36;0.36;-0.6;0.49;0.0;0.49
16701.0;-2.49;-0.03;9.39;0.36;0.36;-0.6;0.56;0.91;0.56
16702.0;-2.59;-0.15;9.41;0.37;0.36;-0.58;0.49;2.52;0.49
16703.0;-2.48;-0.17;9.21;0.37;0.36;-0.58;0.28;2.31;0.28
16704.0;-2.54;-0.09;9.32;0.38;0.36;-0.59;0.35;1.68;0.35
16705.0;-2.6;-0.1;9.36;0.38;0.36;-0.59;0.84;0.28;0.84
16706.0;-2.59;-0.08;9.38;0.38;0.36;-0.59;0.56;0.7;0.56
16707.0;-2.66;-0.14;9.31;0.38;0.35;-0.6;0.0;1.12;0.0
16708.0;-2.58;-0.17;9.31;0.38;0.35;-0.6;0.35;2.24;0.35
16709.0;-2.53;-0.09;9.35;0.37;0.34;-0.59;0.77;1.4;0.77
16710.0;-2.6;-0.08;9.4;0.37;0.34;-0.59;0.7;1.4;0.7
16711.0;-2.56;-0.11;9.4;0.37;0.34;-0.59;0.98;0.98;0.98
16712.0;-2.71;-0.19;9.28;0.37;0.36;-0.6;0.49;0.77;0.49
16713.0;-2.56;-0.06;9.41;0.37;0.36;-0.6;0.77;1.19;0.77
16714.0;-2.53;-0.14;9.3;0.37;0.35;-0.59;0.56;2.1;0.56
16715.0;-2.55;-0.18;9.37;0.37;0.35;-0.59;0.49;1.33;0.49
16716.0;-2.54;-0.07;9.42;0.37;0.35;-0.59;0.63;1.68;0.63
16717.0;-2.61;-0.11;9.32;0.37;0.35;-0.59;0.35;1.68;0.35
16718.0;-2.51;-0.05;9.38;0.37;0.35;-0.59;0.35;1.54;0.35
16719.0;-2.6;-0.1;9.22;0.37;0.35;-0.59;0.28;1.33;0.28
16720.0;-2.63;-0.16;9.3;0.37;0.34;-0.59;0.7;1.82;0.7
16721.0;-2.53;-0.17;9.31;0.37;0.34;-0.59;0.56;1.68;0.56
16722.0;-2.54;-0.06;9.3;0.36;0.35;-0.58;0.63;1.19;0.63
16723.0;-2.58;-0.18;9.42;0.36;0.35;-0.58;0.0;1.33;0.0
16724.0;-2.65;-0.09;9.25;0.36;0.35;-0.58;0.35;1.12;0.35
16725.0;-2.58;-0.06;9.3;0.37;0.35;-0.59;0.28;1.4;0.28
16726.0;-2.55;-0.14;9.35;0.37;0.35;-0.59;0.56;0.98;0.56
16727.0;-2.55;-0.09;9.32;0.37;0.35;-0.59;0.7;1.54;0.7
16728.0;-2.58;-0.09;9.25;0.37;0.35;-0.59;0.42;2.1;0.42
16729.0;-2.61;-0.22;9.35;0.37;0.35;-0.59;0.28;1.68;0.28
16730.0;-2.61;-0.08;9.32;0.37;0.35;-0.6;0.28;0.63;0.28
16731.0;-2.71;-0.13;9.36;0.37;0.35;-0.6;0.28;0.56;0.28
16732.0;-2.54;-0.15;9.32;0.37;0.35;-0.6;0.07;0.63;0.07
16733.0;-2.59;-0.1;9.29;0.37;0.35;-0.59;0.63;1.12;0.63
16734.0;-2.51;-0.2;9.38;0.37;0.35;-0.59;1.12;1.4;1.12
16735.0;-2.55;-0.11;9.31;0.37;0.35;-0.59;0.77;2.24;0.77
16736.0;-2.58;-0.22;9.44;0.37;0.35;-0.59;0.49;1.61;0.49
16737.0;-2.63;-0.08;9.35;0.37;0.35;-0.59;0.49;1.68;0.49
16739.0;-2.57;-0.12;9.35;0.37;0.35;-0.59;-0.14;1.05;-0.14
16740.0;-2.58;-0.07;9.32;0.37;0.35;-0.59;0.21;0.28;0.21
16741.0;-2.61;-0.06;9.43;0.36;0.35;-0.6;0.91;1.33;0.91
16742.0;-2.59;-0.26;9.33;0.36;0.35;-0.6;0.98;1.68;0.98
16743.0;-2.62;-0.15;9.41;0.37;0.35;-0.59;0.7;2.73;0.7
16744.0;-2.7;-0.22;9.3;0.37;0.35;-0.59;0.49;2.45;0.49
16745.0;-2.5;-0.12;9.33;0.37;0.35;-0.59;0.21;1.61;0.21
16746.0;-2.59;-0.16;9.27;0.37;0.35;-0.58;0.14;0.21;0.14
16747.0;-2.64;-0.11;9.4;0.37;0.35;-0.58;0.35;0.28;0.35
16748.0;-2.61;-0.08;9.32;0.37;0.36;-0.59;-0.07;1.26;-0.07
16749.0;-2.63;-0.14;9.3;0.37;0.36;-0.59;0.42;1.82;0.42
16750.0;-2.61;-0.13;9.32;0.37;0.36;-0.59;0.98;1.54;0.98
16751.0;-2.55;-0.09;9.34;0.38;0.35;-0.59;0.42;1.82;0.42
16752.0;-2.58;-0.17;9.27;0.38;0.35;-0.59;0.21;1.82;0.21
16753.0;-2.62;-0.21;9.33;0.37;0.35;-0.59;0.0;0.98;0.0
16754.0;-2.64;-0.16;9.32;0.37;0.35;-0.59;0.14;0.77;0.14
16755.0;-2.66;-0.09;9.27;0.37;0.35;-0.59;0.21;0.91;0.21
16756.0;-2.73;-0.23;9.25;0.38;0.35;-0.58;0.98;-0.56;0.98
16757.0;-2.61;-0.14;9.32;0.38;0.35;-0.58;1.26;0.42;1.26
16758.0;-2.56;-0.11;9.51;0.38;0.35;-0.58;1.47;5.04;1.47
16759.0;-2.38;-0.06;9.33;0.37;0.36;-0.58;-0.56;5.39;-0.56
16760.0;-2.4;-0.14;9.13;0.37;0.36;-0.58;-2.03;-0.63;-2.03
16761.0;-2.51;-0.06;9.24;0.37;0.36;-0.58;-0.07;-4.48;-0.07
16762.0;-2.66;-0.05;9.5;0.36;0.34;-0.59;3.15;-1.19;3.15
16763.0;-2.84;-0.22;9.47;0.36;0.34;-0.59;0.98;3.36;0.98
16764.0;-2.65;-0.11;9.35;0.36;0.34;-0.59;-1.61;6.02;-1.61
16765.0;-2.41;-0.16;9.31;0.36;0.35;-0.6;0.0;6.23;0.0
16766.0;-2.39;-0.14;9.21;0.36;0.35;-0.6;2.17;1.96;2.17
16767.0;-2.46;-0.11;9.23;0.36;0.35;-0.6;1.68;-3.99;1.68
16768.0;-2.68;-0.13;9.39;0.37;0.35;-0.58;-0.49;-5.53;-0.49
16769.0;-2.71;-0.09;9.53;0.37;0.35;-0.58;-0.35;-0.56;-0.35
16770.0;-2.75;-0.11;9.5;0.37;0.35;-0.58;0.98;6.51;0.98
16771.0;-2.56;-0.11;9.17;0.37;0.36;-0.59;1.05;7.49;1.05
16772.0;-2.51;-0.19;9.25;0.37;0.36;-0.59;0.21;1.26;0.21
16773.0;-2.54;-0.11;9.3;0.37;0.36;-0.59;0.7;-2.52;0.7
16774.0;-2.58;-0.06;9.35;0.37;0.35;-0.59;1.4;-2.03;1.4
16775.0;-2.76;-0.11;9.43;0.37;0.35;-0.59;-0.77;1.33;-0.77
16776.0;-2.55;-0.06;9.32;0.37;0.36;-0.59;-1.89;4.06;-1.89
16777.0;-2.46;-0.16;9.17;0.37;0.36;-0.59;1.82;4.41;1.82
16778.0;-2.48;-0.11;9.34;0.37;0.36;-0.59;3.29;0.21;3.29
16779.0;-2.7;-0.27;9.48;0.37;0.35;-0.59;1.4;-2.59;1.4
16780.0;-2.71;-0.11;9.55;0.37;0.35;-0.59;0.0;1.96;0.0
16781.0;-2.61;-0.22;9.26;0.37;0.35;-0.6;0.0;5.11;0.0
16782.0;-2.43;-0.05;9.23;0.37;0.35;-0.6;-1.82;2.17;-1.82
16783.0;-2.44;-0.09;9.27;0.37;0.35;-0.6;-0.42;-3.57;-0.42
16784.0;-2.75;-0.22;9.33;0.37;0.34;-0.59;2.52;-2.52;2.52
16785.0;-2.79;-0.09;9.4;0.37;0.34;-0.59;1.89;2.59;1.89
16786.0;-2.58;-0.14;9.35;0.37;0.34;-0.59;0.0;6.86;0.0
16787.0;-2.53;-0.12;9.27;0.36;0.35;-0.59;0.49;5.32;0.49
16788.0;-2.45;-0.25;9.23;0.36;0.35;-0.59;1.54;0.14;1.54
16789.0;-2.51;-0.13;9.38;0.37;0.35;-0.6;-0.35;-3.85;-0.35
16790.0;-2.69;-0.04;9.44;0.37;0.35;-0.6;-1.26;-2.66;-1.26
16791.0;-2.68;-0.03;9.35;0.37;0.35;-0.6;0.28;2.73;0.28
16792.0;-2.55;-0.19;9.25;0.37;0.35;-0.59;1.54;5.18;1.54
16793.0;-2.46;-0.19;9.24;0.37;0.35;-0.59;2.31;6.23;2.31
16794.0;-2.48;-0.19;9.25;0.37;0.35;-0.6;0.56;-0.42;0.56
16795.0;-2.63;-0.04;9.53;0.37;0.35;-0.6;1.26;-4.2;1.26
16796.0;-2.66;-0.11;9.47;0.37;0.35;-0.6;0.56;5.25;0.56
16797.0;-2.58;-0.19;9.29;0.37;0.35;-0.59;-2.66;1.82;-2.66
16798.0;-2.51;-0.17;9.27;0.37;0.35;-0.59;-0.77;-2.66;-0.77
16799.0;-2.54;-0.08;9.37;0.36;0.35;-0.59;4.41;6.51;4.41
16800.0;-2.64;-0.08;9.27;0.36;0.35;-0.59;0.07;1.33;0.07
16801.0;-2.66;-0.13;9.38;0.36;0.35;-0.59;-1.89;-4.13;-1.89
16802.0;-2.59;-0.14;9.48;0.36;0.35;-0.61;3.01;5.6;3.01
16803.0;-2.63;-0.11;9.36;0.36;0.35;-0.61;2.03;5.6;2.03
16804.0;-2.55;-0.28;9.28;0.36;0.35;-0.61;-2.59;-3.64;-2.59
16805.0;-2.58;-0.19;9.26;0.36;0.35;-0.59;-0.07;0.42;-0.07
16806.0;-2.62;-0.21;9.19;0.36;0.35;-0.59;2.87;4.27;2.87
16807.0;-2.56;-0.01;9.34;0.37;0.35;-0.6;-1.61;-1.47;-1.61
16808.0;-2.61;-0.19;9.27;0.37;0.35;-0.6;-0.91;1.12;-0.91
16809.0;-2.61;-0.22;9.35;0.37;0.35;-0.6;3.43;4.41;3.43
16810.0;-2.56;-0.09;9.27;0.37;0.35;-0.59;0.91;1.89;0.91
16811.0;-2.63;-0.29;9.36;0.37;0.35;-0.59;-0.98;-2.17;-0.98
16812.0;-2.58;-0.09;9.45;0.38;0.34;-0.59;0.98;2.03;0.98
16813.0;-2.52;-0.06;9.21;0.38;0.34;-0.59;2.31;4.97;2.31
16814.0;-2.56;-0.09;9.2;0.38;0.34;-0.59;-2.03;-0.14;-2.03
16815.0;-2.53;-0.21;9.24;0.36;0.34;-0.61;-0.77;-2.1;-0.77
16816.0;-2.56;-0.06;9.42;0.36;0.34;-0.61;3.78;3.01;3.78
16817.0;-2.72;-0.11;9.45;0.37;0.34;-0.6;0.49;1.75;0.49
16818.0;-2.55;-0.08;9.38;0.37;0.34;-0.6;-1.33;0.84;-1.33
16819.0;-2.47;-0.14;9.25;0.37;0.34;-0.6;1.33;4.06;1.33
16820.0;-2.58;-0.11;9.29;0.37;0.34;-0.6;2.03;1.82;2.03
16821.0;-2.49;-0.04;9.32;0.37;0.34;-0.6;-0.91;-2.66;-0.91
16822.0;-2.7;-0.05;9.45;0.37;0.34;-0.6;-0.28;0.91;-0.28
16823.0;-2.63;-0.16;9.31;0.36;0.35;-0.58;2.38;4.69;2.38
16824.0;-2.69;-0.21;9.35;0.36;0.35;-0.58;1.75;1.05;1.75
16836.0;-2.71;-0.08;9.5;0.36;0.35;-0.59;-0.77;-7.07;-0.77
16837.0;-2.92;-0.19;9.54;0.36;0.35;-0.61;-0.63;-0.49;-0.63
16838.0;-2.63;-0.04;9.42;0.36;0.35;-0.61;1.19;11.13;1.19
16839.0;-2.57;-0.21;11.0;0.36;0.35;-0.61;2.24;11.2;2.24
16840.0;-2.35;-0.26;9.15;0.37;0.35;-0.58;0.63;2.31;0.63
16841.0;-2.48;-0.11;9.32;0.37;0.35;-0.58;1.12;-6.23;1.12
16842.0;-2.75;-0.15;9.45;0.37;0.35;-0.6;1.33;-2.17;1.33
16843.0;-2.79;-0.12;9.55;0.37;0.35;-0.6;-1.96;3.29;-1.96
16844.0;-2.49;-0.06;9.28;0.37;0.35;-0.6;-2.17;6.86;-2.17
16845.0;-2.43;-0.24;7.39;0.37;0.36;-0.59;1.96;5.6;1.96
16846.0;-2.43;-0.22;9.19;0.37;0.36;-0.59;3.57;-1.75;3.57
16847.0;-2.73;-0.11;9.48;0.37;0.36;-0.6;1.12;-4.48;1.12
16848.0;-2.72;-0.12;9.62;0.36;0.34;-0.6;-0.49;0.77;-0.49
16849.0;-2.6;-0.19;9.41;0.36;0.34;-0.6;-0.56;7.98;-0.56
16850.0;-2.37;-0.17;9.11;0.36;0.36;-0.59;-0.63;2.45;-0.63
16851.0;-2.37;-0.09;9.16;0.36;0.36;-0.59;0.98;-2.94;0.98
16852.0;-2.58;-0.05;9.27;0.36;0.36;-0.59;2.8;-1.82;2.8
16853.0;-2.61;-0.03;9.57;0.36;0.35;-0.6;1.4;2.59;1.4
16854.0;-2.68;-0.09;9.37;0.36;0.35;-0.6;-0.21;5.25;-0.21
16855.0;-2.41;-0.06;9.29;0.36;0.35;-0.59;0.77;7.42;0.77
