Time(ms);AccX(m/s^2);AccY(m/s^2);AccZ(m/s^2);MagX(gauss);MagY(gauss);MagZ(gauss);GyroX(dps);GyroY(dps);GyroZ(dps)
12306.0;-2.92;-1.03;9.02;-0.1;0.17;-0.29;-0.49;0.07;-0.49
12307.0;-3.04;-1.07;9.0;-0.1;0.17;-0.29;1.47;-4.55;1.47
12308.0;-3.14;-1.17;9.17;-0.1;0.17;-0.3;0.98;-4.69;0.98
12309.0;-3.03;-1.19;9.22;-0.1;0.17;-0.3;-0.63;0.56;-0.63
12310.0;-3.04;-1.15;9.06;-0.1;0.17;-0.3;-2.59;2.87;-2.59
12311.0;-3.02;-1.0;9.0;-0.1;0.16;-0.29;-2.59;2.66;-2.59
12312.0;-2.87;-1.08;8.92;-0.1;0.16;-0.29;0.0;-1.33;0.0
12313.0;-2.96;-1.12;9.15;-0.1;0.16;-0.29;1.19;-3.92;1.19
12314.0;-3.01;-1.05;9.19;-0.1;0.16;-0.29;0.7;-3.92;0.7
12315.0;-3.02;-1.11;9.07;-0.1;0.16;-0.29;-0.49;-0.28;-0.49
12316.0;-3.12;-1.12;8.98;-0.1;0.16;-0.29;-1.75;2.17;-1.75
12317.0;-2.99;-1.08;9.0;-0.09;0.16;-0.29;-2.52;2.8;-2.52
12318.0;-3.0;-1.03;8.83;-0.09;0.16;-0.29;0.35;-1.4;0.35
12319.0;-2.96;-1.19;9.08;-0.09;0.16;-0.29;1.4;-4.62;1.4
12320.0;-3.02;-1.06;9.1;-0.1;0.17;-0.29;0.56;-3.15;0.56
12321.0;-3.03;-1.11;9.08;-0.1;0.17;-0.29;-1.47;1.68;-1.47
12322.0;-2.94;-0.95;9.02;-0.1;0.17;-0.29;-2.59;3.29;-2.59
12323.0;-2.94;-1.0;9.05;-0.1;0.17;-0.3;-0.63;0.28;-0.63
12324.0;-2.94;-1.09;8.96;-0.1;0.17;-0.3;1.47;-3.5;1.47
12325.0;-3.03;-1.18;9.04;-0.1;0.16;-0.28;1.33;-4.34;1.33
12326.0;-3.09;-1.08;9.15;-0.1;0.16;-0.28;0.07;-2.03;0.07
12327.0;-3.03;-1.08;9.17;-0.1;0.16;-0.28;-1.26;1.89;-1.26
12328.0;-2.95;-1.03;9.0;-0.1;0.16;-0.29;-2.52;3.15;-2.52
12329.0;-2.96;-1.17;9.0;-0.09;0.16;-0.29;-1.68;0.56;-1.68
12330.0;-2.95;-1.03;9.0;-0.09;0.16;-0.29;1.4;-3.36;1.4
12331.0;-2.99;-1.13;9.04;-0.09;0.15;-0.29;0.84;-3.43;0.84
12332.0;-3.12;-1.13;9.27;-0.09;0.15;-0.29;-0.7;-0.21;-0.7
12333.0;-3.04;-1.05;8.97;-0.09;0.15;-0.29;-1.68;2.24;-1.68
12334.0;-2.95;-1.11;9.06;-0.1;0.17;-0.29;-1.82;1.96;-1.82
12335.0;-2.99;-1.1;8.94;-0.1;0.17;-0.29;-0.84;-0.63;-0.84
12336.0;-2.99;-1.07;9.02;-0.1;0.17;-0.29;0.98;-3.15;0.98
12337.0;-2.99;-1.11;9.01;-0.1;0.17;-0.29;0.91;-3.36;0.91
12338.0;-3.01;-1.11;9.1;-0.1;0.17;-0.29;-0.77;-1.26;-0.77
12339.0;-2.96;-1.11;9.13;-0.1;0.17;-0.29;-1.47;1.19;-1.47
12340.0;-3.02;-1.08;9.07;-0.1;0.17;-0.29;-1.47;2.1;-1.47
12341.0;-2.95;-0.95;8.94;-0.1;0.17;-0.29;-1.33;0.07;-1.33
12342.0;-2.92;-1.12;9.02;-0.1;0.17;-0.29;0.63;-2.73;0.63
12343.0;-3.07;-1.11;8.99;-0.09;0.17;-0.3;1.05;-2.66;1.05
12344.0;-3.07;-1.1;9.12;-0.09;0.17;-0.3;-0.84;-0.35;-0.84
12345.0;-3.06;-1.17;9.08;-0.1;0.16;-0.28;-1.4;1.75;-1.4
12346.0;-3.07;-1.11;9.06;-0.1;0.16;-0.28;-1.54;0.77;-1.54
12347.0;-2.91;-1.04;9.0;-0.1;0.16;-0.28;0.35;-1.47;0.35
12348.0;-3.02;-1.02;9.01;-0.09;0.16;-0.28;0.7;-3.15;0.7
12349.0;-3.1;-1.15;9.08;-0.09;0.16;-0.28;0.07;-2.31;0.07
12350.0;-3.03;-1.13;9.12;-0.09;0.16;-0.28;-0.77;0.35;-0.77
12351.0;-2.94;-1.16;9.04;-0.09;0.17;-0.3;-1.47;1.54;-1.47
12352.0;-3.02;-1.03;9.08;-0.09;0.17;-0.3;-1.33;0.77;-1.33
12353.0;-3.01;-1.16;8.98;-0.09;0.17;-0.3;0.42;-1.89;0.42
12354.0;-2.99;-1.11;9.04;-0.09;0.16;-0.28;0.84;-2.17;0.84
12355.0;-2.99;-1.06;9.08;-0.09;0.16;-0.28;-0.35;-1.33;-0.35
12356.0;-3.03;-1.0;9.02;-0.09;0.16;-0.28;-1.19;0.63;-1.19
12357.0;-2.94;-1.11;9.07;-0.09;0.16;-0.29;-0.91;1.12;-0.91
12358.0;-3.0;-1.06;9.01;-0.09;0.16;-0.29;-1.12;-0.21;-1.12
12359.0;-2.85;-1.07;8.97;-0.09;0.16;-0.29;0.28;-2.03;0.28
12360.0;-3.07;-1.05;9.1;-0.09;0.16;-0.28;0.63;-2.66;0.63
12361.0;-3.03;-1.06;9.04;-0.09;0.16;-0.28;-0.14;-1.4;-0.14
12362.0;-2.96;-1.11;9.04;-0.09;0.16;-0.28;-1.05;0.56;-1.05
12363.0;-2.99;-1.06;9.14;-0.09;0.16;-0.28;-1.33;0.63;-1.33
12364.0;-2.98;-1.08;9.04;-0.09;0.16;-0.28;-0.91;0.35;-0.91
12365.0;-3.0;-1.08;9.07;-0.09;0.16;-0.29;0.63;-1.54;0.63
12366.0;-3.01;-1.16;9.04;-0.1;0.16;-0.29;0.21;-2.03;0.21
12367.0;-3.07;-1.11;9.08;-0.1;0.16;-0.29;-0.49;-0.21;-0.49
12368.0;-2.99;-1.08;9.09;-0.09;0.16;-0.29;-0.98;0.7;-0.98
12369.0;-2.95;-1.16;9.03;-0.09;0.16;-0.29;-0.77;0.98;-0.77
12370.0;-2.97;-1.1;9.08;-0.09;0.16;-0.29;-0.49;-1.26;-0.49
12371.0;-2.99;-1.1;9.02;-0.1;0.17;-0.29;0.49;-2.38;0.49
12372.0;-3.07;-1.11;9.09;-0.1;0.17;-0.29;-0.14;-1.12;-0.14
12373.0;-3.06;-1.02;9.08;-0.1;0.17;-0.29;-0.91;0.35;-0.91
12374.0;-2.98;-1.06;9.04;-0.09;0.16;-0.28;-1.12;1.05;-1.12
12375.0;-3.04;-1.01;8.99;-0.09;0.16;-0.28;-0.21;-0.63;-0.21
12376.0;-3.01;-1.13;9.03;-0.09;0.15;-0.29;0.21;-2.03;0.21
12377.0;-3.07;-1.08;9.12;-0.09;0.15;-0.29;0.14;-1.68;0.14
12378.0;-3.04;-1.1;9.07;-0.09;0.15;-0.29;-0.35;-0.7;-0.35
12379.0;-3.07;-1.03;9.03;-0.08;0.16;-0.3;-0.98;0.35;-0.98
12380.0;-2.87;-1.13;8.93;-0.08;0.16;-0.3;-1.05;0.77;-1.05
12381.0;-2.97;-1.09;9.07;-0.08;0.16;-0.3;-0.7;-0.56;-0.7
12382.0;-3.01;-1.06;9.1;-0.1;0.16;-0.3;0.21;-1.54;0.21
12383.0;-2.96;-1.07;9.08;-0.1;0.16;-0.3;-0.14;-2.1;-0.14
12384.0;-2.96;-1.05;9.17;-0.1;0.16;-0.3;-0.07;-0.84;-0.07
12385.0;-3.07;-1.01;9.07;-0.09;0.16;-0.3;-0.91;0.35;-0.91
12386.0;-3.01;-1.0;9.05;-0.09;0.16;-0.3;-0.91;0.56;-0.91
12387.0;-2.98;-1.06;9.11;-0.09;0.16;-0.3;-0.42;-1.05;-0.42
12388.0;-2.96;-1.09;9.03;-0.1;0.17;-0.29;0.42;-1.61;0.42
12389.0;-3.04;-1.13;9.1;-0.1;0.17;-0.29;-0.28;-1.4;-0.28
12390.0;-3.02;-1.11;9.1;-0.09;0.17;-0.3;-0.91;0.28;-0.91
12391.0;-2.97;-1.03;9.02;-0.09;0.17;-0.3;-0.7;0.28;-0.7
12392.0;-2.96;-1.03;9.06;-0.09;0.17;-0.3;-0.42;-0.77;-0.42
12393.0;-2.98;-1.05;9.0;-0.09;0.16;-0.3;-0.14;-1.47;-0.14
12394.0;-3.04;-1.1;9.17;-0.09;0.16;-0.3;0.07;-1.47;0.07
12395.0;-2.97;-1.18;9.02;-0.09;0.16;-0.3;-0.98;-0.35;-0.98
12396.0;-3.04;-1.16;9.07;-0.1;0.16;-0.3;-0.98;-0.35;-0.98
12397.0;-2.98;-1.07;9.14;-0.1;0.16;-0.3;-0.21;-0.07;-0.21
12398.0;-2.97;-1.05;9.03;-0.08;0.16;-0.3;-0.14;-0.91;-0.14
12399.0;-2.93;-1.08;9.12;-0.08;0.16;-0.3;-0.28;-1.4;-0.28
12400.0;-2.96;-1.03;9.16;-0.08;0.16;-0.3;-0.14;-1.19;-0.14
12401.0;-3.02;-1.08;9.18;-0.09;0.16;-0.3;-0.84;-0.35;-0.84
12402.0;-3.0;-1.06;9.02;-0.09;0.16;-0.3;-0.42;0.0;-0.42
12403.0;-3.03;-1.06;9.01;-0.09;0.16;-0.3;-0.49;-0.91;-0.49
12404.0;-3.09;-1.13;8.97;-0.09;0.17;-0.3;0.0;-1.26;0.0
12405.0;-2.96;-1.11;9.09;-0.09;0.17;-0.3;0.07;-1.4;0.07
12406.0;-3.03;-1.06;9.15;-0.1;0.16;-0.29;-0.14;-0.56;-0.14
12407.0;-2.99;-1.07;8.99;-0.1;0.16;-0.29;-1.19;0.35;-1.19
12408.0;-3.05;-1.04;9.04;-0.1;0.16;-0.29;-0.35;-0.42;-0.35
12409.0;-3.06;-1.03;8.96;-0.09;0.17;-0.29;-0.35;-1.05;-0.35
12410.0;-3.0;-1.11;9.04;-0.09;0.17;-0.29;-0.35;-1.05;-0.35
12411.0;-3.04;-1.19;8.99;-0.09;0.17;-0.29;-0.28;-1.33;-0.28
12412.0;-3.04;-1.02;9.16;-0.1;0.16;-0.27;-0.49;-0.84;-0.49
12413.0;-2.94;-1.09;9.08;-0.1;0.16;-0.27;-0.7;0.42;-0.7
12414.0;-2.99;-1.11;9.04;-0.09;0.17;-0.28;-0.77;-0.98;-0.77
12415.0;-3.02;-1.12;9.09;-0.09;0.17;-0.28;0.21;-1.33;0.21
12416.0;-3.11;-1.1;9.15;-0.09;0.17;-0.28;-0.42;-0.98;-0.42
12417.0;-3.05;-1.07;9.12;-0.1;0.16;-0.29;-0.84;0.49;-0.84
12418.0;-3.09;-1.08;9.09;-0.1;0.16;-0.29;-0.7;-0.49;-0.7
12419.0;-3.05;-1.03;9.02;-0.09;0.16;-0.3;-0.91;-0.7;-0.91
12420.0;-2.99;-1.03;9.03;-0.09;0.16;-0.3;-0.14;-1.26;-0.14
12421.0;-3.0;-0.93;9.0;-0.09;0.16;-0.3;-0.28;-1.54;-0.28
12422.0;-3.01;-1.0;9.05;-0.1;0.17;-0.29;-0.84;-0.42;-0.84
12423.0;-2.99;-1.02;9.13;-0.1;0.17;-0.29;-0.91;-0.28;-0.91
12424.0;-3.01;-1.11;9.12;-0.1;0.17;-0.29;-0.7;-0.35;-0.7
12425.0;-2.91;-0.98;9.07;-0.09;0.16;-0.28;-0.28;-1.75;-0.28
12426.0;-2.96;-1.0;9.06;-0.09;0.16;-0.28;-0.21;-1.47;-0.21
12427.0;-3.04;-1.16;9.13;-0.09;0.17;-0.29;-0.35;0.21;-0.35
12428.0;-2.98;-1.01;9.02;-0.09;0.17;-0.29;-0.77;-0.28;-0.77
12429.0;-2.92;-1.08;9.0;-0.09;0.17;-0.29;-0.91;-0.63;-0.91
12430.0;-2.98;-1.06;9.02;-0.09;0.16;-0.29;-0.14;-1.12;-0.14
12431.0;-3.08;-1.05;9.07;-0.09;0.16;-0.29;-0.35;-1.26;-0.35
12432.0;-3.03;-1.05;9.17;-0.09;0.17;-0.3;-0.7;-0.28;-0.7
12433.0;-2.99;-1.05;9.02;-0.09;0.17;-0.3;-0.84;-0.21;-0.84
12434.0;-3.0;-1.13;9.12;-0.09;0.17;-0.3;-0.14;-0.56;-0.14
12435.0;-2.99;-1.05;9.01;-0.1;0.16;-0.27;-0.14;-1.61;-0.14
12436.0;-2.99;-1.13;9.02;-0.1;0.16;-0.27;-0.28;-0.77;-0.28
12437.0;-2.98;-1.12;9.01;-0.1;0.15;-0.28;-0.49;0.0;-0.49
12438.0;-2.94;-1.11;9.11;-0.1;0.15;-0.28;-0.77;-0.07;-0.77
12439.0;-2.92;-1.0;8.99;-0.1;0.15;-0.28;0.07;-1.12;0.07
12440.0;-2.94;-1.05;9.15;-0.09;0.16;-0.29;-17.92;-1.26;-17.92
12441.0;-2.99;-1.06;9.07;-0.09;0.16;-0.29;-0.21;-0.91;-0.21
12442.0;-3.07;-1.17;9.0;-0.09;0.16;-0.29;-0.42;-0.07;-0.42
12443.0;-3.0;-1.03;8.99;-0.09;0.16;-0.29;-0.84;-0.42;-0.84
12444.0;-2.99;-1.03;9.17;-0.09;0.16;-0.29;0.14;-1.33;0.14
12445.0;-2.96;-1.01;9.05;-0.09;0.16;-0.29;-0.14;-1.19;-0.14
12446.0;-3.0;-1.1;9.12;-0.09;0.16;-0.29;-0.77;-0.35;-0.77
12447.0;-3.02;-1.16;9.06;-0.09;0.15;-0.28;-1.26;-0.49;-1.26
12449.0;-2.93;-1.07;8.92;-0.09;0.15;-0.28;0.0;-1.33;0.0
12450.0;-3.05;-1.07;9.11;-0.09;0.16;-0.29;-0.42;-1.19;-0.42
12451.0;-3.02;-1.03;9.1;-0.09;0.16;-0.29;-0.98;-0.49;-0.98
12452.0;-3.07;-1.13;9.01;-0.09;0.17;-0.29;-0.63;-0.28;-0.63
12453.0;-2.96;-1.13;9.07;-0.09;0.17;-0.29;-0.49;-0.77;-0.49
12454.0;-3.0;-1.12;9.07;-0.09;0.17;-0.29;-0.77;-0.98;-0.77
12455.0;-2.96;-1.08;9.15;-0.09;0.16;-0.29;-0.07;-0.63;-0.07
12456.0;-3.05;-1.1;8.95;-0.09;0.16;-0.29;-0.35;-0.63;-0.35
12457.0;-2.91;-1.03;9.1;-0.09;0.16;-0.29;-0.21;-0.7;-0.21
12458.0;-2.92;-1.08;9.04;-0.09;0.17;-0.29;-0.63;-0.7;-0.63
12459.0;-2.96;-1.05;9.07;-0.09;0.17;-0.29;-0.21;-0.98;-0.21
12460.0;-3.07;-1.05;9.1;-0.09;0.17;-0.29;0.0;-1.12;0.0
12461.0;-3.01;-1.02;9.02;-0.09;0.16;-0.28;-0.42;-0.7;-0.42
12462.0;-2.99;-1.05;9.05;-0.09;0.16;-0.28;-0.91;0.0;-0.91
12463.0;-2.99;-1.13;9.04;-0.09;0.16;-0.28;-0.84;-0.77;-0.84
12464.0;-3.07;-1.08;9.04;-0.09;0.16;-0.29;-0.28;-2.1;-0.28
12465.0;-3.11;-1.1;9.04;-0.09;0.16;-0.29;0.42;-0.77;0.42
12466.0;-2.99;-1.08;9.13;-0.09;0.16;-0.3;-1.05;-0.42;-1.05
12467.0;-2.96;-1.1;9.08;-0.09;0.16;-0.3;-0.7;-0.28;-0.7
12468.0;-3.01;-1.11;9.08;-0.09;0.16;-0.3;-0.21;-0.42;-0.21
12469.0;-3.0;-1.08;9.08;-0.09;0.17;-0.29;-0.21;-1.54;-0.21
12470.0;-2.99;-1.11;9.12;-0.09;0.17;-0.29;-0.21;-1.05;-0.21
12471.0;-3.09;-1.13;8.99;-0.09;0.15;-0.29;-0.28;-0.56;-0.28
12472.0;-3.07;-1.05;9.09;-0.1;0.15;-0.29;-0.7;-0.14;-0.7
12473.0;-2.96;-1.09;9.03;-0.1;0.15;-0.29;-0.49;-0.49;-0.49
12474.0;-3.03;-1.03;8.97;-0.1;0.16;-0.29;-0.35;-1.33;-0.35
12475.0;-2.96;-1.03;9.02;-0.1;0.16;-0.29;-0.49;-1.68;-0.49
12476.0;-3.0;-1.14;9.03;-0.1;0.16;-0.29;0.14;0.07;0.14
12477.0;-2.96;-1.05;9.07;-0.1;0.16;-0.29;-0.49;-0.07;-0.49
12478.0;-2.94;-1.04;9.05;-0.1;0.16;-0.29;-0.91;-0.35;-0.91
12479.0;-3.03;-1.03;9.03;-0.1;0.16;-0.29;-0.7;-0.7;-0.7
12480.0;-2.99;-1.15;9.13;-0.1;0.17;-0.29;-0.28;-0.49;-0.28
12481.0;-3.02;-1.08;9.12;-0.1;0.17;-0.29;-0.49;-0.98;-0.49
12482.0;-2.98;-1.15;9.09;-0.1;0.17;-0.29;-0.07;-1.75;-0.07
12483.0;-2.96;-1.05;9.07;-0.1;0.16;-0.29;-0.14;-0.98;-0.14
12484.0;-2.95;-1.05;9.01;-0.1;0.16;-0.29;-0.77;-0.28;-0.77
12485.0;-3.08;-1.12;9.07;-0.1;0.16;-0.29;-0.49;-0.42;-0.49
12486.0;-3.04;-1.1;8.99;-0.1;0.17;-0.29;0.0;-0.98;0.0
12487.0;-3.08;-1.13;9.04;-0.1;0.17;-0.29;0.21;-1.26;0.21
12488.0;-3.02;-1.11;9.12;-0.1;0.17;-0.28;-0.28;-1.54;-0.28
12489.0;-2.96;-1.08;9.08;-0.1;0.17;-0.28;-0.84;-0.42;-0.84
12490.0;-2.96;-1.01;9.02;-0.1;0.17;-0.28;-1.19;0.77;-1.19
12491.0;-2.98;-1.09;9.19;-0.09;0.17;-0.28;-0.42;-0.84;-0.42
12492.0;-2.99;-1.16;9.04;-0.09;0.17;-0.28;0.35;-1.82;0.35
12493.0;-3.03;-1.12;9.05;-0.09;0.16;-0.29;0.14;-1.47;0.14
12494.0;-3.13;-1.23;9.11;-0.09;0.16;-0.29;-0.14;0.0;-0.14
12495.0;-3.01;-1.21;9.0;-0.09;0.16;-0.29;-1.33;0.7;-1.33
12496.0;-2.96;-1.11;8.99;-0.09;0.16;-0.3;-0.98;-0.91;-0.98
12497.0;-3.04;-1.03;9.02;-0.09;0.16;-0.3;0.14;-1.96;0.14
12498.0;-3.0;-1.14;9.11;-0.09;0.16;-0.3;0.35;-1.33;0.35
12499.0;-2.94;-1.03;9.12;-0.1;0.17;-0.29;-0.84;-0.84;-0.84
12500.0;-2.99;-1.15;9.09;-0.1;0.17;-0.29;-0.63;0.21;-0.63
12501.0;-2.97;-1.08;9.08;-0.1;0.17;-0.28;-0.56;1.47;-0.56
12502.0;-3.0;-1.12;8.97;-0.1;0.17;-0.28;-0.56;-1.47;-0.56
12503.0;-3.04;-1.06;9.07;-0.1;0.17;-0.28;0.28;-2.17;0.28
12504.0;-3.03;-1.15;9.04;-0.09;0.17;-0.29;0.49;-1.05;0.49
12505.0;-3.01;-1.07;9.19;-0.09;0.17;-0.29;-1.19;-0.28;-1.19
12506.0;-2.91;-1.03;9.13;-0.1;0.16;-0.29;-0.14;0.42;-0.14
12507.0;-2.94;-0.98;8.95;-0.1;0.16;-0.29;-0.63;0.14;-0.63
12508.0;-2.96;-1.0;9.07;-0.1;0.16;-0.29;0.14;-2.24;0.14
12509.0;-2.97;-1.06;9.07;-0.09;0.16;-0.3;0.56;-1.54;0.56
12510.0;-2.89;-1.13;9.1;-0.09;0.16;-0.3;-0.63;0.21;-0.63
12511.0;-3.0;-1.08;9.12;-0.09;0.16;-0.3;-1.89;-0.42;-1.89
12512.0;-3.07;-1.03;8.97;-0.09;0.16;-0.29;-0.35;-0.7;-0.35
12513.0;-2.95;-0.99;9.11;-0.09;0.16;-0.29;0.28;-0.14;0.28
12514.0;-3.04;-1.11;9.12;-0.09;0.16;-0.29;-0.91;-1.4;-0.91
12515.0;-3.04;-1.16;9.1;-0.09;0.15;-0.29;-0.56;0.28;-0.56
12516.0;-3.15;-1.36;8.97;-0.09;0.15;-0.29;-0.42;-0.7;-0.42
12517.0;-3.2;-1.26;9.04;-0.09;0.15;-0.29;-0.7;-3.15;-0.7
12518.0;-3.09;-1.25;9.03;-0.09;0.16;-0.29;0.35;3.99;0.35
12519.0;-2.94;-1.32;9.04;-0.09;0.16;-0.29;-2.66;1.05;-2.66
12520.0;-3.05;-0.95;8.99;-0.09;0.17;-0.28;0.0;-7.56;0.0
12521.0;-3.12;-1.0;8.99;-0.09;0.17;-0.28;2.94;17.22;2.94
12522.0;-3.01;-1.06;9.12;-0.09;0.17;-0.28;-2.24;2.59;-2.24
12523.0;-2.85;-1.0;9.06;-0.09;0.17;-0.29;-2.66;-0.21;-2.66
12524.0;-2.92;-0.96;8.98;-0.09;0.17;-0.29;0.21;0.21;0.21
12525.0;-2.89;-1.06;9.02;-0.09;0.17;-0.29;-0.42;-1.33;-0.42
12526.0;-3.0;-1.04;9.12;-0.1;0.18;-0.29;1.96;-4.13;1.96
12527.0;-3.01;-1.17;9.11;-0.1;0.18;-0.29;0.28;-0.84;0.28
12528.0;-2.99;-1.01;9.1;-0.09;0.17;-0.29;-3.5;2.17;-3.5
12529.0;-2.98;-1.03;8.98;-0.09;0.17;-0.29;0.21;2.45;0.21
12530.0;-3.02;-1.14;8.88;-0.09;0.17;-0.29;-0.35;-3.99;-0.35
12531.0;-3.15;-1.18;8.99;-0.09;0.16;-0.29;0.63;-5.46;0.63
12532.0;-3.09;-1.11;9.23;-0.09;0.16;-0.29;1.96;0.63;1.96
12533.0;-3.04;-1.25;9.15;-0.09;0.17;-0.3;-2.66;2.1;-2.66
12534.0;-3.02;-1.06;8.97;-0.09;0.17;-0.3;-3.22;0.56;-3.22
12535.0;-3.01;-1.01;8.95;-0.09;0.17;-0.3;1.05;-0.21;1.05
12536.0;-2.98;-1.06;9.02;-0.09;0.17;-0.29;0.42;-2.38;0.42
12537.0;-2.99;-0.98;9.19;-0.09;0.17;-0.29;0.56;-5.46;0.56
12538.0;-3.07;-1.03;7.36;-0.09;0.17;-0.28;0.07;1.68;0.07
12539.0;-3.03;-1.06;9.05;-0.09;0.16;-0.28;-3.36;4.76;-3.36
12540.0;-2.86;-1.08;8.97;-0.09;0.16;-0.28;-0.63;-0.56;-0.63
12541.0;-3.01;-1.1;8.97;-0.09;0.16;-0.28;1.68;-3.85;1.68
12542.0;-2.99;-1.12;9.12;-0.09;0.16;-0.28;0.56;-3.5;0.56
12543.0;-3.01;-1.14;9.26;-0.09;0.16;-0.28;0.42;17.57;0.42
12544.0;-2.96;-1.04;9.15;-0.08;0.17;-0.28;-2.1;2.94;-2.1
12545.0;-2.96;-1.03;8.94;-0.08;0.17;-0.28;-2.8;1.4;-2.8
12546.0;-2.89;-1.04;8.89;-0.09;0.17;-0.29;0.7;-1.12;0.7
12547.0;-3.06;-1.08;9.12;-0.09;0.17;-0.29;1.54;-5.11;1.54
12548.0;-2.94;-1.08;9.1;-0.09;0.17;-0.29;-0.28;-1.05;-0.28
12549.0;-3.2;-1.12;9.21;-0.09;0.16;-0.3;-1.75;2.94;-1.75
12550.0;-2.94;-1.09;8.89;-0.09;0.16;-0.3;-2.31;2.24;-2.31
12551.0;-2.83;-0.98;8.87;-0.09;0.16;-0.29;1.26;-2.66;1.26
12552.0;-3.02;-1.06;8.99;-0.09;0.16;-0.29;1.82;-4.13;1.82
12553.0;-3.01;-1.12;9.24;-0.09;0.16;-0.29;0.35;-1.68;0.35
12554.0;-2.97;-1.13;9.12;-0.1;0.17;-0.29;-1.05;1.47;-1.05
12555.0;-3.01;-1.08;9.01;-0.1;0.17;-0.29;-2.66;3.08;-2.66
12556.0;-2.99;-1.01;8.89;-0.1;0.17;-0.29;-1.54;1.54;-1.54
12557.0;-2.94;-1.11;9.01;-0.1;0.17;-0.29;1.05;-2.31;1.05
12558.0;-3.03;-1.1;8.97;-0.1;0.17;-0.29;1.47;-4.2;1.47
12559.0;-3.04;-1.16;9.23;-0.1;0.17;-0.29;-0.35;-2.1;-0.35
12560.0;-3.04;-1.09;9.1;-0.09;0.16;-0.28;-1.12;3.43;-1.12
12561.0;-3.06;-1.06;9.01;-0.09;0.16;-0.28;-2.45;2.59;-2.45
12562.0;-3.03;-1.05;8.85;-0.09;0.16;-0.28;17.64;-1.68;17.64
12563.0;-3.07;-1.11;8.99;-0.09;0.17;-0.28;2.38;-4.27;2.38
12564.0;-3.08;-1.04;9.12;-0.09;0.17;-0.28;0.77;-2.94;0.77
12565.0;-3.0;-1.08;9.08;-0.09;0.17;-0.29;-1.82;1.26;-1.82
12566.0;-3.07;-1.14;9.09;-0.09;0.17;-0.29;-2.73;3.01;-2.73
12567.0;-2.94;-0.95;8.94;-0.09;0.17;-0.29;-1.4;-0.7;-1.4
12568.0;-2.91;-0.98;8.97;-0.09;0.16;-0.3;1.61;-2.45;1.61
12569.0;-3.07;-1.16;9.16;-0.09;0.16;-0.3;0.7;-4.13;0.7
12570.0;-3.12;-1.16;9.17;-0.09;0.16;-0.29;-1.19;0.42;-1.19
12572.0;-2.95;-1.03;9.05;-0.09;0.16;-0.29;-1.54;0.35;-1.54
12573.0;-3.0;-0.95;8.87;-0.09;0.16;-0.29;0.7;-3.08;0.7
12574.0;-3.04;-1.1;9.09;-0.09;0.16;-0.29;1.68;-3.92;1.68
12575.0;-3.04;-1.12;9.04;-0.08;0.17;-0.29;-1.12;-0.42;-1.12
12576.0;-3.01;-1.05;9.14;-0.08;0.17;-0.29;-1.54;2.17;-1.54
12577.0;-2.96;-1.08;9.04;-0.08;0.17;-0.29;-1.68;1.05;-1.68
12578.0;-2.91;-0.93;8.97;-0.08;0.16;-0.28;0.7;-2.87;0.7
12579.0;-2.97;-1.1;9.06;-0.08;0.16;-0.28;1.61;-3.22;1.61
12580.0;-3.03;-1.06;9.17;-0.09;0.17;-0.3;-0.98;-0.63;-0.98
12581.0;-3.07;-1.1;9.02;-0.09;0.17;-0.3;-1.89;2.59;-1.89
12582.0;-3.02;-1.06;8.96;-0.09;0.17;-0.3;-1.26;1.47;-1.26
12583.0;-2.93;-1.05;8.99;-0.09;0.16;-0.28;-0.14;-2.1;-0.14
12584.0;-3.08;-1.13;9.05;-0.09;0.16;-0.28;1.54;-3.92;1.54
12585.0;-3.04;-1.09;9.16;-0.09;0.16;-0.28;0.56;-2.03;0.56
12586.0;-3.07;-1.04;9.15;-0.09;0.16;-0.29;-1.68;0.77;-1.68
12588.0;-2.96;-1.05;9.04;-0.09;0.16;-0.3;-0.77;-0.35;-0.77
12589.0;-2.94;-1.06;9.07;-0.09;0.16;-0.3;1.05;-3.22;1.05
12590.0;-3.02;-1.18;9.15;-0.09;0.16;-0.3;1.05;-3.5;1.05
12591.0;-3.08;-1.1;9.15;-0.09;0.16;-0.29;-1.47;1.12;-1.47
12592.0;-3.01;-1.08;9.03;-0.09;0.16;-0.29;-1.82;2.73;-1.82
12593.0;-2.97;-1.0;9.01;-0.09;0.17;-0.29;-1.26;0.0;-1.26
12594.0;-3.0;-1.04;8.96;-0.09;0.17;-0.29;0.98;-3.36;0.98
12595.0;-3.06;-1.12;9.08;-0.09;0.17;-0.29;0.77;-3.5;0.77
12596.0;-3.06;-1.11;9.2;-0.1;0.17;-0.3;-0.77;0.56;-0.77
12597.0;-2.96;-0.99;9.05;-0.1;0.17;-0.3;-1.96;2.24;-1.96
12598.0;-3.04;-1.1;8.99;-0.1;0.16;-0.28;-1.19;0.7;-1.19
12599.0;-3.03;-1.09;9.02;-0.08;0.16;-0.28;0.21;-2.66;0.21
12600.0;-3.01;-1.05;9.12;-0.08;0.16;-0.28;1.12;-3.43;1.12
12601.0;-2.98;-1.12;9.22;-0.1;0.16;-0.28;-0.07;-1.05;-0.07
12602.0;-2.96;-1.12;9.19;-0.1;0.16;-0.28;-2.24;1.4;-2.24
12603.0;-3.01;-1.08;9.08;-0.1;0.16;-0.28;-1.19;1.4;-1.19
12604.0;-2.9;-1.09;9.04;-0.1;0.16;-0.29;-0.07;-1.12;-0.07
12605.0;-3.01;-1.08;8.94;-0.1;0.16;-0.29;0.77;-2.87;0.77
12606.0;-3.09;-1.17;9.08;-0.1;0.16;-0.29;0.91;-1.96;0.91
12607.0;-3.01;-1.01;9.08;-0.1;0.16;-0.29;-1.61;0.63;-1.61
12608.0;-2.9;-1.14;8.97;-0.1;0.16;-0.29;-1.4;1.61;-1.4
12609.0;-2.87;-1.15;8.97;-0.09;0.17;-0.29;-0.35;-0.91;-0.35
12610.0;-2.94;-1.05;9.06;-0.09;0.17;-0.29;0.77;-2.52;0.77
12611.0;-3.01;-1.12;9.11;-0.09;0.17;-0.29;0.56;-2.17;0.56
12612.0;-3.06;-1.1;9.15;-0.09;0.17;-0.29;-1.19;0.07;-1.19
12613.0;-3.07;-1.19;9.03;-0.09;0.17;-0.29;-1.68;1.47;-1.68
12614.0;-2.96;-1.11;8.97;-0.09;0.17;-0.29;-0.35;0.91;-0.35
12615.0;-2.94;-1.02;8.97;-0.09;0.17;-0.29;-0.14;-1.82;-0.14
12616.0;-2.98;-1.16;9.16;-0.09;0.17;-0.29;0.42;-2.52;0.42
12617.0;-3.03;-1.17;9.05;-0.1;0.16;-0.28;0.21;-1.96;0.21
12618.0;-3.07;-1.16;9.17;-0.1;0.16;-0.28;-0.7;-0.63;-0.7
12619.0;-3.06;-1.01;9.1;-0.1;0.16;-0.28;-1.75;1.19;-1.75
12620.0;-2.96;-1.13;9.04;-0.1;0.16;-0.29;-1.12;1.54;-1.12
12621.0;-2.97;-0.99;8.99;-0.09;0.16;-0.29;-0.42;-0.98;-0.42
12622.0;-2.96;-0.99;9.01;-0.09;0.16;-0.29;0.28;-2.31;0.28
12623.0;-3.09;-1.13;9.17;-0.09;0.16;-0.29;0.7;-1.75;0.7
12624.0;-3.05;-1.14;9.11;-0.09;0.16;-0.29;-0.7;-0.49;-0.7
12625.0;-3.07;-1.1;9.06;-0.09;0.16;-0.29;-1.47;0.35;-1.47
12626.0;-2.97;-1.11;9.05;-0.09;0.15;-0.29;-0.84;1.89;-0.84
12627.0;-2.94;-1.03;9.06;-0.09;0.15;-0.29;-0.56;-1.47;-0.56
12628.0;-3.0;-1.06;9.01;-0.09;0.15;-0.29;0.56;-3.64;0.56
12629.0;-3.05;-1.13;9.25;-0.09;0.17;-0.29;0.91;-0.91;0.91
12630.0;-3.01;-1.06;9.03;-0.09;0.17;-0.29;-1.61;1.54;-1.61
12631.0;-3.06;-1.09;9.07;-0.08;0.17;-0.29;-1.68;0.7;-1.68
12632.0;-2.99;-1.1;9.0;-0.08;0.17;-0.29;0.0;-0.7;0.0
12633.0;-3.05;-1.06;8.94;-0.08;0.17;-0.29;0.0;-2.24;0.0
12634.0;-3.1;-1.06;9.12;-0.1;0.17;-0.29;0.42;-1.54;0.42
12635.0;-3.01;-0.98;9.2;-0.1;0.17;-0.29;-1.82;0.49;-1.82
12636.0;-3.04;-1.06;9.02;-0.09;0.16;-0.29;-1.26;0.98;-1.26
12637.0;-2.98;-1.13;8.99;-0.09;0.16;-0.29;0.28;-0.56;0.28
12638.0;-3.07;-1.16;9.11;-0.09;0.16;-0.29;0.35;-3.71;0.35
12639.0;-3.07;-1.11;9.07;-0.1;0.17;-0.29;0.98;-0.7;0.98
12640.0;-2.99;-1.02;9.11;-0.1;0.17;-0.29;-1.05;0.63;-1.05
12641.0;-2.93;-1.01;9.02;-0.09;0.16;-0.3;-1.26;-0.35;-1.26
12642.0;-3.03;-1.1;8.94;-0.09;0.16;-0.3;0.7;0.07;0.7
12643.0;-3.04;-1.08;8.97;-0.09;0.16;-0.3;-0.14;-2.17;-0.14
12644.0;-3.12;-1.13;9.06;-0.09;0.16;-0.29;0.35;-3.71;0.35
12645.0;-3.15;-1.11;9.09;-0.09;0.16;-0.29;0.14;1.05;0.14
12646.0;-2.94;-1.14;9.08;-0.09;0.17;-0.29;-2.31;1.61;-2.31
12647.0;-2.93;-1.0;9.07;-0.09;0.17;-0.29;-0.77;-0.98;-0.77
12648.0;-3.01;-1.03;9.04;-0.09;0.17;-0.29;0.84;-2.1;0.84
12649.0;-3.04;-1.18;9.07;-0.09;0.17;-0.28;-0.77;-2.17;-0.77
12650.0;-2.97;-1.1;9.25;-0.09;0.17;-0.28;-0.28;0.07;-0.28
12651.0;-3.04;-1.09;9.08;-0.09;0.16;-0.29;-1.75;1.19;-1.75
12652.0;-2.97;-0.97;8.95;-0.09;0.16;-0.29;-1.33;-0.14;-1.33
12653.0;-2.98;-1.04;9.02;-0.09;0.16;-0.29;1.47;-1.4;1.47
12654.0;-2.95;-1.04;9.11;-0.09;0.15;-0.28;-0.21;-1.89;-0.21
12655.0;-3.01;-1.07;9.04;-0.09;0.15;-0.28;-0.84;-0.98;-0.84
12656.0;-3.09;-1.0;9.04;-0.09;0.16;-0.28;-0.63;1.47;-0.63
12657.0;-2.94;-1.09;8.99;-0.09;0.16;-0.28;-1.4;0.28;-1.4
12658.0;-2.95;-1.14;8.95;-0.09;0.16;-0.28;-0.28;-1.47;-0.28
12659.0;-2.95;-1.06;9.03;-0.09;0.16;-0.27;1.05;-1.89;1.05
12660.0;-3.06;-1.15;9.07;-0.09;0.16;-0.27;-0.35;-1.89;-0.35
12661.0;-2.99;-1.1;8.99;-0.09;0.16;-0.27;-0.84;-0.35;-0.84
12662.0;-3.04;-1.18;9.02;-0.09;0.16;-0.28;-0.77;0.49;-0.77
12663.0;-3.01;-1.14;9.04;-0.09;0.16;-0.28;-0.91;0.56;-0.91
12664.0;-3.07;-1.11;9.02;-0.09;0.16;-0.28;-0.35;-1.61;-0.35
12666.0;-3.01;-1.18;9.1;-0.09;0.16;-0.28;-0.35;-0.98;-0.35
12667.0;-3.03;-1.03;9.12;-0.09;0.16;-0.28;-0.91;0.0;-0.91
12668.0;-2.96;-1.0;8.99;-0.09;0.16;-0.29;-1.05;0.0;-1.05
12669.0;-2.91;-1.07;9.07;-0.09;0.16;-0.29;-0.49;-0.77;-0.49
12670.0;-3.02;-1.08;9.02;-0.1;0.16;-0.29;0.63;-1.68;0.63
12672.0;-3.02;-1.07;9.1;-0.1;0.16;-0.29;-0.7;1.33;-0.7
12673.0;-2.93;-0.94;9.07;-0.1;0.16;-0.3;-1.05;0.0;-1.05
12674.0;-3.09;-1.06;9.03;-0.1;0.16;-0.3;-0.07;-1.33;-0.07
12675.0;-3.05;-1.13;9.07;-0.1;0.16;-0.28;0.7;-0.91;0.7
12676.0;-3.0;-1.11;9.11;-0.1;0.15;-0.28;-0.77;-1.75;-0.77
12677.0;-3.01;-1.08;9.02;-0.1;0.15;-0.28;-0.56;-0.21;-0.56
12678.0;-3.05;-1.18;9.11;-0.1;0.16;-0.28;-0.84;1.12;-0.84
12679.0;-2.98;-1.17;9.06;-0.1;0.16;-0.28;-0.84;-1.12;-0.84
12680.0;-3.04;-1.1;8.99;-0.1;0.16;-0.28;0.35;-1.61;0.35
12681.0;-3.03;-1.06;9.07;-0.09;0.15;-0.29;0.21;-1.61;0.21
12682.0;-3.07;-1.0;9.14;-0.09;0.15;-0.29;-0.7;0.42;-0.7
12683.0;-2.98;-1.01;9.06;-0.09;0.16;-0.28;-0.56;0.63;-0.56
12684.0;-3.0;-1.07;9.04;-0.09;0.16;-0.28;-0.63;-0.63;-0.63
12685.0;-3.05;-1.11;9.11;-0.09;0.16;-0.28;0.07;-1.68;0.07
12686.0;-3.01;-1.08;9.12;-0.09;0.17;-0.28;0.14;-1.4;0.14
12687.0;-2.94;-1.05;9.12;-0.09;0.17;-0.28;-1.4;0.07;-1.4
12688.0;-3.01;-1.05;8.97;-0.1;0.16;-0.27;-0.63;0.56;-0.63
12689.0;-2.99;-1.06;9.02;-0.1;0.16;-0.27;-0.56;-0.35;-0.56
12690.0;-3.04;-1.05;9.06;-0.1;0.16;-0.27;0.0;-1.96;0.0
12691.0;-3.08;-1.1;9.06;-0.09;0.16;-0.28;0.77;-2.03;0.77
12692.0;-2.96;-1.18;9.02;-0.09;0.16;-0.28;-0.07;-0.42;-0.07
12693.0;-3.05;-1.09;9.11;-0.09;0.16;-0.28;-1.26;0.21;-1.26
12694.0;-2.98;-1.12;9.05;-0.09;0.16;-0.29;-0.91;-0.07;-0.91
12695.0;-2.96;-1.05;9.02;-0.09;0.16;-0.29;-0.14;-0.21;-0.14
12696.0;-2.89;-1.08;9.04;-0.09;0.16;-0.29;0.07;-0.91;0.07
12697.0;-3.04;-1.07;9.06;-0.09;0.15;-0.28;-0.07;-2.31;-0.07
12698.0;-3.1;-1.08;9.17;-0.09;0.15;-0.28;-0.63;-0.35;-0.63
12699.0;-2.95;-1.12;9.02;-0.09;0.15;-0.28;-0.98;0.56;-0.98
12700.0;-2.99;-1.18;8.97;-0.09;0.16;-0.28;-0.49;-0.42;-0.49
12701.0;-3.01;-1.04;9.13;-0.09;0.16;-0.28;0.0;-1.33;0.0
12702.0;-3.0;-1.06;9.15;-0.09;0.16;-0.28;0.0;-1.75;0.0
12703.0;-2.93;-1.07;9.07;-0.09;0.16;-0.28;0.0;-1.12;0.0
12704.0;-3.07;-1.08;9.1;-0.09;0.16;-0.28;-1.12;0.7;-1.12
12705.0;-2.99;-1.09;9.05;-0.09;0.16;-0.28;-1.26;-0.21;-1.26
12706.0;-3.08;-1.11;9.03;-0.09;0.16;-0.28;0.14;-1.75;0.14
12707.0;-3.08;-1.12;9.11;-0.09;0.16;-0.29;-0.35;-0.84;-0.35
12708.0;-3.01;-1.01;9.11;-0.09;0.16;-0.29;-0.98;-1.19;-0.98
12709.0;-2.98;-1.05;9.02;-0.09;0.16;-0.29;-0.56;0.56;-0.56
12710.0;-2.99;-1.11;9.05;-0.09;0.16;-0.29;-1.12;-1.19;-1.12
12711.0;-3.07;-1.06;8.97;-0.09;0.16;-0.29;0.35;-1.19;0.35
12712.0;-3.01;-1.14;8.98;-0.09;0.16;-0.29;-0.28;-0.56;-0.28
12713.0;-2.93;-1.11;9.15;-0.09;0.16;-0.29;-0.91;-1.19;-0.91
12714.0;-3.03;-1.02;9.16;-0.09;0.16;-0.29;-0.49;0.56;-0.49
12715.0;-2.95;-1.06;8.96;-0.09;0.16;-0.28;-0.7;-0.35;-0.7
12716.0;-2.91;-1.07;9.08;-0.09;0.16;-0.28;-0.35;-1.75;-0.35
12717.0;-2.95;-1.06;8.95;-0.09;0.17;-0.29;0.28;-1.19;0.28
12718.0;-3.02;-1.16;9.0;-0.09;0.17;-0.29;-0.42;-0.28;-0.42
12719.0;-3.04;-1.04;9.09;-0.09;0.17;-0.29;-0.77;-0.07;-0.77
12720.0;-2.94;-1.08;9.01;-0.09;0.15;-0.29;-0.35;0.42;-0.35
12721.0;-2.89;-1.0;9.04;-0.09;0.15;-0.29;-1.12;0.91;-1.12
12722.0;-2.99;-1.11;9.04;-0.09;0.16;-0.28;0.35;-4.48;0.35
12723.0;-3.27;-1.03;9.17;-0.09;0.16;-0.28;1.47;-11.76;1.47
12724.0;-3.13;-1.02;9.2;-0.09;0.16;-0.28;1.47;6.09;1.47
12725.0;-2.84;-1.18;9.12;-0.1;0.16;-0.28;-4.06;15.82;-4.06
12726.0;-2.83;-1.09;9.03;-0.1;0.16;-0.28;-7.07;-3.22;-7.07
12727.0;-3.04;-0.67;8.89;-0.1;0.16;-0.28;1.26;-11.76;1.26
12728.0;-3.08;-1.13;8.99;-0.09;0.15;-0.29;6.72;4.06;6.72
12729.0;-2.86;-1.31;9.12;-0.09;0.15;-0.29;-1.75;-1.19;-1.75
12730.0;-3.24;-1.03;9.17;-0.09;0.15;-0.29;-1.05;-10.71;-1.05
12732.0;-2.78;-1.11;8.99;-0.1;0.16;-0.28;-5.74;6.86;-5.74
12733.0;-2.83;-0.95;8.93;-0.09;0.16;-0.29;2.87;-10.01;2.87
12734.0;-3.2;-1.01;9.01;-0.09;0.16;-0.29;3.71;-9.45;3.71
12735.0;-3.22;-1.09;9.24;-0.09;0.16;-0.29;-1.96;0.0;-1.96
12736.0;-2.96;-1.16;9.42;-0.1;0.16;-0.28;0.84;7.77;0.84
12737.0;-2.93;-1.14;8.89;-0.1;0.16;-0.28;-6.23;1.82;-6.23
12738.0;-3.0;-0.8;8.78;-0.09;0.16;-0.29;-2.31;-1.61;-2.31
12739.0;-3.06;-0.98;9.05;-0.09;0.16;-0.29;7.77;-4.76;7.77
12740.0;-3.02;-1.3;9.26;-0.09;0.16;-0.29;-0.35;-8.54;-0.35
12741.0;-3.21;-1.0;9.29;-0.09;0.16;-0.29;-2.52;2.03;-2.52
12742.0;-2.99;-1.22;8.88;-0.09;0.16;-0.29;-3.43;12.04;-3.43
12743.0;-2.78;-1.11;8.79;-0.09;0.16;-0.3;-4.06;-0.49;-4.06
12744.0;-2.97;-0.95;8.89;-0.09;0.16;-0.3;3.57;-9.59;3.57
12745.0;-3.11;-1.14;9.11;-0.09;0.16;-0.3;6.09;-5.67;6.09
12746.0;-3.09;-1.28;9.27;-0.09;0.16;-0.3;-1.12;-2.8;-1.12
12747.0;-3.09;-1.18;9.25;-0.09;0.16;-0.3;-3.64;0.35;-3.64
12748.0;-3.09;-1.01;9.04;-0.09;0.16;-0.3;-1.96;8.33;-1.96
12749.0;-2.84;-1.12;8.95;-0.09;0.17;-0.29;-2.8;5.88;-2.8
12750.0;-2.82;-1.1;9.0;-0.09;0.17;-0.29;-0.14;-6.79;-0.14
12751.0;-3.09;-1.12;9.17;-0.09;0.17;-0.29;4.76;-9.38;4.76
12752.0;-3.22;-1.07;9.25;-0.09;0.16;-0.29;-0.07;-1.47;-0.07
12753.0;-2.91;-1.04;9.21;-0.09;0.16;-0.29;-3.5;8.26;-3.5
12754.0;-2.85;-1.03;8.93;-0.09;0.16;-0.29;-2.87;3.57;-2.87
12755.0;-2.84;-1.0;8.8;-0.09;0.15;-0.29;-0.35;-5.67;-0.35
12756.0;-3.1;-1.04;8.93;-0.09;0.15;-0.29;4.48;-7.07;4.48
12757.0;-3.13;-1.19;9.3;-0.1;0.16;-0.3;0.7;-1.89;0.7
12758.0;-3.06;-1.23;9.14;-0.1;0.16;-0.3;-3.71;3.64;-3.71
12759.0;-3.04;-0.99;9.02;-0.1;0.16;-0.3;-3.22;5.32;-3.22
12760.0;-2.96;-0.98;8.84;-0.09;0.17;-0.29;-0.98;0.63;-0.98
12761.0;-2.99;-1.12;8.97;-0.09;0.17;-0.29;3.5;-8.47;3.5
12762.0;-3.08;-1.13;9.11;-0.09;0.16;-0.28;0.77;-5.11;0.77
12763.0;-3.13;-1.11;9.13;-0.09;0.16;-0.28;-2.94;4.13;-2.94
12764.0;-2.97;-1.08;9.05;-0.09;0.16;-0.28;-2.66;5.39;-2.66
12765.0;-2.91;-1.03;8.92;-0.09;0.16;-0.29;-1.54;-0.28;-1.54
12766.0;-2.96;-1.07;9.02;-0.09;0.16;-0.29;2.38;-6.3;2.38
12767.0;-3.14;-1.09;9.12;-0.08;0.17;-0.28;1.89;-5.32;1.89
12768.0;-3.13;-1.11;9.14;-0.08;0.17;-0.28;-1.89;0.7;-1.89
12769.0;-3.01;-1.12;9.08;-0.08;0.17;-0.28;-3.08;4.83;-3.08
12770.0;-2.91;-1.05;8.96;-0.09;0.17;-0.28;-2.52;4.2;-2.52
12771.0;-2.88;-1.1;8.89;-0.09;0.17;-0.28;-0.28;-3.36;-0.28
12772.0;-2.96;-1.12;8.99;-0.09;0.17;-0.28;2.8;-6.3;2.8
12773.0;-3.09;-1.07;9.25;-0.08;0.16;-0.3;0.77;-1.26;0.77
12774.0;-3.01;-1.06;9.19;-0.08;0.16;-0.3;-3.15;3.78;-3.15
12775.0;-2.95;-1.03;8.97;-0.09;0.17;-0.28;-2.66;3.5;-2.66
12776.0;-2.94;-1.0;8.97;-0.09;0.17;-0.28;-0.28;-2.1;-0.28
12777.0;-2.98;-1.02;9.06;-0.09;0.17;-0.28;1.89;-5.67;1.89
12778.0;-3.01;-1.1;9.2;-0.09;0.16;-0.3;1.96;-4.2;1.96
12779.0;-3.15;-1.13;9.24;-0.09;0.16;-0.3;-2.24;0.63;-2.24
12780.0;-3.01;-1.12;9.04;-0.09;0.16;-0.3;-3.22;4.69;-3.22
12781.0;-2.91;-1.11;9.01;-0.09;0.17;-0.27;-1.26;1.4;-1.26
12782.0;-2.92;-1.06;8.91;-0.09;0.17;-0.27;1.54;-4.69;1.54
12783.0;-3.05;-1.08;9.13;-0.09;0.16;-0.3;1.96;-4.83;1.96
12784.0;-3.11;-1.1;9.22;-0.09;0.16;-0.3;-0.98;0.0;-0.98
12785.0;-3.04;-1.15;9.15;-0.09;0.16;-0.3;-3.22;4.06;-3.22
12786.0;-2.97;-1.08;8.94;-0.09;0.15;-0.28;-1.4;2.31;-1.4
12787.0;-3.01;-1.03;9.07;-0.09;0.15;-0.28;0.56;-3.57;0.56
12788.0;-2.94;-1.06;9.03;-0.08;0.16;-0.29;2.03;-5.53;2.03
12789.0;-3.07;-1.07;9.12;-0.08;0.16;-0.29;-0.28;-0.77;-0.28
12790.0;-3.02;-1.08;9.11;-0.08;0.16;-0.29;-2.87;2.8;-2.87
12791.0;-2.94;-1.09;8.92;-0.09;0.16;-0.29;-2.1;2.94;-2.1
12792.0;-2.93;-1.02;8.95;-0.09;0.16;-0.29;0.28;-2.24;0.28
12793.0;-3.0;-1.1;9.12;-0.09;0.16;-0.29;1.75;-4.48;1.75
12794.0;-3.09;-1.08;9.11;-0.09;0.16;-0.29;0.91;-1.61;0.91
12795.0;-3.11;-1.07;9.15;-0.09;0.16;-0.29;-1.96;1.61;-1.96
12796.0;-3.02;-1.07;9.07;-0.09;0.16;-0.28;-2.73;2.24;-2.73
12797.0;-3.04;-1.08;8.96;-0.09;0.16;-0.28;-0.91;0.77;-0.91
12798.0;-2.99;-1.13;8.88;-0.09;0.16;-0.28;0.84;-2.45;0.84
12799.0;-3.01;-1.12;9.09;-0.09;0.16;-0.28;1.33;-4.41;1.33
12800.0;-3.08;-1.25;9.2;-0.09;0.16;-0.28;0.91;-2.31;0.91
12801.0;-3.05;-1.08;9.09;-0.09;0.16;-0.28;-1.4;1.26;-1.4
12802.0;-3.06;-1.14;8.95;-0.09;0.16;-0.28;-2.59;2.17;-2.59
12803.0;-2.89;-1.07;8.87;-0.09;0.16;-0.28;-0.77;1.19;-0.77
12804.0;-3.03;-1.13;8.98;-0.09;0.16;-0.28;0.77;-2.17;0.77
12805.0;-3.12;-1.14;8.99;-0.09;0.15;-0.29;0.7;-4.13;0.7
12806.0;-2.99;-1.06;9.22;-0.09;0.15;-0.29;0.28;-0.91;0.28
12807.0;-3.01;-1.05;9.05;-0.09;0.15;-0.29;-2.03;2.31;-2.03
12808.0;-2.99;-1.1;8.97;-0.09;0.17;-0.29;-1.96;1.54;-1.96
12809.0;-2.95;-1.09;8.88;-0.09;0.17;-0.29;0.56;-1.96;0.56
12810.0;-3.02;-1.04;8.95;-0.09;0.16;-0.29;1.12;-3.43;1.12
12811.0;-3.04;-1.13;9.06;-0.09;0.16;-0.29;0.35;-2.94;0.35
12812.0;-3.0;-1.08;9.11;-0.09;0.16;-0.29;-0.56;1.4;-0.56
12813.0;-3.04;-1.13;9.0;-0.09;0.17;-0.29;-2.03;2.31;-2.03
12814.0;-2.99;-1.09;9.03;-0.09;0.17;-0.29;-1.26;-0.42;-1.26
12815.0;-3.01;-1.04;9.15;-0.09;0.16;-0.29;1.12;-2.73;1.12
12816.0;-3.01;-1.08;9.06;-0.09;0.16;-0.29;0.14;-1.54;0.14
12817.0;-3.0;-1.08;9.1;-0.09;0.16;-0.29;-0.98;-0.14;-0.98
12818.0;-3.07;-1.12;8.97;-0.1;0.16;-0.3;-1.75;1.05;-1.75
12819.0;-3.0;-1.07;8.93;-0.1;0.16;-0.3;-0.63;0.84;-0.63
12820.0;-2.86;-1.11;9.04;-0.1;0.16;-0.3;0.84;-2.8;0.84
12821.0;-3.07;-1.1;9.12;-0.09;0.16;-0.3;0.28;-3.01;0.28
12822.0;-3.07;-1.16;9.09;-0.09;0.16;-0.3;-0.84;3.64;-0.84
12823.0;-3.07;-1.2;9.05;-0.1;0.16;-0.28;-2.52;1.75;-2.52
12824.0;-2.96;-0.91;8.99;-0.1;0.16;-0.28;-1.61;-4.76;-1.61
12825.0;-3.18;-0.98;9.02;-0.1;0.16;-0.28;2.31;-1.47;2.31
12826.0;-2.93;-1.17;8.98;-0.09;0.17;-0.29;-1.05;-0.63;-1.05
12827.0;-3.04;-0.95;9.07;-0.09;0.17;-0.29;-1.54;-3.01;-1.54
12828.0;-2.99;-1.03;9.07;-0.09;0.17;-0.29;0.07;5.95;0.07
12829.0;-2.88;-1.08;8.99;-0.09;0.16;-0.28;-2.31;1.89;-2.31
12830.0;-2.99;-1.03;8.96;-0.09;0.16;-0.28;-0.35;-7.28;-0.35
12831.0;-3.01;-1.17;9.02;-0.09;0.16;-0.28;3.85;-1.68;3.85
12832.0;-2.99;-1.21;9.11;-0.09;0.16;-0.29;-1.75;-1.19;-1.75
12833.0;-3.07;-1.11;9.07;-0.09;0.16;-0.29;-2.31;0.56;-2.31
12834.0;-2.97;-1.07;8.98;-0.09;0.17;-0.29;0.28;5.04;0.28
12835.0;-3.0;-1.09;8.94;-0.09;0.17;-0.29;-2.94;-3.29;-2.94
12836.0;-3.03;-0.94;9.1;-0.09;0.17;-0.29;2.03;-5.53;2.03
12837.0;-3.1;-1.18;9.17;-0.09;0.17;-0.27;2.66;-1.61;2.66
12838.0;-2.94;-1.15;9.08;-0.09;0.17;-0.27;-4.83;0.98;-4.83
12839.0;-2.99;-0.98;9.06;-0.08;0.17;-0.29;-1.47;4.06;-1.47
12840.0;-2.91;-1.2;8.91;-0.08;0.17;-0.29;-0.7;-0.07;-0.7
12841.0;-3.03;-0.97;9.05;-0.08;0.17;-0.29;0.49;-7.63;0.49
12842.0;-3.05;-1.04;9.27;-0.1;0.16;-0.31;3.5;-1.05;3.5
12843.0;-3.09;-1.23;9.07;-0.1;0.16;-0.31;-4.9;1.4;-4.9
12844.0;-3.01;-1.03;9.03;-0.1;0.18;-0.29;-2.66;0.28;-2.66
12845.0;-2.84;-1.08;8.92;-0.1;0.18;-0.29;1.61;3.29;1.61
12846.0;-2.85;-1.08;9.04;-0.1;0.18;-0.29;-1.12;-6.02;-1.12
12847.0;-3.09;-1.02;9.14;-0.09;0.17;-0.27;2.17;-5.95;2.17
12848.0;-3.14;-1.01;9.16;-0.09;0.17;-0.27;0.63;3.15;0.63
12849.0;-2.89;-1.16;8.98;-0.09;0.17;-0.28;-4.27;1.47;-4.27
12850.0;-2.91;-0.91;8.96;-0.09;0.17;-0.28;17.78;0.28;17.78
12851.0;-3.07;-1.08;8.91;-0.09;0.17;-0.28;0.56;-1.54;0.56
12852.0;-3.09;-1.06;9.13;-0.09;0.17;-0.3;-0.84;-4.34;-0.84
12853.0;-3.14;-1.03;9.18;-0.09;0.17;-0.3;1.68;-0.7;1.68
12854.0;-3.09;-1.08;9.11;-0.09;0.17;-0.3;-0.84;2.73;-0.84
12855.0;-2.92;-1.1;9.03;-0.1;0.15;-0.27;-3.22;0.77;-3.22
12856.0;-3.01;-1.06;8.88;-0.1;0.15;-0.27;17.5;-1.54;17.5
12857.0;-3.02;-0.98;9.07;-0.1;0.15;-0.27;1.05;-2.52;1.05
12858.0;-2.94;-1.2;9.14;-0.1;0.17;-0.27;-0.49;-2.31;-0.49
12859.0;-3.05;-1.03;9.13;-0.1;0.17;-0.27;-0.49;0.49;-0.49
12860.0;-2.96;-1.08;9.09;-0.09;0.17;-0.3;-2.59;2.17;-2.59
12861.0;-2.94;-0.98;8.99;-0.09;0.17;-0.3;-0.7;-1.26;-0.7
12862.0;-2.98;-1.06;9.01;-0.09;0.17;-0.3;1.54;-1.61;1.54
12864.0;-2.98;-1.14;9.09;-0.09;0.18;-0.28;-0.21;-1.4;-0.21
12865.0;-3.01;-1.03;9.05;-0.1;0.16;-0.28;-1.33;2.73;-1.33
12866.0;-2.96;-1.13;8.96;-0.1;0.16;-0.28;-1.47;1.12;-1.47
12867.0;-2.94;-1.01;9.07;-0.1;0.16;-0.28;0.84;-2.52;0.84
12868.0;-3.04;-1.19;8.94;-0.1;0.16;-0.29;0.21;-2.66;0.21
12869.0;-3.09;-1.18;9.13;-0.1;0.16;-0.29;0.0;-0.7;0.0
12870.0;-3.01;-1.07;9.1;-0.09;0.17;-0.3;-1.12;1.19;-1.12
12871.0;-2.99;-1.05;8.95;-0.09;0.17;-0.3;-1.61;0.91;-1.61
12872.0;-3.01;-1.12;9.02;-0.09;0.17;-0.3;0.35;-1.61;0.35
12873.0;-3.06;-1.06;9.03;-0.1;0.16;-0.3;0.21;-2.94;0.21
12874.0;-3.09;-1.11;9.06;-0.1;0.16;-0.3;0.21;-1.05;0.21
12875.0;-2.91;-1.07;8.99;-0.1;0.16;-0.3;-0.7;0.98;-0.7
12876.0;-3.04;-1.11;9.06;-0.09;0.17;-0.3;-2.03;-0.07;-2.03
12877.0;-2.99;-1.16;9.04;-0.09;0.17;-0.3;0.42;-0.28;0.42
12878.0;-2.93;-1.11;9.03;-0.09;0.15;-0.29;0.56;-1.96;0.56
12879.0;-2.96;-1.04;9.07;-0.09;0.15;-0.29;-0.63;-2.31;-0.63
12880.0;-3.03;-1.03;9.1;-0.09;0.15;-0.29;-0.21;0.56;-0.21
12881.0;-3.07;-1.1;8.97;-0.09;0.16;-0.29;-1.89;1.89;-1.89
12882.0;-3.01;-1.07;9.03;-0.09;0.16;-0.29;-0.42;-1.19;-0.42
12883.0;-2.9;-1.02;8.99;-0.09;0.17;-0.29;1.4;-2.59;1.4
12884.0;-3.04;-1.12;9.12;-0.09;0.17;-0.29;0.07;-3.08;0.07
12885.0;-3.01;-1.03;9.12;-0.09;0.17;-0.29;-0.84;-0.07;-0.84
12886.0;-2.99;-1.06;8.94;-0.09;0.17;-0.29;-0.7;2.31;-0.7
12887.0;-3.04;-1.05;8.97;-0.09;0.17;-0.29;-1.89;0.42;-1.89
12888.0;-3.04;-1.13;8.97;-0.09;0.17;-0.29;-0.7;-1.4;-0.7
12890.0;-3.05;-1.11;9.06;-0.09;0.16;-0.28;-0.28;-3.08;-0.28
12891.0;-2.99;-1.03;9.06;-0.09;0.16;-0.28;-0.42;0.77;-0.42
12892.0;-3.01;-1.07;9.01;-0.1;0.16;-0.3;-1.47;1.12;-1.47
12893.0;-2.96;-1.04;8.94;-0.1;0.16;-0.3;-0.7;-0.56;-0.7
12894.0;-3.04;-1.02;8.92;-0.1;0.16;-0.29;1.26;-1.89;1.26
12895.0;-2.99;-1.14;9.07;-0.1;0.16;-0.29;-0.28;-2.45;-0.28
12896.0;-3.01;-1.07;9.09;-0.1;0.16;-0.29;-0.84;0.28;-0.84
12897.0;-2.98;-1.04;9.04;-0.09;0.17;-0.28;-0.91;1.82;-0.91
12898.0;-3.0;-1.13;9.01;-0.09;0.17;-0.28;-1.26;-0.84;-1.26
12899.0;-2.95;-1.11;9.04;-0.09;0.17;-0.28;0.56;-1.26;0.56
12900.0;-3.01;-1.05;9.15;-0.09;0.16;-0.28;1.26;-2.38;1.26
12901.0;-2.96;-1.01;9.09;-0.09;0.16;-0.28;-1.05;-0.98;-1.05
12902.0;-3.05;-1.08;8.98;-0.09;0.16;-0.28;-0.49;1.96;-0.49
12903.0;-2.94;-1.05;8.99;-0.09;0.16;-0.28;-0.98;0.07;-0.98
12904.0;-3.01;-0.95;9.04;-0.09;0.16;-0.28;0.0;-2.17;0.0
12905.0;-2.98;-0.98;8.97;-0.09;0.16;-0.28;1.05;-1.47;1.05
12906.0;-3.02;-1.11;9.04;-0.09;0.16;-0.28;-0.49;-0.21;-0.49
12907.0;-3.07;-1.08;9.12;-0.09;0.17;-0.28;-0.98;-0.14;-0.98
12908.0;-2.95;-1.07;9.04;-0.09;0.17;-0.28;-0.49;0.63;-0.49
12909.0;-2.96;-1.16;9.04;-0.09;0.17;-0.28;-0.84;-0.28;-0.84
12910.0;-3.06;-1.11;8.97;-0.1;0.17;-0.28;0.56;-2.17;0.56
12911.0;-2.94;-1.07;9.13;-0.1;0.17;-0.28;0.77;-1.68;0.77
12912.0;-3.11;-1.11;9.15;-0.09;0.18;-0.29;-1.19;0.42;-1.19
12913.0;-3.03;-1.12;9.12;-0.09;0.18;-0.29;-0.84;0.07;-0.84
12914.0;-2.96;-1.04;9.1;-0.09;0.18;-0.29;-0.49;0.91;-0.49
12915.0;-2.91;-1.06;8.94;-0.09;0.16;-0.29;-0.7;-0.98;-0.7
12916.0;-2.95;-1.01;8.99;-0.09;0.16;-0.29;0.35;-2.24;0.35
12917.0;-3.04;-1.17;8.99;-0.09;0.16;-0.29;0.21;-1.75;0.21
12918.0;-2.96;-1.13;9.12;-0.09;0.16;-0.29;-0.35;-0.42;-0.35
12920.0;-2.95;-1.08;8.97;-0.09;0.16;-0.29;-0.56;0.28;-0.56
12921.0;-3.05;-1.03;8.94;-0.09;0.17;-0.28;-0.7;-0.7;-0.7
12922.0;-3.05;-0.98;9.04;-0.09;0.17;-0.28;0.21;-1.96;0.21
12923.0;-3.04;-1.08;9.05;-0.09;0.17;-0.28;0.28;-1.47;0.28
12924.0;-3.02;-1.16;9.02;-0.1;0.17;-0.28;-0.56;-0.14;-0.56
12925.0;-3.04;-1.12;9.1;-0.1;0.17;-0.28;-1.19;0.63;-1.19
12926.0;-2.95;-1.06;8.96;-0.09;0.16;-0.28;-0.7;-0.28;-0.7
12927.0;-2.97;-1.06;9.05;-0.09;0.16;-0.28;0.7;-2.31;0.7
12928.0;-3.01;-1.05;8.99;-0.09;0.16;-0.28;0.49;-2.17;0.49
12929.0;-2.99;-1.05;9.11;-0.1;0.17;-0.28;-0.42;-0.42;-0.42
12930.0;-2.91;-1.12;9.04;-0.1;0.17;-0.28;-1.05;0.7;-1.05
12931.0;-2.94;-1.06;9.08;-0.09;0.17;-0.29;-0.77;0.07;-0.77
12932.0;-3.05;-1.08;9.0;-0.09;0.17;-0.29;0.49;-1.12;0.49
12933.0;-3.08;-1.12;9.22;-0.09;0.17;-0.29;0.0;-2.1;0.0
12934.0;-3.07;-1.04;8.97;-0.1;0.16;-0.29;0.28;-1.4;0.28
12935.0;-3.03;-1.11;9.12;-0.1;0.16;-0.29;-0.77;1.05;-0.77
12936.0;-3.07;-1.02;8.98;-0.1;0.16;-0.29;-0.7;0.0;-0.7
12937.0;-2.92;-1.14;9.06;-0.09;0.17;-0.28;0.0;-0.98;0.0
12938.0;-2.97;-1.0;9.04;-0.09;0.17;-0.28;0.28;-1.4;0.28
12939.0;-3.06;-1.05;9.12;-0.09;0.17;-0.28;0.14;-1.54;0.14
12940.0;-3.01;-1.15;9.13;-0.1;0.16;-0.29;-0.49;-0.14;-0.49
12941.0;-3.04;-1.03;8.96;-0.1;0.16;-0.29;-0.77;-0.07;-0.77
12942.0;-3.03;-1.02;8.95;-0.1;0.16;-0.28;-0.35;-0.63;-0.35
12943.0;-3.03;-0.98;8.97;-0.1;0.16;-0.28;0.07;-1.05;0.07
12944.0;-3.03;-1.17;9.05;-0.1;0.16;-0.28;-0.07;-1.19;-0.07
12945.0;-3.04;-1.08;8.95;-0.1;0.16;-0.28;-0.42;-0.63;-0.42
12946.0;-2.98;-1.14;9.08;-0.1;0.16;-0.28;-0.35;-0.14;-0.35
12947.0;-3.01;-1.16;9.03;-0.1;0.16;-0.29;-0.35;-0.42;-0.35
12948.0;-2.99;-1.1;9.04;-0.1;0.16;-0.29;0.0;-1.19;0.0
12949.0;-3.01;-1.0;9.04;-0.1;0.16;-0.29;0.14;-1.19;0.14
12950.0;-2.91;-1.14;9.07;-0.09;0.17;-0.29;-0.28;-0.42;-0.28
12951.0;-3.02;-1.0;9.04;-0.09;0.17;-0.29;-0.21;-0.49;-0.21
12952.0;-3.02;-1.1;8.97;-0.09;0.17;-0.29;-0.63;0.21;-0.63
12953.0;-2.99;-1.1;9.08;-0.09;0.16;-0.29;-0.14;-0.91;-0.14
12954.0;-2.99;-1.07;9.07;-0.09;0.16;-0.29;0.0;-0.98;0.0
12955.0;-2.99;-1.06;9.05;-0.1;0.17;-0.3;-0.35;-0.42;-0.35
12956.0;-3.0;-1.02;9.04;-0.1;0.17;-0.3;-1.19;-0.77;-1.19
12957.0;-2.99;-1.15;9.0;-0.1;0.17;-0.3;-0.42;-0.07;-0.42
12958.0;-2.99;-1.15;9.04;-0.1;0.16;-0.28;-0.35;-0.56;-0.35
12959.0;-2.98;-1.12;9.04;-0.1;0.16;-0.28;-0.49;-1.12;-0.49
12960.0;-2.99;-1.18;8.97;-0.1;0.16;-0.28;0.21;-1.4;0.21
12961.0;-2.99;-1.17;9.02;-0.09;0.16;-0.29;-0.07;-0.49;-0.07
12962.0;-3.01;-1.03;9.02;-0.09;0.16;-0.29;-0.98;0.63;-0.98
12963.0;-2.99;-1.11;9.05;-0.09;0.16;-0.29;-0.63;-0.07;-0.63
12964.0;-2.95;-1.05;9.02;-0.1;0.16;-0.29;-0.56;-1.05;-0.56
12965.0;-3.05;-1.09;9.02;-0.1;0.16;-0.29;0.35;-1.26;0.35
12966.0;-3.0;-1.11;9.08;-0.09;0.15;-0.29;-0.07;-1.26;-0.07
12967.0;-3.04;-1.15;9.04;-0.09;0.15;-0.29;-0.56;17.57;-0.56
12968.0;-2.88;-1.12;9.03;-0.09;0.15;-0.29;-1.26;0.84;-1.26
12969.0;-2.92;-1.03;9.01;-0.09;0.17;-0.29;-0.35;-0.49;-0.35
12971.0;-3.11;-1.09;9.1;-0.09;0.17;-0.29;0.0;-1.96;0.0
12972.0;-3.13;-1.19;8.97;-0.09;0.17;-0.29;-1.12;0.14;-1.12
12973.0;-3.03;-1.11;9.01;-0.09;0.17;-0.29;-1.26;0.98;-1.26
12974.0;-2.9;-1.1;8.97;-0.09;0.16;-0.3;-1.19;0.14;-1.19
12975.0;-2.92;-1.07;8.86;-0.09;0.16;-0.3;0.14;-1.89;0.14
12976.0;-3.07;-1.12;8.98;-0.09;0.17;-0.3;0.49;-2.03;0.49
12977.0;-3.01;-1.13;9.04;-0.09;0.17;-0.3;-0.7;-0.28;-0.7
12978.0;-3.07;-1.06;9.12;-0.09;0.17;-0.3;-1.19;0.63;-1.19
12979.0;-2.86;-1.0;9.11;-0.09;0.17;-0.29;-0.77;1.47;-0.77
12980.0;-2.99;-1.0;8.88;-0.09;0.17;-0.29;-0.35;-1.54;-0.35
12981.0;-2.92;-1.03;8.97;-0.09;0.17;-0.29;0.63;-2.59;0.63
12982.0;-3.07;-1.1;9.04;-0.09;0.16;-0.3;0.49;-1.89;0.49
12983.0;-3.02;-1.18;8.96;-0.09;0.16;-0.3;-0.84;-0.14;-0.84
12984.0;-3.02;-1.08;9.1;-0.09;0.16;-0.3;-1.54;0.63;-1.54
12985.0;-2.94;-1.02;8.97;-0.09;0.17;-0.29;-0.7;1.47;-0.7
12986.0;-2.95;-1.05;8.95;-0.09;0.17;-0.29;-0.7;-0.98;-0.7
12987.0;-2.99;-1.07;9.02;-0.09;0.17;-0.29;0.21;-2.73;0.21
12988.0;-3.04;-1.08;9.12;-0.09;0.17;-0.29;0.84;-1.33;0.84
12989.0;-3.08;-1.13;9.11;-0.09;0.17;-0.29;-0.7;0.0;-0.7
12990.0;-2.98;-1.08;9.07;-0.09;0.16;-0.29;-1.47;1.05;-1.47
12991.0;-2.99;-1.0;9.04;-0.09;0.16;-0.29;-0.98;0.84;-0.98
12992.0;-2.99;-1.1;8.93;-0.09;0.16;-0.29;-0.42;-0.56;-0.42
12993.0;-2.97;-1.11;9.07;-0.1;0.15;-0.29;0.63;-2.1;0.63
12994.0;-3.01;-1.09;9.08;-0.1;0.15;-0.29;0.56;-1.96;0.56
12995.0;-3.04;-1.13;9.11;-0.1;0.15;-0.29;-0.84;-0.49;-0.84
12996.0;-3.07;-1.07;9.13;-0.1;0.17;-0.29;-1.75;1.05;-1.75
12997.0;-3.01;-1.08;8.98;-0.1;0.17;-0.29;-0.77;0.35;-0.77
12998.0;-2.93;-1.03;9.14;-0.1;0.15;-0.28;0.35;-2.66;0.35
12999.0;-2.99;-1.01;9.11;-0.1;0.15;-0.28;0.91;-2.1;0.91
13000.0;-3.05;-1.2;9.15;-0.1;0.15;-0.29;-0.77;-0.84;-0.77
13001.0;-3.07;-1.13;9.05;-0.1;0.16;-0.29;-1.4;1.68;-1.4
13002.0;-3.05;-0.93;9.02;-0.1;0.16;-0.29;-0.98;0.63;-0.98
13003.0;-2.99;-1.09;8.98;-0.09;0.16;-0.29;-0.21;-1.54;-0.21
13005.0;-3.0;-1.04;9.12;-0.09;0.16;-0.29;0.35;-1.54;0.35
13006.0;-2.99;-1.05;9.02;-0.09;0.15;-0.29;-1.12;0.07;-1.12
13007.0;-2.95;-1.06;9.03;-0.09;0.15;-0.29;-1.19;1.54;-1.19
13008.0;-2.98;-1.16;8.92;-0.09;0.15;-0.28;-0.49;-0.7;-0.49
13009.0;-3.0;-1.09;9.04;-0.09;0.15;-0.28;0.63;-2.66;0.63
13010.0;-3.05;-1.11;9.1;-0.09;0.15;-0.28;0.7;-2.17;0.7
13011.0;-3.06;-1.16;9.17;-0.1;0.16;-0.27;-0.35;-0.14;-0.35
13012.0;-3.09;-1.13;9.04;-0.1;0.16;-0.27;-1.75;1.4;-1.75
13013.0;-2.96;-1.03;8.94;-0.1;0.16;-0.27;-1.33;0.98;-1.33
13014.0;-2.99;-1.09;9.04;-0.1;0.16;-0.28;-0.14;-1.05;-0.14
13015.0;-2.96;-1.03;9.0;-0.1;0.16;-0.28;0.7;-2.87;0.7
13016.0;-3.04;-1.18;9.14;-0.1;0.16;-0.28;0.91;-2.66;0.91
13017.0;-3.06;-1.09;9.13;-0.1;0.16;-0.28;-0.56;-1.05;-0.56
13018.0;-2.96;-1.07;9.03;-0.1;0.17;-0.3;-1.96;1.61;-1.96
13019.0;-2.96;-1.08;9.05;-0.1;0.17;-0.3;-1.61;1.75;-1.61
13020.0;-3.01;-1.06;8.89;-0.1;0.16;-0.3;0.14;-1.54;0.14
13022.0;-3.06;-1.05;9.08;-0.1;0.16;-0.3;0.21;-1.12;0.21
13023.0;-3.04;-1.12;9.05;-0.09;0.15;-0.29;-1.19;1.54;-1.19
13024.0;-3.05;-1.05;9.1;-0.09;0.15;-0.29;-1.96;1.89;-1.96
13025.0;-2.92;-1.05;8.89;-0.09;0.15;-0.29;-0.56;-0.28;-0.56
13026.0;-2.96;-1.14;9.08;-0.09;0.16;-0.28;0.56;-2.31;0.56
13027.0;-2.95;-1.0;9.12;-0.09;0.16;-0.28;0.56;-3.43;0.56
13028.0;-2.92;-1.04;9.16;-0.09;0.16;-0.28;-0.49;-0.84;-0.49
13029.0;-3.05;-1.14;9.09;-0.09;0.17;-0.29;-1.12;1.68;-1.12
13030.0;-3.08;-1.24;9.04;-0.09;0.17;-0.29;-0.56;0.14;-0.56
13031.0;-3.01;-1.18;9.04;-0.1;0.16;-0.28;0.35;-2.1;0.35
13032.0;-3.12;-1.16;9.02;-0.1;0.16;-0.28;0.28;-2.52;0.28
13033.0;-2.89;-1.09;9.01;-0.1;0.16;-0.28;-0.14;-0.56;-0.14
13034.0;-3.04;-1.17;9.12;-0.09;0.15;-0.28;-0.7;0.77;-0.7
13035.0;-2.95;-1.02;9.02;-0.09;0.15;-0.28;-1.19;0.77;-1.19
13036.0;-3.06;-1.14;8.99;-0.09;0.15;-0.28;-0.49;-0.49;-0.49
13037.0;-2.97;-1.07;8.92;-0.09;0.15;-0.29;0.63;-2.17;0.63
13038.0;-3.12;-1.13;9.01;-0.09;0.15;-0.29;0.49;-2.8;0.49
13039.0;-3.12;-1.05;9.07;-0.09;0.15;-0.29;-0.21;-1.05;-0.21
13040.0;-3.02;-1.16;7.35;-0.09;0.16;-0.28;-1.05;1.47;-1.05
13041.0;-2.92;-1.03;9.03;-0.09;0.16;-0.28;-2.38;2.03;-2.38
13042.0;-2.95;-1.03;8.92;-0.09;0.16;-0.28;-0.56;1.12;-0.56
13043.0;-3.01;-1.0;8.94;-0.08;0.16;-0.3;0.98;-2.45;0.98
13044.0;-2.99;-1.09;9.01;-0.08;0.16;-0.3;1.19;-4.76;1.19
13045.0;-3.09;-1.07;9.15;-0.1;0.16;-0.29;0.84;-0.77;0.84
13046.0;-3.04;-1.09;9.13;-0.1;0.16;-0.29;-1.75;1.68;-1.75
13047.0;-3.01;-1.01;8.94;-0.1;0.16;-0.29;-2.59;2.45;-2.59
13048.0;-2.78;-0.98;9.08;-0.09;0.16;-0.28;-0.21;1.05;-0.21
13049.0;-2.95;-1.09;9.01;-0.09;0.16;-0.28;0.77;-3.92;0.77
13050.0;-3.07;-1.06;9.1;-0.09;0.16;-0.28;1.33;-3.71;1.33
13051.0;-3.01;-1.26;9.12;-0.09;0.16;-0.29;-0.28;-0.14;-0.28
13052.0;-3.03;-1.25;9.1;-0.09;0.16;-0.29;-2.59;2.59;-2.59
13053.0;-2.89;-1.11;8.94;-0.09;0.16;-0.28;-1.19;0.98;-1.19
13054.0;-2.81;-0.93;9.02;-0.09;0.16;-0.28;0.63;-1.82;0.63
13055.0;-2.92;-0.95;9.02;-0.09;0.16;-0.28;1.12;-3.43;1.12
13056.0;-3.05;-1.26;9.14;-0.1;0.16;-0.29;0.84;-1.89;0.84
13057.0;-3.05;-1.16;9.09;-0.1;0.16;-0.29;-1.82;1.82;-1.82
13058.0;-2.99;-1.11;9.09;-0.1;0.17;-0.3;-1.54;1.4;-1.54
13059.0;-2.93;-1.06;8.86;-0.1;0.17;-0.3;0.56;-1.19;0.56
13060.0;-2.98;-1.11;8.99;-0.1;0.17;-0.3;0.28;-3.22;0.28
13061.0;-2.99;-1.08;9.1;-0.09;0.16;-0.3;0.28;-2.94;0.28
13062.0;-3.01;-1.08;9.13;-0.09;0.16;-0.3;-0.84;0.63;-0.84
13063.0;-3.05;-1.11;9.0;-0.1;0.16;-0.29;-1.68;0.98;-1.68
13064.0;-3.01;-1.13;8.95;-0.1;0.16;-0.29;-0.35;-0.84;-0.35
13065.0;-2.96;-1.18;9.09;-0.1;0.16;-0.29;0.77;-2.38;0.77
13066.0;-3.02;-1.02;8.93;-0.1;0.16;-0.29;0.35;-2.52;0.35
13067.0;-3.06;-1.1;9.11;-0.1;0.16;-0.29;-0.28;0.63;-0.28
13068.0;-3.04;-1.11;9.07;-0.1;0.16;-0.29;-1.75;1.96;-1.75
13069.0;-2.93;-1.04;8.91;-0.09;0.17;-0.29;-1.12;-0.28;-1.12
13070.0;-3.0;-1.1;9.0;-0.09;0.17;-0.29;0.91;-2.59;0.91
13071.0;-3.01;-1.11;9.04;-0.1;0.16;-0.29;0.84;-2.45;0.84
13072.0;-3.06;-1.11;9.12;-0.1;0.16;-0.29;-0.35;-0.35;-0.35
13073.0;-2.99;-1.05;8.97;-0.1;0.16;-0.29;-1.68;1.33;-1.68
13074.0;-2.98;-1.1;9.0;-0.1;0.17;-0.3;-1.33;0.56;-1.33
13075.0;-3.0;-1.13;9.0;-0.1;0.17;-0.3;0.7;-1.75;0.7
13076.0;-3.08;-1.13;9.09;-0.1;0.15;-0.3;0.63;-2.66;0.63
13077.0;-3.1;-0.98;7.36;-0.1;0.15;-0.3;-0.84;-0.63;-0.84
13078.0;-3.05;-1.07;9.15;-0.1;0.15;-0.3;-1.4;1.75;-1.4
13079.0;-3.04;-1.25;8.95;-0.09;0.17;-0.29;-1.12;1.4;-1.12
13080.0;-2.9;-1.11;9.05;-0.09;0.17;-0.29;-0.07;-1.26;-0.07
13081.0;-2.95;-0.95;9.07;-0.09;0.17;-0.29;0.63;-3.5;0.63
13082.0;-3.11;-1.14;9.13;-0.09;0.16;-0.28;0.77;-2.59;0.77
13083.0;-3.06;-1.18;9.07;-0.09;0.16;-0.28;-0.7;0.84;-0.7
13084.0;-2.99;-1.15;9.07;-0.09;0.17;-0.29;-1.75;1.68;-1.75
13085.0;-3.0;-1.1;8.96;-0.09;0.17;-0.29;-0.63;-0.56;-0.63
13086.0;-3.02;-1.03;9.02;-0.09;0.17;-0.29;0.91;-3.08;0.91
13087.0;-2.95;-1.01;9.04;-0.09;0.16;-0.29;1.05;-2.24;1.05
13088.0;-3.08;-1.21;9.16;-0.09;0.16;-0.29;0.14;-0.49;0.14
13089.0;-3.07;-1.17;9.1;-0.09;0.16;-0.27;-1.47;1.54;-1.47
13090.0;-3.01;-1.05;9.05;-0.1;0.16;-0.27;-1.68;0.35;-1.68
13091.0;-2.93;-0.96;8.96;-0.1;0.16;-0.27;0.07;-1.33;0.07
13092.0;-2.94;-0.95;9.02;-0.09;0.16;-0.29;0.63;-3.29;0.63
13093.0;-3.12;-1.08;9.1;-0.09;0.16;-0.29;-0.07;-1.33;-0.07
13094.0;-3.21;-1.18;9.01;-0.09;0.16;-0.29;-1.12;1.54;-1.12
13095.0;-3.01;-1.06;8.99;-0.09;0.16;-0.29;-1.4;0.98;-1.4
13096.0;-2.89;-1.04;9.15;-0.09;0.16;-0.29;0.14;-1.26;0.14
13097.0;-2.9;-1.13;9.05;-0.09;0.16;-0.29;0.56;-2.94;0.56
13098.0;-2.99;-1.16;9.13;-0.09;0.16;-0.29;0.42;-2.45;0.42
13099.0;-3.04;-1.03;9.22;-0.09;0.16;-0.29;-0.91;-0.14;-0.91
13100.0;-3.18;-1.13;8.98;-0.09;0.16;-0.29;-1.33;1.54;-1.33
13101.0;-3.04;-1.19;8.97;-0.09;0.16;-0.29;-0.7;-0.35;-0.7
13102.0;-3.11;-1.01;9.06;-0.09;0.15;-0.29;0.42;-2.24;0.42
13103.0;-3.05;-1.02;9.17;-0.09;0.15;-0.29;0.42;-1.96;0.42
13104.0;-3.12;-1.1;9.09;-0.09;0.15;-0.29;-0.35;-0.84;-0.35
13105.0;-3.03;-1.08;9.1;-0.09;0.17;-0.3;-1.4;0.63;-1.4
13106.0;-3.0;-1.08;8.97;-0.09;0.17;-0.3;-0.84;0.21;-0.84
13107.0;-2.95;-1.08;9.07;-0.08;0.16;-0.28;17.78;-1.96;17.78
13108.0;-2.99;-1.08;9.02;-0.08;0.16;-0.28;0.77;-1.96;0.77
13109.0;-3.1;-1.11;9.04;-0.08;0.16;-0.28;-0.63;-1.05;-0.63
13110.0;-3.0;-1.0;9.01;-0.1;0.15;-0.28;-0.98;0.49;-0.98
13111.0;-2.96;-1.13;9.09;-0.1;0.15;-0.28;-0.63;1.12;-0.63
13112.0;-2.92;-1.06;9.04;-0.1;0.15;-0.28;-0.21;-1.26;-0.21
13113.0;-3.07;-1.08;8.98;-0.09;0.16;-0.29;0.42;-2.24;0.42
13114.0;-2.99;-1.07;9.06;-0.09;0.16;-0.29;0.0;-1.33;0.0
13115.0;-2.98;-1.08;9.1;-0.09;0.16;-0.29;-0.77;0.28;-0.77
13116.0;-2.96;-1.15;9.02;-0.09;0.16;-0.29;-1.12;0.63;-1.12
13117.0;-2.95;-1.08;9.11;-0.09;0.16;-0.29;0.07;-0.35;0.07
13118.0;-3.01;-1.05;9.05;-0.09;0.16;-0.28;0.28;-2.1;0.28
13119.0;-2.94;-1.14;9.09;-0.09;0.16;-0.28;0.49;-1.54;0.49
13120.0;-2.99;-1.12;9.14;-0.09;0.16;-0.28;-0.35;-0.28;-0.35
13121.0;-3.0;-1.09;9.09;-0.09;0.16;-0.29;-1.26;0.14;-1.26
13122.0;-3.09;-1.1;9.08;-0.09;0.16;-0.29;-0.49;-0.21;-0.49
13123.0;-2.99;-1.05;8.95;-0.09;0.16;-0.3;0.07;-1.47;0.07
13124.0;-3.05;-1.06;9.13;-0.09;0.16;-0.3;0.0;-1.12;0.0
13125.0;-2.99;-1.01;9.09;-0.09;0.16;-0.3;-0.49;-0.84;-0.49
13126.0;-3.04;-1.07;9.08;-0.1;0.16;-0.31;-0.77;0.49;-0.77
13127.0;-3.01;-1.06;9.08;-0.1;0.16;-0.31;-0.56;-0.42;-0.56
13128.0;-3.07;-1.14;8.97;-0.1;0.16;-0.31;0.28;-1.47;0.28
13129.0;-3.06;-1.13;9.07;-0.1;0.16;-0.3;0.42;-2.24;0.42
13130.0;-3.03;-1.08;9.16;-0.1;0.16;-0.3;-0.49;-0.7;-0.49
13131.0;-3.04;-1.04;9.11;-0.09;0.16;-0.3;-1.19;1.19;-1.19
13132.0;-2.9;-1.0;9.02;-0.09;0.16;-0.3;-1.12;0.7;-1.12
13133.0;-3.01;-1.07;9.06;-0.09;0.16;-0.3;-0.35;-1.33;-0.35
13134.0;-2.96;-1.15;8.99;-0.1;0.16;-0.3;0.07;-2.1;0.07
13135.0;-3.02;-1.08;9.12;-0.1;0.16;-0.3;0.0;-1.47;0.0
13136.0;-3.09;-1.16;9.09;-0.1;0.16;-0.29;-0.7;-0.28;-0.7
13137.0;-3.07;-1.11;9.02;-0.09;0.16;-0.29;-0.84;1.26;-0.84
13138.0;-2.93;-1.08;9.1;-0.09;0.16;-0.29;-0.42;-0.42;-0.42
13139.0;-2.91;-0.97;9.04;-0.1;0.17;-0.28;0.21;-1.61;0.21
13140.0;-3.07;-1.08;9.04;-0.1;0.17;-0.28;0.56;-1.68;0.56
13141.0;-2.96;-1.03;9.11;-0.1;0.17;-0.28;-0.14;-0.21;-0.14
13142.0;-3.11;-1.1;8.99;-0.09;0.16;-0.28;-0.77;-1.47;-0.77
13143.0;-3.04;-1.05;9.16;-0.09;0.16;-0.28;-0.35;-1.75;-0.35
13144.0;-3.04;-1.07;9.19;-0.09;0.16;-0.28;-0.49;1.96;-0.49
13145.0;-2.85;-1.04;9.12;-0.1;0.16;-0.3;-1.96;4.41;-1.96
13146.0;-2.85;-1.13;8.91;-0.1;0.16;-0.3;-2.59;0.42;-2.59
13147.0;-2.85;-0.9;8.99;-0.1;0.16;-0.3;0.91;-5.18;0.91
13148.0;-3.07;-1.24;9.04;-0.09;0.16;-0.28;3.08;-6.44;3.08
13149.0;-3.09;-1.2;9.2;-0.09;0.16;-0.28;0.91;-2.31;0.91
13150.0;-3.16;-1.23;9.25;-0.09;0.16;-0.28;-1.61;2.52;-1.61
13151.0;-2.96;-1.03;9.01;-0.09;0.16;-0.29;-3.5;5.04;-3.5
13152.0;-2.86;-1.04;8.92;-0.09;0.16;-0.29;-3.08;3.78;-3.08
13153.0;-2.93;-0.95;8.94;-0.09;0.16;-0.29;17.5;-2.03;17.5
13154.0;-2.94;-1.08;9.05;-0.09;0.16;-0.28;2.8;-6.44;2.8
13155.0;-3.07;-1.18;9.18;-0.09;0.16;-0.28;2.31;-6.93;2.31
13156.0;-3.05;-1.06;9.2;-0.09;0.16;-0.28;-0.63;-1.47;-0.63
13157.0;-3.1;-1.11;9.12;-0.09;0.16;-0.29;-2.59;4.41;-2.59
13158.0;-2.91;-1.07;9.1;-0.09;0.16;-0.29;-3.29;6.3;-3.29
13159.0;-2.91;-1.05;8.92;-0.09;0.16;-0.29;-2.52;0.98;-2.52
13160.0;-2.91;-1.0;8.93;-0.09;0.16;-0.29;2.17;-6.51;2.17
13161.0;-2.99;-1.03;9.28;-0.09;0.16;-0.29;2.8;-5.39;2.8
13162.0;-3.04;-1.11;9.22;-0.09;0.15;-0.29;-0.63;-0.28;-0.63
13163.0;-2.93;-1.11;9.1;-0.09;0.15;-0.29;-3.36;5.39;-3.36
13164.0;-2.91;-1.11;8.9;-0.09;0.15;-0.29;-2.87;4.06;-2.87
13165.0;-2.99;-1.15;8.94;-0.11;0.16;-0.29;0.91;-5.18;0.91
13166.0;-3.06;-1.23;9.13;-0.11;0.16;-0.29;3.57;-7.84;3.57
13167.0;-3.06;-1.05;9.22;-0.11;0.16;-0.29;0.77;-1.68;0.77
13168.0;-3.08;-1.07;9.24;-0.09;0.17;-0.29;-2.94;4.48;-2.94
13169.0;-2.91;-1.11;8.9;-0.09;0.17;-0.29;-2.87;4.9;-2.87
13170.0;-2.89;-1.05;8.88;-0.1;0.16;-0.29;-0.21;-3.22;-0.21
13171.0;-2.99;-1.02;9.08;-0.1;0.16;-0.29;3.43;-6.79;3.43
13172.0;-3.04;-1.03;9.23;-0.1;0.16;-0.29;0.98;-1.68;0.98
13173.0;-3.09;-1.08;9.2;-0.1;0.16;-0.29;-3.5;4.06;-3.5
13175.0;-2.81;-1.0;8.74;-0.09;0.16;-0.3;-0.49;-0.7;-0.49
13176.0;-2.87;-0.94;9.02;-0.09;0.16;-0.3;2.8;-7.91;2.8
13177.0;-3.13;-1.13;9.29;-0.09;0.16;-0.3;2.87;-7.91;2.87
13178.0;-3.28;-1.33;9.25;-0.09;0.16;-0.3;-2.1;0.7;-2.1
13179.0;-2.99;-1.1;9.06;-0.09;0.16;-0.3;-4.06;12.32;-4.06
13180.0;-2.76;-0.97;8.79;-0.09;0.16;-0.3;-3.92;3.85;-3.92
13181.0;-2.91;-0.8;8.85;-0.09;0.16;-0.3;2.59;-12.95;2.59
13182.0;-3.06;-1.09;9.12;-0.09;0.16;-0.3;5.67;-1.96;5.67
13183.0;-3.11;-1.41;9.31;-0.1;0.16;-0.29;-1.68;-0.49;-1.68
13184.0;-3.25;-1.04;9.14;-0.1;0.16;-0.29;-4.41;-1.12;-4.41
13185.0;-3.06;-1.01;8.94;-0.1;0.16;-0.3;-0.84;12.88;-0.84
13186.0;-2.75;-1.16;8.79;-0.1;0.16;-0.3;-2.66;-1.75;-2.66
13187.0;-3.04;-0.95;9.03;-0.1;0.16;-0.3;3.64;-16.31;3.64
13188.0;-3.24;-1.1;9.22;-0.1;0.16;-0.3;4.41;-1.68;4.41
13189.0;-2.98;-1.23;9.31;-0.1;0.16;-0.3;-4.62;5.81;-4.62
13190.0;-3.01;-1.11;9.0;-0.1;0.16;-0.3;-3.78;3.85;-3.78
13192.0;-2.94;-1.11;8.87;-0.09;0.16;-0.3;-0.84;-4.55;-0.84
13194.0;-3.15;-1.23;9.18;-0.09;0.17;-0.29;1.05;-0.91;1.05
13195.0;-3.04;-1.06;9.1;-0.09;0.17;-0.29;-7.07;4.48;-7.07
13197.0;-2.87;-1.16;8.83;-0.1;0.17;-0.29;1.75;-1.26;1.75
13198.0;-2.94;-0.93;9.25;-0.1;0.17;-0.28;0.7;-10.64;0.7
13199.0;-3.17;-0.97;9.19;-0.09;0.16;-0.28;2.52;-1.19;2.52
13200.0;-3.04;-1.25;9.1;-0.09;0.16;-0.28;-3.85;5.25;-3.85
13201.0;-3.05;-1.11;8.97;-0.1;0.15;-0.29;-4.55;1.12;-4.55
13202.0;-2.86;-0.97;8.86;-0.1;0.15;-0.29;2.73;0.42;2.73
13203.0;-2.91;-1.09;9.0;-0.1;0.15;-0.29;0.91;-7.07;0.91
13204.0;-3.07;-1.03;9.25;-0.1;0.15;-0.29;0.77;-6.02;0.77
13205.0;-3.18;-1.04;9.18;-0.1;0.15;-0.29;-1.4;5.39;-1.4
13206.0;-2.98;-1.19;8.89;-0.09;0.16;-0.3;-4.69;5.6;-4.69
13207.0;-2.76;-0.92;8.97;-0.09;0.16;-0.3;-0.42;-0.98;-0.42
13208.0;-2.93;-1.03;8.97;-0.09;0.16;-0.3;2.17;-4.76;2.17
13209.0;-2.9;-1.18;9.2;-0.09;0.15;-0.29;0.56;-4.76;0.56
13210.0;-3.22;-1.09;9.26;-0.09;0.15;-0.29;0.77;-1.26;0.77
13224.0;-3.08;-1.14;9.19;-0.09;0.16;-0.3;-3.71;7.42;-3.71
13225.0;-2.91;-1.18;9.09;-0.09;0.16;-0.3;-5.32;10.71;-5.32
13226.0;-2.76;-0.9;8.87;-0.09;0.16;-0.3;-2.94;2.8;-2.94
13227.0;-2.89;-1.04;8.88;-0.09;0.16;-0.3;3.29;-7.63;3.29
13228.0;-3.16;-1.12;9.16;-0.09;0.16;-0.31;3.29;-10.15;3.29
13229.0;-3.29;-1.25;9.25;-0.1;0.16;-0.31;-0.7;0.42;-0.7
13230.0;-3.05;-1.13;9.17;-0.1;0.16;-0.31;-3.99;9.17;-3.99
13231.0;-2.81;-1.07;8.83;-0.08;0.16;-0.3;-3.92;5.53;-3.92
13232.0;-2.78;-0.91;8.76;-0.08;0.16;-0.3;1.05;-4.9;1.05
13233.0;-2.99;-0.98;8.97;-0.08;0.16;-0.3;4.27;-10.71;4.27
13234.0;-3.09;-1.08;9.22;-0.08;0.16;-0.29;1.89;-5.25;1.89
13235.0;-3.17;-1.14;9.29;-0.08;0.16;-0.29;-2.73;5.67;-2.73
13236.0;-2.91;-1.18;8.92;-0.09;0.15;-0.29;-4.41;7.56;-4.41
13237.0;-2.84;-1.05;8.84;-0.09;0.15;-0.29;-0.84;-0.77;-0.84
13238.0;-2.94;-1.21;8.96;-0.09;0.15;-0.29;5.04;-6.93;5.04
